1,0
2,0
3,0
4,0
5,395
6,395
7,395
8,395
9,395
10,396
11,396
12,396
13,396
14,396
15,392
16,392
17,392
18,392
19,392
20,390
21,390
22,390
23,390
24,390
25,392
26,392
27,392
28,392
29,392
30,390
31,390
32,390
33,390
34,390
35,386
36,386
37,386
38,386
39,386
40,388
41,388
42,388
43,388
44,388
45,387
46,387
47,387
48,387
49,387
50,382
51,382
52,382
53,382
54,382
55,383
56,383
57,383
58,383
59,383
60,384
61,384
62,384
63,384
64,384
65,380
66,380
67,380
68,380
69,380
70,378
71,378
72,378
73,378
74,378
75,380
76,380
77,380
78,380
79,380
80,378
81,378
82,378
83,378
84,378
85,374
86,374
87,374
88,374
89,374
90,376
91,376
92,376
93,376
94,376
95,376
96,376
97,376
98,376
99,376
100,372
101,372
102,372
103,372
104,372
105,372
106,372
107,372
108,372
109,372
110,374
111,374
112,374
113,374
114,374
115,370
116,370
117,370
118,370
119,370
120,368
121,368
122,368
123,368
124,368
125,370
126,370
127,370
128,370
129,370
130,368
131,368
132,368
133,368
134,368
135,364
136,364
137,364
138,364
139,364
140,366
141,366
142,366
143,366
144,366
145,366
146,366
147,366
148,366
149,366
150,361
151,361
152,361
153,361
154,361
155,362
156,362
157,362
158,362
159,362
160,363
161,363
162,363
163,363
164,363
165,359
166,359
167,359
168,359
169,359
170,358
171,358
172,358
173,358
174,358
175,360
176,360
177,360
178,360
179,360
180,358
181,358
182,358
183,358
184,358
185,354
186,354
187,354
188,354
189,354
190,356
191,356
192,356
193,356
194,356
195,356
196,356
197,356
198,356
199,356
200,352
201,352
202,352
203,352
204,352
205,352
206,352
207,352
208,352
209,352
210,354
211,354
212,354
213,354
214,354
215,350
216,350
217,350
218,350
219,350
220,348
221,348
222,348
223,348
224,348
225,350
226,350
227,350
228,350
229,350
230,348
231,348
232,348
233,348
234,348
235,344
236,344
237,344
238,344
239,344
240,347
241,347
242,347
243,347
244,347
245,346
246,346
247,346
248,346
249,346
250,342
251,342
252,342
253,342
254,342
255,342
256,342
257,342
258,342
259,342
260,344
261,344
262,344
263,344
264,344
265,340
266,340
267,340
268,340
269,340
270,338
271,338
272,338
273,338
274,338
275,341
276,341
277,341
278,341
279,341
280,339
281,339
282,339
283,339
284,339
285,335
286,335
287,335
288,335
289,335
290,337
291,337
292,337
293,337
294,337
295,337
296,337
297,337
298,337
299,337
300,333
301,333
302,333
303,333
304,333
305,333
306,333
307,333
308,333
309,333
310,335
311,335
312,335
313,335
314,335
315,331
316,331
317,331
318,331
319,331
320,329
321,329
322,329
323,329
324,329
325,332
326,332
327,332
328,332
329,332
330,329
331,329
332,329
333,329
334,329
335,326
336,326
337,326
338,326
339,326
340,328
341,328
342,328
343,328
344,328
345,328
346,328
347,328
348,328
349,328
350,323
351,323
352,323
353,323
354,323
355,324
356,324
357,324
358,324
359,324
360,325
361,325
362,325
363,325
364,325
365,322
366,322
367,322
368,322
369,322
370,320
371,320
372,320
373,320
374,320
375,322
376,322
377,322
378,322
379,322
380,320
381,320
382,320
383,320
384,320
385,317
386,317
387,317
388,317
389,317
390,319
391,319
392,319
393,319
394,319
395,319
396,319
397,319
398,319
399,319
400,315
401,315
402,315
403,315
404,315
405,315
406,315
407,315
408,315
409,315
410,317
411,317
412,317
413,317
414,317
415,313
416,313
417,313
418,313
419,313
420,312
421,312
422,312
423,312
424,312
425,314
426,314
427,314
428,314
429,314
430,312
431,312
432,312
433,312
434,312
435,309
436,309
437,309
438,309
439,309
440,311
441,311
442,311
443,311
444,311
445,311
446,311
447,311
448,311
449,311
450,307
451,307
452,307
453,307
454,307
455,308
456,308
457,308
458,308
459,308
460,309
461,309
462,309
463,309
464,309
465,306
466,306
467,306
468,306
469,306
470,304
471,304
472,304
473,304
474,304
475,307
476,307
477,307
478,307
479,307
480,305
481,305
482,305
483,305
484,305
485,300
486,300
487,300
488,300
489,300
490,303
491,303
492,303
493,303
494,303
495,303
496,303
497,303
498,303
499,303
500,299
501,299
502,299
503,299
504,299
505,299
506,299
507,299
508,299
509,299
510,301
511,301
512,301
513,301
514,301
515,298
516,298
517,298
518,298
519,298
520,296
521,296
522,296
523,296
524,296
525,299
526,299
527,299
528,299
529,299
530,297
531,297
532,297
533,297
534,297
535,293
536,293
537,293
538,293
539,293
540,296
541,296
542,296
543,296
544,296
545,296
546,296
547,296
548,296
549,296
550,291
551,291
552,291
553,291
554,291
555,292
556,292
557,292
558,292
559,292
560,294
561,294
562,294
563,294
564,294
565,290
566,290
567,290
568,290
569,290
570,288
571,288
572,288
573,288
574,288
575,291
576,291
577,291
578,291
579,291
580,289
581,289
582,289
583,289
584,289
585,285
586,285
587,285
588,285
589,285
590,288
591,288
592,288
593,288
594,288
595,288
596,288
597,288
598,288
599,288
600,283
601,283
602,283
603,283
604,283
605,284
606,284
607,284
608,284
609,284
610,286
611,286
612,286
613,286
614,286
615,283
616,283
617,283
618,283
619,283
620,281
621,281
622,281
623,281
624,281
625,284
626,284
627,284
628,284
629,284
630,282
631,282
632,282
633,282
634,282
635,278
636,278
637,278
638,278
639,278
640,281
641,281
642,281
643,281
644,281
645,281
646,281
647,281
648,281
649,281
650,277
651,277
652,277
653,277
654,277
655,277
656,277
657,277
658,277
659,277
660,279
661,279
662,279
663,279
664,279
665,275
666,275
667,275
668,275
669,275
670,274
671,274
672,274
673,274
674,274
675,277
676,277
677,277
678,277
679,277
680,275
681,275
682,275
683,275
684,275
685,271
686,271
687,271
688,271
689,271
690,274
691,274
692,274
693,274
694,274
695,274
696,274
697,274
698,274
699,274
700,270
701,270
702,270
703,270
704,270
705,270
706,270
707,270
708,270
709,270
710,272
711,272
712,272
713,272
714,272
715,269
716,269
717,269
718,269
719,269
720,267
721,267
722,267
723,267
724,267
725,270
726,270
727,270
728,270
729,270
730,269
731,269
732,269
733,269
734,269
735,265
736,265
737,265
738,265
739,265
740,268
741,268
742,268
743,268
744,268
745,268
746,268
747,268
748,268
749,268
750,263
751,263
752,263
753,263
754,263
755,265
756,265
757,265
758,265
759,265
760,266
761,266
762,266
763,266
764,266
765,263
766,263
767,263
768,263
769,263
770,261
771,261
772,261
773,261
774,261
775,264
776,264
777,264
778,264
779,264
780,263
781,263
782,263
783,263
784,263
785,259
786,259
787,259
788,259
789,259
790,261
791,261
792,261
793,261
794,261
795,261
796,261
797,261
798,261
799,261
800,257
801,257
802,257
803,257
804,257
805,257
806,257
807,257
808,257
809,257
810,259
811,259
812,259
813,259
814,259
815,256
816,256
817,256
818,256
819,256
820,254
821,254
822,254
823,254
824,254
825,258
826,258
827,258
828,258
829,258
830,256
831,256
832,256
833,256
834,256
835,252
836,252
837,252
838,252
839,252
840,255
841,255
842,255
843,255
844,255
845,256
846,256
847,256
848,256
849,256
850,251
851,251
852,251
853,251
854,251
855,252
856,252
857,252
858,252
859,252
860,255
861,255
862,255
863,255
864,255
865,251
866,251
867,251
868,251
869,251
870,249
871,249
872,249
873,249
874,249
875,252
876,252
877,252
878,252
879,252
880,251
881,251
882,251
883,251
884,251
885,247
886,247
887,247
888,247
889,247
890,249
891,249
892,249
893,249
894,249
895,249
896,249
897,249
898,249
899,249
900,245
901,245
902,245
903,245
904,245
905,246
906,246
907,246
908,246
909,246
910,248
911,248
912,248
913,248
914,248
915,245
916,245
917,245
918,245
919,245
920,243
921,243
922,243
923,243
924,243
925,246
926,246
927,246
928,246
929,246
930,245
931,245
932,245
933,245
934,245
935,241
936,241
937,241
938,241
939,241
940,244
941,244
942,244
943,244
944,244
945,244
946,244
947,244
948,244
949,244
950,240
951,240
952,240
953,240
954,240
955,241
956,241
957,241
958,241
959,241
960,243
961,243
962,243
963,243
964,243
965,240
966,240
967,240
968,240
969,240
970,238
971,238
972,238
973,238
974,238
975,242
976,242
977,242
978,242
979,242
980,241
981,241
982,241
983,241
984,241
985,237
986,237
987,237
988,237
989,237
990,240
991,240
992,240
993,240
994,240
995,240
996,240
997,240
998,240
999,240
1000,236
1001,236
1002,236
1003,236
1004,236
1005,237
1006,237
1007,237
1008,237
1009,237
1010,239
1011,239
1012,239
1013,239
1014,239
1015,236
1016,236
1017,236
1018,236
1019,236
1020,234
1021,234
1022,234
1023,234
1024,234
1025,237
1026,237
1027,237
1028,237
1029,237
1030,236
1031,236
1032,236
1033,236
1034,236
1035,232
1036,232
1037,232
1038,232
1039,232
1040,235
1041,235
1042,235
1043,235
1044,235
1045,235
1046,235
1047,235
1048,235
1049,235
1050,231
1051,231
1052,231
1053,231
1054,231
1055,232
1056,232
1057,232
1058,232
1059,232
1060,234
1061,234
1062,234
1063,234
1064,234
1065,231
1066,231
1067,231
1068,231
1069,231
1070,229
1071,229
1072,229
1073,229
1074,229
1075,233
1076,233
1077,233
1078,233
1079,233
1080,232
1081,232
1082,232
1083,232
1084,232
1085,228
1086,228
1087,228
1088,228
1089,228
1090,231
1091,231
1092,231
1093,231
1094,231
1095,231
1096,231
1097,231
1098,231
1099,231
1100,227
1101,227
1102,227
1103,227
1104,227
1105,228
1106,228
1107,228
1108,228
1109,228
1110,230
1111,230
1112,230
1113,230
1114,230
1115,227
1116,227
1117,227
1118,227
1119,227
1120,225
1121,225
1122,225
1123,225
1124,225
1125,228
1126,228
1127,228
1128,228
1129,228
1130,227
1131,227
1132,227
1133,227
1134,227
1135,223
1136,223
1137,223
1138,223
1139,223
1140,226
1141,226
1142,226
1143,226
1144,226
1145,226
1146,226
1147,226
1148,226
1149,226
1150,222
1151,222
1152,222
1153,222
1154,222
1155,223
1156,223
1157,223
1158,223
1159,223
1160,225
1161,225
1162,225
1163,225
1164,225
1165,222
1166,222
1167,222
1168,222
1169,222
1170,220
1171,220
1172,220
1173,220
1174,220
1175,223
1176,223
1177,223
1178,223
1179,223
1180,222
1181,222
1182,222
1183,222
1184,222
1185,219
1186,219
1187,219
1188,219
1189,219
1190,222
1191,222
1192,222
1193,222
1194,222
1195,221
1196,221
1197,221
1198,221
1199,221
1200,218
1201,218
1202,218
1203,218
1204,218
1205,218
1206,218
1207,218
1208,218
1209,218
1210,220
1211,220
1212,220
1213,220
1214,220
1215,217
1216,217
1217,217
1218,217
1219,217
1220,215
1221,215
1222,215
1223,215
1224,215
1225,219
1226,219
1227,219
1228,219
1229,219
1230,217
1231,217
1232,217
1233,217
1234,217
1235,214
1236,214
1237,214
1238,214
1239,214
1240,217
1241,217
1242,217
1243,217
1244,217
1245,218
1246,218
1247,218
1248,218
1249,218
1250,213
1251,213
1252,213
1253,213
1254,213
1255,215
1256,215
1257,215
1258,215
1259,215
1260,217
1261,217
1262,217
1263,217
1264,217
1265,214
1266,214
1267,214
1268,214
1269,214
1270,212
1271,212
1272,212
1273,212
1274,212
1275,215
1276,215
1277,215
1278,215
1279,215
1280,214
1281,214
1282,214
1283,214
1284,214
1285,210
1286,210
1287,210
1288,210
1289,210
1290,213
1291,213
1292,213
1293,213
1294,213
1295,214
1296,214
1297,214
1298,214
1299,214
1300,210
1301,210
1302,210
1303,210
1304,210
1305,211
1306,211
1307,211
1308,211
1309,211
1310,214
1311,214
1312,214
1313,214
1314,214
1315,210
1316,210
1317,210
1318,210
1319,210
1320,208
1321,208
1322,208
1323,208
1324,208
1325,212
1326,212
1327,212
1328,212
1329,212
1330,210
1331,210
1332,210
1333,210
1334,210
1335,207
1336,207
1337,207
1338,207
1339,207
1340,210
1341,210
1342,210
1343,210
1344,210
1345,210
1346,210
1347,210
1348,210
1349,210
1350,206
1351,206
1352,206
1353,206
1354,206
1355,207
1356,207
1357,207
1358,207
1359,207
1360,210
1361,210
1362,210
1363,210
1364,210
1365,206
1366,206
1367,206
1368,206
1369,206
1370,205
1371,205
1372,205
1373,205
1374,205
1375,208
1376,208
1377,208
1378,208
1379,208
1380,207
1381,207
1382,207
1383,207
1384,207
1385,203
1386,203
1387,203
1388,203
1389,203
1390,207
1391,207
1392,207
1393,207
1394,207
1395,207
1396,207
1397,207
1398,207
1399,207
1400,203
1401,203
1402,203
1403,203
1404,203
1405,204
1406,204
1407,204
1408,204
1409,204
1410,207
1411,207
1412,207
1413,207
1414,207
1415,203
1416,203
1417,203
1418,203
1419,203
1420,202
1421,202
1422,202
1423,202
1424,202
1425,205
1426,205
1427,205
1428,205
1429,205
1430,204
1431,204
1432,204
1433,204
1434,204
1435,200
1436,200
1437,200
1438,200
1439,200
1440,203
1441,203
1442,203
1443,203
1444,203
1445,203
1446,203
1447,203
1448,203
1449,203
1450,199
1451,199
1452,199
1453,199
1454,199
1455,201
1456,201
1457,201
1458,201
1459,201
1460,203
1461,203
1462,203
1463,203
1464,203
1465,200
1466,200
1467,200
1468,200
1469,200
1470,198
1471,198
1472,198
1473,198
1474,198
1475,202
1476,202
1477,202
1478,202
1479,202
1480,200
1481,200
1482,200
1483,200
1484,200
1485,197
1486,197
1487,197
1488,197
1489,197
1490,200
1491,200
1492,200
1493,200
1494,200
1495,200
1496,200
1497,200
1498,200
1499,200
1500,197
1501,197
1502,197
1503,197
1504,197
1505,198
1506,198
1507,198
1508,198
1509,198
1510,201
1511,201
1512,201
1513,201
1514,201
1515,198
1516,198
1517,198
1518,198
1519,198
1520,196
1521,196
1522,196
1523,196
1524,196
1525,200
1526,200
1527,200
1528,200
1529,200
1530,199
1531,199
1532,199
1533,199
1534,199
1535,195
1536,195
1537,195
1538,195
1539,195
1540,198
1541,198
1542,198
1543,198
1544,198
1545,199
1546,199
1547,199
1548,199
1549,199
1550,195
1551,195
1552,195
1553,195
1554,195
1555,196
1556,196
1557,196
1558,196
1559,196
1560,199
1561,199
1562,199
1563,199
1564,199
1565,196
1566,196
1567,196
1568,196
1569,196
1570,194
1571,194
1572,194
1573,194
1574,194
1575,198
1576,198
1577,198
1578,198
1579,198
1580,197
1581,197
1582,197
1583,197
1584,197
1585,193
1586,193
1587,193
1588,193
1589,193
1590,196
1591,196
1592,196
1593,196
1594,196
1595,196
1596,196
1597,196
1598,196
1599,196
1600,193
1601,193
1602,193
1603,193
1604,193
1605,194
1606,194
1607,194
1608,194
1609,194
1610,197
1611,197
1612,197
1613,197
1614,197
1615,193
1616,193
1617,193
1618,193
1619,193
1620,192
1621,192
1622,192
1623,192
1624,192
1625,195
1626,195
1627,195
1628,195
1629,195
1630,194
1631,194
1632,194
1633,194
1634,194
1635,190
1636,190
1637,190
1638,190
1639,190
1640,193
1641,193
1642,193
1643,193
1644,193
1645,194
1646,194
1647,194
1648,194
1649,194
1650,190
1651,190
1652,190
1653,190
1654,190
1655,191
1656,191
1657,191
1658,191
1659,191
1660,194
1661,194
1662,194
1663,194
1664,194
1665,191
1666,191
1667,191
1668,191
1669,191
1670,189
1671,189
1672,189
1673,189
1674,189
1675,193
1676,193
1677,193
1678,193
1679,193
1680,191
1681,191
1682,191
1683,191
1684,191
1685,188
1686,188
1687,188
1688,188
1689,188
1690,191
1691,191
1692,191
1693,191
1694,191
1695,192
1696,192
1697,192
1698,192
1699,192
1700,188
1701,188
1702,188
1703,188
1704,188
1705,189
1706,189
1707,189
1708,189
1709,189
1710,192
1711,192
1712,192
1713,192
1714,192
1715,189
1716,189
1717,189
1718,189
1719,189
1720,187
1721,187
1722,187
1723,187
1724,187
1725,190
1726,190
1727,190
1728,190
1729,190
1730,189
1731,189
1732,189
1733,189
1734,189
1735,185
1736,185
1737,185
1738,185
1739,185
1740,188
1741,188
1742,188
1743,188
1744,188
1745,188
1746,188
1747,188
1748,188
1749,188
1750,184
1751,184
1752,184
1753,184
1754,184
1755,186
1756,186
1757,186
1758,186
1759,186
1760,188
1761,188
1762,188
1763,188
1764,188
1765,185
1766,185
1767,185
1768,185
1769,185
1770,184
1771,184
1772,184
1773,184
1774,184
1775,187
1776,187
1777,187
1778,187
1779,187
1780,186
1781,186
1782,186
1783,186
1784,186
1785,182
1786,182
1787,182
1788,182
1789,182
1790,185
1791,185
1792,185
1793,185
1794,185
1795,186
1796,186
1797,186
1798,186
1799,186
1800,182
1801,182
1802,182
1803,182
1804,182
1805,183
1806,183
1807,183
1808,183
1809,183
1810,186
1811,186
1812,186
1813,186
1814,186
1815,183
1816,183
1817,183
1818,183
1819,183
1820,182
1821,182
1822,182
1823,182
1824,182
1825,185
1826,185
1827,185
1828,185
1829,185
1830,184
1831,184
1832,184
1833,184
1834,184
1835,181
1836,181
1837,181
1838,181
1839,181
1840,183
1841,183
1842,183
1843,183
1844,183
1845,185
1846,185
1847,185
1848,185
1849,185
1850,181
1851,181
1852,181
1853,181
1854,181
1855,182
1856,182
1857,182
1858,182
1859,182
1860,184
1861,184
1862,184
1863,184
1864,184
1865,182
1866,182
1867,182
1868,182
1869,182
1870,180
1871,180
1872,180
1873,180
1874,180
1875,184
1876,184
1877,184
1878,184
1879,184
1880,182
1881,182
1882,182
1883,182
1884,182
1885,179
1886,179
1887,179
1888,179
1889,179
1890,182
1891,182
1892,182
1893,182
1894,182
1895,183
1896,183
1897,183
1898,183
1899,183
1900,179
1901,179
1902,179
1903,179
1904,179
1905,180
1906,180
1907,180
1908,180
1909,180
1910,182
1911,182
1912,182
1913,182
1914,182
1915,179
1916,179
1917,179
1918,179
1919,179
1920,178
1921,178
1922,178
1923,178
1924,178
1925,181
1926,181
1927,181
1928,181
1929,181
1930,180
1931,180
1932,180
1933,180
1934,180
1935,177
1936,177
1937,177
1938,177
1939,177
1940,180
1941,180
1942,180
1943,180
1944,180
1945,181
1946,181
1947,181
1948,181
1949,181
1950,177
1951,177
1952,177
1953,177
1954,177
1955,178
1956,178
1957,178
1958,178
1959,178
1960,180
1961,180
1962,180
1963,180
1964,180
1965,177
1966,177
1967,177
1968,177
1969,177
1970,176
1971,176
1972,176
1973,176
1974,176
1975,180
1976,180
1977,180
1978,180
1979,180
1980,179
1981,179
1982,179
1983,179
1984,179
1985,175
1986,175
1987,175
1988,175
1989,175
1990,178
1991,178
1992,178
1993,178
1994,178
1995,179
1996,179
1997,179
1998,179
1999,179
2000,175
2001,175
2002,175
2003,175
2004,175
2005,176
2006,176
2007,176
2008,176
2009,176
2010,180
2011,180
2012,180
2013,180
2014,180
2015,176
2016,176
2017,176
2018,176
2019,176
2020,176
2021,176
2022,176
2023,176
2024,176
2025,179
2026,179
2027,179
2028,179
2029,179
2030,178
2031,178
2032,178
2033,178
2034,178
2035,175
2036,175
2037,175
2038,175
2039,175
2040,177
2041,177
2042,177
2043,177
2044,177
2045,178
2046,178
2047,178
2048,178
2049,178
2050,174
2051,174
2052,174
2053,174
2054,174
2055,176
2056,176
2057,176
2058,176
2059,176
2060,178
2061,178
2062,178
2063,178
2064,178
2065,175
2066,175
2067,175
2068,175
2069,175
2070,174
2071,174
2072,174
2073,174
2074,174
2075,178
2076,178
2077,178
2078,178
2079,178
2080,177
2081,177
2082,177
2083,177
2084,177
2085,173
2086,173
2087,173
2088,173
2089,173
2090,177
2091,177
2092,177
2093,177
2094,177
2095,178
2096,178
2097,178
2098,178
2099,178
2100,174
2101,174
2102,174
2103,174
2104,174
2105,176
2106,176
2107,176
2108,176
2109,176
2110,179
2111,179
2112,179
2113,179
2114,179
2115,176
2116,176
2117,176
2118,176
2119,176
2120,174
2121,174
2122,174
2123,174
2124,174
2125,178
2126,178
2127,178
2128,178
2129,178
2130,177
2131,177
2132,177
2133,177
2134,177
2135,174
2136,174
2137,174
2138,174
2139,174
2140,176
2141,176
2142,176
2143,176
2144,176
2145,177
2146,177
2147,177
2148,177
2149,177
2150,173
2151,173
2152,173
2153,173
2154,173
2155,175
2156,175
2157,175
2158,175
2159,175
2160,177
2161,177
2162,177
2163,177
2164,177
2165,174
2166,174
2167,174
2168,174
2169,174
2170,173
2171,173
2172,173
2173,173
2174,173
2175,177
2176,177
2177,177
2178,177
2179,177
2180,176
2181,176
2182,176
2183,176
2184,176
2185,172
2186,172
2187,172
2188,172
2189,172
2190,175
2191,175
2192,175
2193,175
2194,175
2195,176
2196,176
2197,176
2198,176
2199,176
2200,172
2201,172
2202,172
2203,172
2204,172
2205,173
2206,173
2207,173
2208,173
2209,173
2210,176
2211,176
2212,176
2213,176
2214,176
2215,173
2216,173
2217,173
2218,173
2219,173
2220,172
2221,172
2222,172
2223,172
2224,172
2225,175
2226,175
2227,175
2228,175
2229,175
2230,174
2231,174
2232,174
2233,174
2234,174
2235,171
2236,171
2237,171
2238,171
2239,171
2240,174
2241,174
2242,174
2243,174
2244,174
2245,175
2246,175
2247,175
2248,175
2249,175
2250,171
2251,171
2252,171
2253,171
2254,171
2255,173
2256,173
2257,173
2258,173
2259,173
2260,175
2261,175
2262,175
2263,175
2264,175
2265,172
2266,172
2267,172
2268,172
2269,172
2270,171
2271,171
2272,171
2273,171
2274,171
2275,175
2276,175
2277,175
2278,175
2279,175
2280,174
2281,174
2282,174
2283,174
2284,174
2285,171
2286,171
2287,171
2288,171
2289,171
2290,174
2291,174
2292,174
2293,174
2294,174
2295,175
2296,175
2297,175
2298,175
2299,175
2300,171
2301,171
2302,171
2303,171
2304,171
2305,173
2306,173
2307,173
2308,173
2309,173
2310,176
2311,176
2312,176
2313,176
2314,176
2315,173
2316,173
2317,173
2318,173
2319,173
2320,171
2321,171
2322,171
2323,171
2324,171
2325,174
2326,174
2327,174
2328,174
2329,174
2330,173
2331,173
2332,173
2333,173
2334,173
2335,170
2336,170
2337,170
2338,170
2339,170
2340,173
2341,173
2342,173
2343,173
2344,173
2345,174
2346,174
2347,174
2348,174
2349,174
2350,170
2351,170
2352,170
2353,170
2354,170
2355,171
2356,171
2357,171
2358,171
2359,171
2360,174
2361,174
2362,174
2363,174
2364,174
2365,171
2366,171
2367,171
2368,171
2369,171
2370,170
2371,170
2372,170
2373,170
2374,170
2375,174
2376,174
2377,174
2378,174
2379,174
2380,173
2381,173
2382,173
2383,173
2384,173
2385,170
2386,170
2387,170
2388,170
2389,170
2390,173
2391,173
2392,173
2393,173
2394,173
2395,174
2396,174
2397,174
2398,174
2399,174
2400,170
2401,170
2402,170
2403,170
2404,170
2405,171
2406,171
2407,171
2408,171
2409,171
2410,174
2411,174
2412,174
2413,174
2414,174
2415,171
2416,171
2417,171
2418,171
2419,171
2420,169
2421,169
2422,169
2423,169
2424,169
2425,173
2426,173
2427,173
2428,173
2429,173
2430,172
2431,172
2432,172
2433,172
2434,172
2435,169
2436,169
2437,169
2438,169
2439,169
2440,172
2441,172
2442,172
2443,172
2444,172
2445,173
2446,173
2447,173
2448,173
2449,173
2450,169
2451,169
2452,169
2453,169
2454,169
2455,170
2456,170
2457,170
2458,170
2459,170
2460,173
2461,173
2462,173
2463,173
2464,173
2465,170
2466,170
2467,170
2468,170
2469,170
2470,168
2471,168
2472,168
2473,168
2474,168
2475,172
2476,172
2477,172
2478,172
2479,172
2480,171
2481,171
2482,171
2483,171
2484,171
2485,168
2486,168
2487,168
2488,168
2489,168
2490,171
2491,171
2492,171
2493,171
2494,171
2495,171
2496,171
2497,171
2498,171
2499,171
2500,167
2501,167
2502,167
2503,167
2504,167
2505,168
2506,168
2507,168
2508,168
2509,168
2510,172
2511,172
2512,172
2513,172
2514,172
2515,168
2516,168
2517,168
2518,168
2519,168
2520,167
2521,167
2522,167
2523,167
2524,167
2525,171
2526,171
2527,171
2528,171
2529,171
2530,170
2531,170
2532,170
2533,170
2534,170
2535,167
2536,167
2537,167
2538,167
2539,167
2540,169
2541,169
2542,169
2543,169
2544,169
2545,170
2546,170
2547,170
2548,170
2549,170
2550,166
2551,166
2552,166
2553,166
2554,166
2555,167
2556,167
2557,167
2558,167
2559,167
2560,170
2561,170
2562,170
2563,170
2564,170
2565,167
2566,167
2567,167
2568,167
2569,167
2570,166
2571,166
2572,166
2573,166
2574,166
2575,170
2576,170
2577,170
2578,170
2579,170
2580,169
2581,169
2582,169
2583,169
2584,169
2585,165
2586,165
2587,165
2588,165
2589,165
2590,168
2591,168
2592,168
2593,168
2594,168
2595,169
2596,169
2597,169
2598,169
2599,169
2600,166
2601,166
2602,166
2603,166
2604,166
2605,167
2606,167
2607,167
2608,167
2609,167
2610,171
2611,171
2612,171
2613,171
2614,171
2615,167
2616,167
2617,167
2618,167
2619,167
2620,166
2621,166
2622,166
2623,166
2624,166
2625,170
2626,170
2627,170
2628,170
2629,170
2630,169
2631,169
2632,169
2633,169
2634,169
2635,166
2636,166
2637,166
2638,166
2639,166
2640,170
2641,170
2642,170
2643,170
2644,170
2645,170
2646,170
2647,170
2648,170
2649,170
2650,167
2651,167
2652,167
2653,167
2654,167
2655,169
2656,169
2657,169
2658,169
2659,169
2660,171
2661,171
2662,171
2663,171
2664,171
2665,169
2666,169
2667,169
2668,169
2669,169
2670,167
2671,167
2672,167
2673,167
2674,167
2675,171
2676,171
2677,171
2678,171
2679,171
2680,171
2681,171
2682,171
2683,171
2684,171
2685,168
2686,168
2687,168
2688,168
2689,168
2690,171
2691,171
2692,171
2693,171
2694,171
2695,172
2696,172
2697,172
2698,172
2699,172
2700,168
2701,168
2702,168
2703,168
2704,168
2705,169
2706,169
2707,169
2708,169
2709,169
2710,172
2711,172
2712,172
2713,172
2714,172
2715,169
2716,169
2717,169
2718,169
2719,169
2720,168
2721,168
2722,168
2723,168
2724,168
2725,171
2726,171
2727,171
2728,171
2729,171
2730,171
2731,171
2732,171
2733,171
2734,171
2735,168
2736,168
2737,168
2738,168
2739,168
2740,171
2741,171
2742,171
2743,171
2744,171
2745,172
2746,172
2747,172
2748,172
2749,172
2750,168
2751,168
2752,168
2753,168
2754,168
2755,169
2756,169
2757,169
2758,169
2759,169
2760,172
2761,172
2762,172
2763,172
2764,172
2765,169
2766,169
2767,169
2768,169
2769,169
2770,168
2771,168
2772,168
2773,168
2774,168
2775,172
2776,172
2777,172
2778,172
2779,172
2780,171
2781,171
2782,171
2783,171
2784,171
2785,168
2786,168
2787,168
2788,168
2789,168
2790,171
2791,171
2792,171
2793,171
2794,171
2795,172
2796,172
2797,172
2798,172
2799,172
2800,168
2801,168
2802,168
2803,168
2804,168
2805,169
2806,169
2807,169
2808,169
2809,169
2810,173
2811,173
2812,173
2813,173
2814,173
2815,169
2816,169
2817,169
2818,169
2819,169
2820,168
2821,168
2822,168
2823,168
2824,168
2825,172
2826,172
2827,172
2828,172
2829,172
2830,171
2831,171
2832,171
2833,171
2834,171
2835,167
2836,167
2837,167
2838,167
2839,167
2840,171
2841,171
2842,171
2843,171
2844,171
2845,172
2846,172
2847,172
2848,172
2849,172
2850,168
2851,168
2852,168
2853,168
2854,168
2855,169
2856,169
2857,169
2858,169
2859,169
2860,172
2861,172
2862,172
2863,172
2864,172
2865,169
2866,169
2867,169
2868,169
2869,169
2870,167
2871,167
2872,167
2873,167
2874,167
2875,171
2876,171
2877,171
2878,171
2879,171
2880,170
2881,170
2882,170
2883,170
2884,170
2885,167
2886,167
2887,167
2888,167
2889,167
2890,170
2891,170
2892,170
2893,170
2894,170
2895,171
2896,171
2897,171
2898,171
2899,171
2900,167
2901,167
2902,167
2903,167
2904,167
2905,168
2906,168
2907,168
2908,168
2909,168
2910,171
2911,171
2912,171
2913,171
2914,171
2915,168
2916,168
2917,168
2918,168
2919,168
2920,167
2921,167
2922,167
2923,167
2924,167
2925,170
2926,170
2927,170
2928,170
2929,170
2930,169
2931,169
2932,169
2933,169
2934,169
2935,166
2936,166
2937,166
2938,166
2939,166
2940,169
2941,169
2942,169
2943,169
2944,169
2945,170
2946,170
2947,170
2948,170
2949,170
2950,166
2951,166
2952,166
2953,166
2954,166
2955,167
2956,167
2957,167
2958,167
2959,167
2960,170
2961,170
2962,170
2963,170
2964,170
2965,168
2966,168
2967,168
2968,168
2969,168
2970,166
2971,166
2972,166
2973,166
2974,166
2975,170
2976,170
2977,170
2978,170
2979,170
2980,169
2981,169
2982,169
2983,169
2984,169
2985,166
2986,166
2987,166
2988,166
2989,166
2990,168
2991,168
2992,168
2993,168
2994,168
2995,170
2996,170
2997,170
2998,170
2999,170
3000,166
3001,166
3002,166
3003,166
3004,166
3005,166
3006,166
3007,166
3008,166
3009,166
3010,170
3011,170
3012,170
3013,170
3014,170
3015,166
3016,166
3017,166
3018,166
3019,166
3020,165
3021,165
3022,165
3023,165
3024,165
3025,169
3026,169
3027,169
3028,169
3029,169
3030,168
3031,168
3032,168
3033,168
3034,168
3035,164
3036,164
3037,164
3038,164
3039,164
3040,168
3041,168
3042,168
3043,168
3044,168
3045,169
3046,169
3047,169
3048,169
3049,169
3050,165
3051,165
3052,165
3053,165
3054,165
3055,166
3056,166
3057,166
3058,166
3059,166
3060,168
3061,168
3062,168
3063,168
3064,168
3065,165
3066,165
3067,165
3068,165
3069,165
3070,164
3071,164
3072,164
3073,164
3074,164
3075,168
3076,168
3077,168
3078,168
3079,168
3080,167
3081,167
3082,167
3083,167
3084,167
3085,163
3086,163
3087,163
3088,163
3089,163
3090,166
3091,166
3092,166
3093,166
3094,166
3095,168
3096,168
3097,168
3098,168
3099,168
3100,164
3101,164
3102,164
3103,164
3104,164
3105,164
3106,164
3107,164
3108,164
3109,164
3110,168
3111,168
3112,168
3113,168
3114,168
3115,165
3116,165
3117,165
3118,165
3119,165
3120,163
3121,163
3122,163
3123,163
3124,163
3125,167
3126,167
3127,167
3128,167
3129,167
3130,166
3131,166
3132,166
3133,166
3134,166
3135,162
3136,162
3137,162
3138,162
3139,162
3140,165
3141,165
3142,165
3143,165
3144,165
3145,166
3146,166
3147,166
3148,166
3149,166
3150,162
3151,162
3152,162
3153,162
3154,162
3155,163
3156,163
3157,163
3158,163
3159,163
3160,167
3161,167
3162,167
3163,167
3164,167
3165,164
3166,164
3167,164
3168,164
3169,164
3170,163
3171,163
3172,163
3173,163
3174,163
3175,166
3176,166
3177,166
3178,166
3179,166
3180,166
3181,166
3182,166
3183,166
3184,166
3185,162
3186,162
3187,162
3188,162
3189,162
3190,166
3191,166
3192,166
3193,166
3194,166
3195,167
3196,167
3197,167
3198,167
3199,167
3200,163
3201,163
3202,163
3203,163
3204,163
3205,164
3206,164
3207,164
3208,164
3209,164
3210,168
3211,168
3212,168
3213,168
3214,168
3215,165
3216,165
3217,165
3218,165
3219,165
3220,164
3221,164
3222,164
3223,164
3224,164
3225,168
3226,168
3227,168
3228,168
3229,168
3230,167
3231,167
3232,167
3233,167
3234,167
3235,163
3236,163
3237,163
3238,163
3239,163
3240,166
3241,166
3242,166
3243,166
3244,166
3245,168
3246,168
3247,168
3248,168
3249,168
3250,164
3251,164
3252,164
3253,164
3254,164
3255,165
3256,165
3257,165
3258,165
3259,165
3260,168
3261,168
3262,168
3263,168
3264,168
3265,165
3266,165
3267,165
3268,165
3269,165
3270,163
3271,163
3272,163
3273,163
3274,163
3275,167
3276,167
3277,167
3278,167
3279,167
3280,166
3281,166
3282,166
3283,166
3284,166
3285,163
3286,163
3287,163
3288,163
3289,163
3290,166
3291,166
3292,166
3293,166
3294,166
3295,167
3296,167
3297,167
3298,167
3299,167
3300,163
3301,163
3302,163
3303,163
3304,163
3305,164
3306,164
3307,164
3308,164
3309,164
3310,167
3311,167
3312,167
3313,167
3314,167
3315,165
3316,165
3317,165
3318,165
3319,165
3320,163
3321,163
3322,163
3323,163
3324,163
3325,167
3326,167
3327,167
3328,167
3329,167
3330,166
3331,166
3332,166
3333,166
3334,166
3335,162
3336,162
3337,162
3338,162
3339,162
3340,166
3341,166
3342,166
3343,166
3344,166
3345,167
3346,167
3347,167
3348,167
3349,167
3350,163
3351,163
3352,163
3353,163
3354,163
3355,165
3356,165
3357,165
3358,165
3359,165
3360,167
3361,167
3362,167
3363,167
3364,167
3365,164
3366,164
3367,164
3368,164
3369,164
3370,163
3371,163
3372,163
3373,163
3374,163
3375,167
3376,167
3377,167
3378,167
3379,167
3380,166
3381,166
3382,166
3383,166
3384,166
3385,163
3386,163
3387,163
3388,163
3389,163
3390,166
3391,166
3392,166
3393,166
3394,166
3395,168
3396,168
3397,168
3398,168
3399,168
3400,164
3401,164
3402,164
3403,164
3404,164
3405,165
3406,165
3407,165
3408,165
3409,165
3410,168
3411,168
3412,168
3413,168
3414,168
3415,165
3416,165
3417,165
3418,165
3419,165
3420,164
3421,164
3422,164
3423,164
3424,164
3425,167
3426,167
3427,167
3428,167
3429,167
3430,166
3431,166
3432,166
3433,166
3434,166
3435,163
3436,163
3437,163
3438,163
3439,163
3440,166
3441,166
3442,166
3443,166
3444,166
3445,167
3446,167
3447,167
3448,167
3449,167
3450,163
3451,163
3452,163
3453,163
3454,163
3455,164
3456,164
3457,164
3458,164
3459,164
3460,167
3461,167
3462,167
3463,167
3464,167
3465,164
3466,164
3467,164
3468,164
3469,164
3470,163
3471,163
3472,163
3473,163
3474,163
3475,167
3476,167
3477,167
3478,167
3479,167
3480,166
3481,166
3482,166
3483,166
3484,166
3485,163
3486,163
3487,163
3488,163
3489,163
3490,165
3491,165
3492,165
3493,165
3494,165
3495,167
3496,167
3497,167
3498,167
3499,167
3500,164
3501,164
3502,164
3503,164
3504,164
3505,165
3506,165
3507,165
3508,165
3509,165
3510,168
3511,168
3512,168
3513,168
3514,168
3515,165
3516,165
3517,165
3518,165
3519,165
3520,163
3521,163
3522,163
3523,163
3524,163
3525,167
3526,167
3527,167
3528,167
3529,167
3530,167
3531,167
3532,167
3533,167
3534,167
3535,163
3536,163
3537,163
3538,163
3539,163
3540,166
3541,166
3542,166
3543,166
3544,166
3545,168
3546,168
3547,168
3548,168
3549,168
3550,164
3551,164
3552,164
3553,164
3554,164
3555,165
3556,165
3557,165
3558,165
3559,165
3560,168
3561,168
3562,168
3563,168
3564,168
3565,166
3566,166
3567,166
3568,166
3569,166
3570,164
3571,164
3572,164
3573,164
3574,164
3575,168
3576,168
3577,168
3578,168
3579,168
3580,166
3581,166
3582,166
3583,166
3584,166
3585,163
3586,163
3587,163
3588,163
3589,163
3590,166
3591,166
3592,166
3593,166
3594,166
3595,167
3596,167
3597,167
3598,167
3599,167
3600,164
3601,164
3602,164
3603,164
3604,164
3605,165
3606,165
3607,165
3608,165
3609,165
3610,168
3611,168
3612,168
3613,168
3614,168
3615,165
3616,165
3617,165
3618,165
3619,165
3620,163
3621,163
3622,163
3623,163
3624,163
3625,167
3626,167
3627,167
3628,167
3629,167
3630,166
3631,166
3632,166
3633,166
3634,166
3635,162
3636,162
3637,162
3638,162
3639,162
3640,165
3641,165
3642,165
3643,165
3644,165
3645,166
3646,166
3647,166
3648,166
3649,166
3650,163
3651,163
3652,163
3653,163
3654,163
3655,164
3656,164
3657,164
3658,164
3659,164
3660,166
3661,166
3662,166
3663,166
3664,166
3665,164
3666,164
3667,164
3668,164
3669,164
3670,163
3671,163
3672,163
3673,163
3674,163
3675,166
3676,166
3677,166
3678,166
3679,166
3680,165
3681,165
3682,165
3683,165
3684,165
3685,162
3686,162
3687,162
3688,162
3689,162
3690,165
3691,165
3692,165
3693,165
3694,165
3695,166
3696,166
3697,166
3698,166
3699,166
3700,162
3701,162
3702,162
3703,162
3704,162
3705,163
3706,163
3707,163
3708,163
3709,163
3710,166
3711,166
3712,166
3713,166
3714,166
3715,163
3716,163
3717,163
3718,163
3719,163
3720,161
3721,161
3722,161
3723,161
3724,161
3725,165
3726,165
3727,165
3728,165
3729,165
3730,164
3731,164
3732,164
3733,164
3734,164
3735,161
3736,161
3737,161
3738,161
3739,161
3740,164
3741,164
3742,164
3743,164
3744,164
3745,165
3746,165
3747,165
3748,165
3749,165
3750,162
3751,162
3752,162
3753,162
3754,162
3755,163
3756,163
3757,163
3758,163
3759,163
3760,166
3761,166
3762,166
3763,166
3764,166
3765,163
3766,163
3767,163
3768,163
3769,163
3770,162
3771,162
3772,162
3773,162
3774,162
3775,166
3776,166
3777,166
3778,166
3779,166
3780,165
3781,165
3782,165
3783,165
3784,165
3785,162
3786,162
3787,162
3788,162
3789,162
3790,165
3791,165
3792,165
3793,165
3794,165
3795,167
3796,167
3797,167
3798,167
3799,167
3800,163
3801,163
3802,163
3803,163
3804,163
3805,165
3806,165
3807,165
3808,165
3809,165
3810,167
3811,167
3812,167
3813,167
3814,167
3815,164
3816,164
3817,164
3818,164
3819,164
3820,163
3821,163
3822,163
3823,163
3824,163
3825,167
3826,167
3827,167
3828,167
3829,167
3830,166
3831,166
3832,166
3833,166
3834,166
3835,163
3836,163
3837,163
3838,163
3839,163
3840,165
3841,165
3842,165
3843,165
3844,165
3845,167
3846,167
3847,167
3848,167
3849,167
3850,163
3851,163
3852,163
3853,163
3854,163
3855,165
3856,165
3857,165
3858,165
3859,165
3860,168
3861,168
3862,168
3863,168
3864,168
3865,165
3866,165
3867,165
3868,165
3869,165
3870,163
3871,163
3872,163
3873,163
3874,163
3875,167
3876,167
3877,167
3878,167
3879,167
3880,166
3881,166
3882,166
3883,166
3884,166
3885,163
3886,163
3887,163
3888,163
3889,163
3890,166
3891,166
3892,166
3893,166
3894,166
3895,167
3896,167
3897,167
3898,167
3899,167
3900,163
3901,163
3902,163
3903,163
3904,163
3905,164
3906,164
3907,164
3908,164
3909,164
3910,167
3911,167
3912,167
3913,167
3914,167
3915,164
3916,164
3917,164
3918,164
3919,164
3920,162
3921,162
3922,162
3923,162
3924,162
3925,166
3926,166
3927,166
3928,166
3929,166
3930,165
3931,165
3932,165
3933,165
3934,165
3935,162
3936,162
3937,162
3938,162
3939,162
3940,165
3941,165
3942,165
3943,165
3944,165
3945,166
3946,166
3947,166
3948,166
3949,166
3950,162
3951,162
3952,162
3953,162
3954,162
3955,163
3956,163
3957,163
3958,163
3959,163
3960,166
3961,166
3962,166
3963,166
3964,166
3965,164
3966,164
3967,164
3968,164
3969,164
3970,162
3971,162
3972,162
3973,162
3974,162
3975,165
3976,165
3977,165
3978,165
3979,165
3980,165
3981,165
3982,165
3983,165
3984,165
3985,162
3986,162
3987,162
3988,162
3989,162
3990,164
3991,164
3992,164
3993,164
3994,164
3995,166
3996,166
3997,166
3998,166
3999,166
4000,162
4001,162
4002,162
4003,162
4004,162
4005,163
4006,163
4007,163
4008,163
4009,163
4010,166
4011,166
4012,166
4013,166
4014,166
4015,163
4016,163
4017,163
4018,163
4019,163
4020,161
4021,161
4022,161
4023,161
4024,161
4025,165
4026,165
4027,165
4028,165
4029,165
4030,164
4031,164
4032,164
4033,164
4034,164
4035,161
4036,161
4037,161
4038,161
4039,161
4040,164
4041,164
4042,164
4043,164
4044,164
4045,165
4046,165
4047,165
4048,165
4049,165
4050,162
4051,162
4052,162
4053,162
4054,162
4055,163
4056,163
4057,163
4058,163
4059,163
4060,166
4061,166
4062,166
4063,166
4064,166
4065,164
4066,164
4067,164
4068,164
4069,164
4070,162
4071,162
4072,162
4073,162
4074,162
4075,166
4076,166
4077,166
4078,166
4079,166
4080,165
4081,165
4082,165
4083,165
4084,165
4085,162
4086,162
4087,162
4088,162
4089,162
4090,165
4091,165
4092,165
4093,165
4094,165
4095,167
4096,167
4097,167
4098,167
4099,167
4100,163
4101,163
4102,163
4103,163
4104,163
4105,164
4106,164
4107,164
4108,164
4109,164
4110,167
4111,167
4112,167
4113,167
4114,167
4115,164
4116,164
4117,164
4118,164
4119,164
4120,162
4121,162
4122,162
4123,162
4124,162
4125,166
4126,166
4127,166
4128,166
4129,166
4130,165
4131,165
4132,165
4133,165
4134,165
4135,162
4136,162
4137,162
4138,162
4139,162
4140,164
4141,164
4142,164
4143,164
4144,164
4145,166
4146,166
4147,166
4148,166
4149,166
4150,162
4151,162
4152,162
4153,162
4154,162
4155,163
4156,163
4157,163
4158,163
4159,163
4160,166
4161,166
4162,166
4163,166
4164,166
4165,164
4166,164
4167,164
4168,164
4169,164
4170,162
4171,162
4172,162
4173,162
4174,162
4175,165
4176,165
4177,165
4178,165
4179,165
4180,165
4181,165
4182,165
4183,165
4184,165
4185,162
4186,162
4187,162
4188,162
4189,162
4190,164
4191,164
4192,164
4193,164
4194,164
4195,166
4196,166
4197,166
4198,166
4199,166
4200,162
4201,162
4202,162
4203,162
4204,162
4205,163
4206,163
4207,163
4208,163
4209,163
4210,166
4211,166
4212,166
4213,166
4214,166
4215,163
4216,163
4217,163
4218,163
4219,163
4220,162
4221,162
4222,162
4223,162
4224,162
4225,165
4226,165
4227,165
4228,165
4229,165
4230,164
4231,164
4232,164
4233,164
4234,164
4235,161
4236,161
4237,161
4238,161
4239,161
4240,164
4241,164
4242,164
4243,164
4244,164
4245,165
4246,165
4247,165
4248,165
4249,165
4250,162
4251,162
4252,162
4253,162
4254,162
4255,162
4256,162
4257,162
4258,162
4259,162
4260,165
4261,165
4262,165
4263,165
4264,165
4265,163
4266,163
4267,163
4268,163
4269,163
4270,161
4271,161
4272,161
4273,161
4274,161
4275,165
4276,165
4277,165
4278,165
4279,165
4280,164
4281,164
4282,164
4283,164
4284,164
4285,161
4286,161
4287,161
4288,161
4289,161
4290,163
4291,163
4292,163
4293,163
4294,163
4295,165
4296,165
4297,165
4298,165
4299,165
4300,161
4301,161
4302,161
4303,161
4304,161
4305,162
4306,162
4307,162
4308,162
4309,162
4310,165
4311,165
4312,165
4313,165
4314,165
4315,163
4316,163
4317,163
4318,163
4319,163
4320,161
4321,161
4322,161
4323,161
4324,161
4325,164
4326,164
4327,164
4328,164
4329,164
4330,164
4331,164
4332,164
4333,164
4334,164
4335,160
4336,160
4337,160
4338,160
4339,160
4340,163
4341,163
4342,163
4343,163
4344,163
4345,165
4346,165
4347,165
4348,165
4349,165
4350,161
4351,161
4352,161
4353,161
4354,161
4355,161
4356,161
4357,161
4358,161
4359,161
4360,165
4361,165
4362,165
4363,165
4364,165
4365,162
4366,162
4367,162
4368,162
4369,162
4370,160
4371,160
4372,160
4373,160
4374,160
4375,164
4376,164
4377,164
4378,164
4379,164
4380,163
4381,163
4382,163
4383,163
4384,163
4385,159
4386,159
4387,159
4388,159
4389,159
4390,162
4391,162
4392,162
4393,162
4394,162
4395,163
4396,163
4397,163
4398,163
4399,163
4400,159
4401,159
4402,159
4403,159
4404,159
4405,160
4406,160
4407,160
4408,160
4409,160
4410,163
4411,163
4412,163
4413,163
4414,163
4415,161
4416,161
4417,161
4418,161
4419,161
4420,159
4421,159
4422,159
4423,159
4424,159
4425,163
4426,163
4427,163
4428,163
4429,163
4430,162
4431,162
4432,162
4433,162
4434,162
4435,159
4436,159
4437,159
4438,159
4439,159
4440,162
4441,162
4442,162
4443,162
4444,162
4445,163
4446,163
4447,163
4448,163
4449,163
4450,159
4451,159
4452,159
4453,159
4454,159
4455,160
4456,160
4457,160
4458,160
4459,160
4460,163
4461,163
4462,163
4463,163
4464,163
4465,160
4466,160
4467,160
4468,160
4469,160
4470,159
4471,159
4472,159
4473,159
4474,159
4475,162
4476,162
4477,162
4478,162
4479,162
4480,161
4481,161
4482,161
4483,161
4484,161
4485,159
4486,159
4487,159
4488,159
4489,159
4490,161
4491,161
4492,161
4493,161
4494,161
4495,163
4496,163
4497,163
4498,163
4499,163
4500,159
4501,159
4502,159
4503,159
4504,159
4505,160
4506,160
4507,160
4508,160
4509,160
4510,163
4511,163
4512,163
4513,163
4514,163
4515,160
4516,160
4517,160
4518,160
4519,160
4520,159
4521,159
4522,159
4523,159
4524,159
4525,163
4526,163
4527,163
4528,163
4529,163
4530,162
4531,162
4532,162
4533,162
4534,162
4535,158
4536,158
4537,158
4538,158
4539,158
4540,161
4541,161
4542,161
4543,161
4544,161
4545,163
4546,163
4547,163
4548,163
4549,163
4550,159
4551,159
4552,159
4553,159
4554,159
4555,160
4556,160
4557,160
4558,160
4559,160
4560,163
4561,163
4562,163
4563,163
4564,163
4565,160
4566,160
4567,160
4568,160
4569,160
4570,159
4571,159
4572,159
4573,159
4574,159
4575,163
4576,163
4577,163
4578,163
4579,163
4580,162
4581,162
4582,162
4583,162
4584,162
4585,159
4586,159
4587,159
4588,159
4589,159
4590,161
4591,161
4592,161
4593,161
4594,161
4595,163
4596,163
4597,163
4598,163
4599,163
4600,159
4601,159
4602,159
4603,159
4604,159
4605,160
4606,160
4607,160
4608,160
4609,160
4610,164
4611,164
4612,164
4613,164
4614,164
4615,161
4616,161
4617,161
4618,161
4619,161
4620,160
4621,160
4622,160
4623,160
4624,160
4625,163
4626,163
4627,163
4628,163
4629,163
4630,163
4631,163
4632,163
4633,163
4634,163
4635,160
4636,160
4637,160
4638,160
4639,160
4640,163
4641,163
4642,163
4643,163
4644,163
4645,164
4646,164
4647,164
4648,164
4649,164
4650,160
4651,160
4652,160
4653,160
4654,160
4655,160
4656,160
4657,160
4658,160
4659,160
4660,164
4661,164
4662,164
4663,164
4664,164
4665,162
4666,162
4667,162
4668,162
4669,162
4670,160
4671,160
4672,160
4673,160
4674,160
4675,164
4676,164
4677,164
4678,164
4679,164
4680,163
4681,163
4682,163
4683,163
4684,163
4685,160
4686,160
4687,160
4688,160
4689,160
4690,162
4691,162
4692,162
4693,162
4694,162
4695,164
4696,164
4697,164
4698,164
4699,164
4700,160
4701,160
4702,160
4703,160
4704,160
4705,161
4706,161
4707,161
4708,161
4709,161
4710,164
4711,164
4712,164
4713,164
4714,164
4715,161
4716,161
4717,161
4718,161
4719,161
4720,160
4721,160
4722,160
4723,160
4724,160
4725,164
4726,164
4727,164
4728,164
4729,164
4730,163
4731,163
4732,163
4733,163
4734,163
4735,160
4736,160
4737,160
4738,160
4739,160
4740,162
4741,162
4742,162
4743,162
4744,162
4745,164
4746,164
4747,164
4748,164
4749,164
4750,160
4751,160
4752,160
4753,160
4754,160
4755,161
4756,161
4757,161
4758,161
4759,161
4760,164
4761,164
4762,164
4763,164
4764,164
4765,162
4766,162
4767,162
4768,162
4769,162
4770,160
4771,160
4772,160
4773,160
4774,160
4775,164
4776,164
4777,164
4778,164
4779,164
4780,164
4781,164
4782,164
4783,164
4784,164
4785,160
4786,160
4787,160
4788,160
4789,160
4790,163
4791,163
4792,163
4793,163
4794,163
4795,164
4796,164
4797,164
4798,164
4799,164
4800,161
4801,161
4802,161
4803,161
4804,161
4805,161
4806,161
4807,161
4808,161
4809,161
4810,164
4811,164
4812,164
4813,164
4814,164
4815,162
4816,162
4817,162
4818,162
4819,162
4820,160
4821,160
4822,160
4823,160
4824,160
4825,164
4826,164
4827,164
4828,164
4829,164
4830,163
4831,163
4832,163
4833,163
4834,163
4835,160
4836,160
4837,160
4838,160
4839,160
4840,162
4841,162
4842,162
4843,162
4844,162
4845,164
4846,164
4847,164
4848,164
4849,164
4850,160
4851,160
4852,160
4853,160
4854,160
4855,161
4856,161
4857,161
4858,161
4859,161
4860,164
4861,164
4862,164
4863,164
4864,164
4865,162
4866,162
4867,162
4868,162
4869,162
4870,160
4871,160
4872,160
4873,160
4874,160
4875,164
4876,164
4877,164
4878,164
4879,164
4880,164
4881,164
4882,164
4883,164
4884,164
4885,160
4886,160
4887,160
4888,160
4889,160
4890,162
4891,162
4892,162
4893,162
4894,162
4895,164
4896,164
4897,164
4898,164
4899,164
4900,160
4901,160
4902,160
4903,160
4904,160
4905,161
4906,161
4907,161
4908,161
4909,161
4910,164
4911,164
4912,164
4913,164
4914,164
4915,162
4916,162
4917,162
4918,162
4919,162
4920,160
4921,160
4922,160
4923,160
4924,160
4925,163
4926,163
4927,163
4928,163
4929,163
4930,163
4931,163
4932,163
4933,163
4934,163
4935,159
4936,159
4937,159
4938,159
4939,159
4940,162
4941,162
4942,162
4943,162
4944,162
4945,163
4946,163
4947,163
4948,163
4949,163
4950,159
4951,159
4952,159
4953,159
4954,159
4955,160
4956,160
4957,160
4958,160
4959,160
4960,163
4961,163
4962,163
4963,163
4964,163
4965,160
4966,160
4967,160
4968,160
4969,160
4970,159
4971,159
4972,159
4973,159
4974,159
4975,162
4976,162
4977,162
4978,162
4979,162
4980,162
4981,162
4982,162
4983,162
4984,162
4985,158
4986,158
4987,158
4988,158
4989,158
4990,160
4991,160
4992,160
4993,160
4994,160
4995,162
4996,162
4997,162
4998,162
4999,162
5000,159
5001,159
5002,159
5003,159
5004,159
5005,159
5006,159
5007,159
5008,159
5009,159
5010,162
5011,162
5012,162
5013,162
5014,162
5015,160
5016,160
5017,160
5018,160
5019,160
5020,158
5021,158
5022,158
5023,158
5024,158
5025,162
5026,162
5027,162
5028,162
5029,162
5030,162
5031,162
5032,162
5033,162
5034,162
5035,159
5036,159
5037,159
5038,159
5039,159
5040,161
5041,161
5042,161
5043,161
5044,161
5045,162
5046,162
5047,162
5048,162
5049,162
5050,159
5051,159
5052,159
5053,159
5054,159
5055,159
5056,159
5057,159
5058,159
5059,159
5060,162
5061,162
5062,162
5063,162
5064,162
5065,160
5066,160
5067,160
5068,160
5069,160
5070,158
5071,158
5072,158
5073,158
5074,158
5075,161
5076,161
5077,161
5078,161
5079,161
5080,161
5081,161
5082,161
5083,161
5084,161
5085,158
5086,158
5087,158
5088,158
5089,158
5090,160
5091,160
5092,160
5093,160
5094,160
5095,161
5096,161
5097,161
5098,161
5099,161
5100,158
5101,158
5102,158
5103,158
5104,158
5105,158
5106,158
5107,158
5108,158
5109,158
5110,161
5111,161
5112,161
5113,161
5114,161
5115,159
5116,159
5117,159
5118,159
5119,159
5120,156
5121,156
5122,156
5123,156
5124,156
5125,160
5126,160
5127,160
5128,160
5129,160
5130,159
5131,159
5132,159
5133,159
5134,159
5135,156
5136,156
5137,156
5138,156
5139,156
5140,159
5141,159
5142,159
5143,159
5144,159
5145,160
5146,160
5147,160
5148,160
5149,160
5150,157
5151,157
5152,157
5153,157
5154,157
5155,157
5156,157
5157,157
5158,157
5159,157
5160,161
5161,161
5162,161
5163,161
5164,161
5165,158
5166,158
5167,158
5168,158
5169,158
5170,157
5171,157
5172,157
5173,157
5174,157
5175,160
5176,160
5177,160
5178,160
5179,160
5180,160
5181,160
5182,160
5183,160
5184,160
5185,157
5186,157
5187,157
5188,157
5189,157
5190,159
5191,159
5192,159
5193,159
5194,159
5195,161
5196,161
5197,161
5198,161
5199,161
5200,157
5201,157
5202,157
5203,157
5204,157
5205,158
5206,158
5207,158
5208,158
5209,158
5210,161
5211,161
5212,161
5213,161
5214,161
5215,159
5216,159
5217,159
5218,159
5219,159
5220,157
5221,157
5222,157
5223,157
5224,157
5225,160
5226,160
5227,160
5228,160
5229,160
5230,160
5231,160
5232,160
5233,160
5234,160
5235,157
5236,157
5237,157
5238,157
5239,157
5240,159
5241,159
5242,159
5243,159
5244,159
5245,161
5246,161
5247,161
5248,161
5249,161
5250,157
5251,157
5252,157
5253,157
5254,157
5255,157
5256,157
5257,157
5258,157
5259,157
5260,160
5261,160
5262,160
5263,160
5264,160
5265,158
5266,158
5267,158
5268,158
5269,158
5270,156
5271,156
5272,156
5273,156
5274,156
5275,160
5276,160
5277,160
5278,160
5279,160
5280,159
5281,159
5282,159
5283,159
5284,159
5285,156
5286,156
5287,156
5288,156
5289,156
5290,158
5291,158
5292,158
5293,158
5294,158
5295,159
5296,159
5297,159
5298,159
5299,159
5300,156
5301,156
5302,156
5303,156
5304,156
5305,157
5306,157
5307,157
5308,157
5309,157
5310,160
5311,160
5312,160
5313,160
5314,160
5315,157
5316,157
5317,157
5318,157
5319,157
5320,155
5321,155
5322,155
5323,155
5324,155
5325,159
5326,159
5327,159
5328,159
5329,159
5330,159
5331,159
5332,159
5333,159
5334,159
5335,156
5336,156
5337,156
5338,156
5339,156
5340,158
5341,158
5342,158
5343,158
5344,158
5345,159
5346,159
5347,159
5348,159
5349,159
5350,156
5351,156
5352,156
5353,156
5354,156
5355,156
5356,156
5357,156
5358,156
5359,156
5360,159
5361,159
5362,159
5363,159
5364,159
5365,157
5366,157
5367,157
5368,157
5369,157
5370,155
5371,155
5372,155
5373,155
5374,155
5375,158
5376,158
5377,158
5378,158
5379,158
5380,158
5381,158
5382,158
5383,158
5384,158
5385,155
5386,155
5387,155
5388,155
5389,155
5390,157
5391,157
5392,157
5393,157
5394,157
5395,159
5396,159
5397,159
5398,159
5399,159
5400,155
5401,155
5402,155
5403,155
5404,155
5405,156
5406,156
5407,156
5408,156
5409,156
5410,158
5411,158
5412,158
5413,158
5414,158
5415,157
5416,157
5417,157
5418,157
5419,157
5420,154
5421,154
5422,154
5423,154
5424,154
5425,159
5426,159
5427,159
5428,159
5429,159
5430,158
5431,158
5432,158
5433,158
5434,158
5435,155
5436,155
5437,155
5438,155
5439,155
5440,158
5441,158
5442,158
5443,158
5444,158
5445,160
5446,160
5447,160
5448,160
5449,160
5450,156
5451,156
5452,156
5453,156
5454,156
5455,156
5456,156
5457,156
5458,156
5459,156
5460,160
5461,160
5462,160
5463,160
5464,160
5465,158
5466,158
5467,158
5468,158
5469,158
5470,156
5471,156
5472,156
5473,156
5474,156
5475,160
5476,160
5477,160
5478,160
5479,160
5480,160
5481,160
5482,160
5483,160
5484,160
5485,157
5486,157
5487,157
5488,157
5489,157
5490,159
5491,159
5492,159
5493,159
5494,159
5495,162
5496,162
5497,162
5498,162
5499,162
5500,158
5501,158
5502,158
5503,158
5504,158
5505,159
5506,159
5507,159
5508,159
5509,159
5510,162
5511,162
5512,162
5513,162
5514,162
5515,160
5516,160
5517,160
5518,160
5519,160
5520,157
5521,157
5522,157
5523,157
5524,157
5525,161
5526,161
5527,161
5528,161
5529,161
5530,161
5531,161
5532,161
5533,161
5534,161
5535,158
5536,158
5537,158
5538,158
5539,158
5540,160
5541,160
5542,160
5543,160
5544,160
5545,162
5546,162
5547,162
5548,162
5549,162
5550,158
5551,158
5552,158
5553,158
5554,158
5555,158
5556,158
5557,158
5558,158
5559,158
5560,162
5561,162
5562,162
5563,162
5564,162
5565,160
5566,160
5567,160
5568,160
5569,160
5570,158
5571,158
5572,158
5573,158
5574,158
5575,161
5576,161
5577,161
5578,161
5579,161
5580,161
5581,161
5582,161
5583,161
5584,161
5585,157
5586,157
5587,157
5588,157
5589,157
5590,160
5591,160
5592,160
5593,160
5594,160
5595,162
5596,162
5597,162
5598,162
5599,162
5600,159
5601,159
5602,159
5603,159
5604,159
5605,159
5606,159
5607,159
5608,159
5609,159
5610,163
5611,163
5612,163
5613,163
5614,163
5615,161
5616,161
5617,161
5618,161
5619,161
5620,158
5621,158
5622,158
5623,158
5624,158
5625,162
5626,162
5627,162
5628,162
5629,162
5630,161
5631,161
5632,161
5633,161
5634,161
5635,158
5636,158
5637,158
5638,158
5639,158
5640,161
5641,161
5642,161
5643,161
5644,161
5645,162
5646,162
5647,162
5648,162
5649,162
5650,159
5651,159
5652,159
5653,159
5654,159
5655,159
5656,159
5657,159
5658,159
5659,159
5660,162
5661,162
5662,162
5663,162
5664,162
5665,160
5666,160
5667,160
5668,160
5669,160
5670,158
5671,158
5672,158
5673,158
5674,158
5675,162
5676,162
5677,162
5678,162
5679,162
5680,162
5681,162
5682,162
5683,162
5684,162
5685,158
5686,158
5687,158
5688,158
5689,158
5690,161
5691,161
5692,161
5693,161
5694,161
5695,162
5696,162
5697,162
5698,162
5699,162
5700,159
5701,159
5702,159
5703,159
5704,159
5705,159
5706,159
5707,159
5708,159
5709,159
5710,162
5711,162
5712,162
5713,162
5714,162
5715,160
5716,160
5717,160
5718,160
5719,160
5720,158
5721,158
5722,158
5723,158
5724,158
5725,162
5726,162
5727,162
5728,162
5729,162
5730,161
5731,161
5732,161
5733,161
5734,161
5735,158
5736,158
5737,158
5738,158
5739,158
5740,161
5741,161
5742,161
5743,161
5744,161
5745,162
5746,162
5747,162
5748,162
5749,162
5750,159
5751,159
5752,159
5753,159
5754,159
5755,159
5756,159
5757,159
5758,159
5759,159
5760,162
5761,162
5762,162
5763,162
5764,162
5765,160
5766,160
5767,160
5768,160
5769,160
5770,158
5771,158
5772,158
5773,158
5774,158
5775,161
5776,161
5777,161
5778,161
5779,161
5780,161
5781,161
5782,161
5783,161
5784,161
5785,158
5786,158
5787,158
5788,158
5789,158
5790,161
5791,161
5792,161
5793,161
5794,161
5795,162
5796,162
5797,162
5798,162
5799,162
5800,159
5801,159
5802,159
5803,159
5804,159
5805,159
5806,159
5807,159
5808,159
5809,159
5810,163
5811,163
5812,163
5813,163
5814,163
5815,160
5816,160
5817,160
5818,160
5819,160
5820,158
5821,158
5822,158
5823,158
5824,158
5825,162
5826,162
5827,162
5828,162
5829,162
5830,161
5831,161
5832,161
5833,161
5834,161
5835,158
5836,158
5837,158
5838,158
5839,158
5840,160
5841,160
5842,160
5843,160
5844,160
5845,162
5846,162
5847,162
5848,162
5849,162
5850,158
5851,158
5852,158
5853,158
5854,158
5855,158
5856,158
5857,158
5858,158
5859,158
5860,161
5861,161
5862,161
5863,161
5864,161
5865,159
5866,159
5867,159
5868,159
5869,159
5870,157
5871,157
5872,157
5873,157
5874,157
5875,161
5876,161
5877,161
5878,161
5879,161
5880,160
5881,160
5882,160
5883,160
5884,160
5885,157
5886,157
5887,157
5888,157
5889,157
5890,159
5891,159
5892,159
5893,159
5894,159
5895,161
5896,161
5897,161
5898,161
5899,161
5900,158
5901,158
5902,158
5903,158
5904,158
5905,158
5906,158
5907,158
5908,158
5909,158
5910,161
5911,161
5912,161
5913,161
5914,161
5915,159
5916,159
5917,159
5918,159
5919,159
5920,157
5921,157
5922,157
5923,157
5924,157
5925,161
5926,161
5927,161
5928,161
5929,161
5930,160
5931,160
5932,160
5933,160
5934,160
5935,157
5936,157
5937,157
5938,157
5939,157
5940,159
5941,159
5942,159
5943,159
5944,159
5945,161
5946,161
5947,161
5948,161
5949,161
5950,158
5951,158
5952,158
5953,158
5954,158
5955,158
5956,158
5957,158
5958,158
5959,158
5960,161
5961,161
5962,161
5963,161
5964,161
5965,159
5966,159
5967,159
5968,159
5969,159
5970,157
5971,157
5972,157
5973,157
5974,157
5975,160
5976,160
5977,160
5978,160
5979,160
5980,160
5981,160
5982,160
5983,160
5984,160
5985,157
5986,157
5987,157
5988,157
5989,157
5990,159
5991,159
5992,159
5993,159
5994,159
5995,161
5996,161
5997,161
5998,161
5999,161
6000,159
6001,159
6002,159
6003,159
6004,159
6005,159
6006,159
6007,159
6008,159
6009,159
6010,162
6011,162
6012,162
6013,162
6014,162
6015,160
6016,160
6017,160
6018,160
6019,160
6020,159
6021,159
6022,159
6023,159
6024,159
6025,162
6026,162
6027,162
6028,162
6029,162
6030,162
6031,162
6032,162
6033,162
6034,162
6035,159
6036,159
6037,159
6038,159
6039,159
6040,161
6041,161
6042,161
6043,161
6044,161
6045,163
6046,163
6047,163
6048,163
6049,163
6050,160
6051,160
6052,160
6053,160
6054,160
6055,160
6056,160
6057,160
6058,160
6059,160
6060,163
6061,163
6062,163
6063,163
6064,163
6065,161
6066,161
6067,161
6068,161
6069,161
6070,159
6071,159
6072,159
6073,159
6074,159
6075,163
6076,163
6077,163
6078,163
6079,163
6080,162
6081,162
6082,162
6083,162
6084,162
6085,159
6086,159
6087,159
6088,159
6089,159
6090,162
6091,162
6092,162
6093,162
6094,162
6095,163
6096,163
6097,163
6098,163
6099,163
6100,160
6101,160
6102,160
6103,160
6104,160
6105,160
6106,160
6107,160
6108,160
6109,160
6110,163
6111,163
6112,163
6113,163
6114,163
6115,161
6116,161
6117,161
6118,161
6119,161
6120,159
6121,159
6122,159
6123,159
6124,159
6125,163
6126,163
6127,163
6128,163
6129,163
6130,163
6131,163
6132,163
6133,163
6134,163
6135,160
6136,160
6137,160
6138,160
6139,160
6140,162
6141,162
6142,162
6143,162
6144,162
6145,164
6146,164
6147,164
6148,164
6149,164
6150,161
6151,161
6152,161
6153,161
6154,161
6155,161
6156,161
6157,161
6158,161
6159,161
6160,164
6161,164
6162,164
6163,164
6164,164
6165,162
6166,162
6167,162
6168,162
6169,162
6170,160
6171,160
6172,160
6173,160
6174,160
6175,163
6176,163
6177,163
6178,163
6179,163
6180,162
6181,162
6182,162
6183,162
6184,162
6185,159
6186,159
6187,159
6188,159
6189,159
6190,161
6191,161
6192,161
6193,161
6194,161
6195,163
6196,163
6197,163
6198,163
6199,163
6200,160
6201,160
6202,160
6203,160
6204,160
6205,160
6206,160
6207,160
6208,160
6209,160
6210,164
6211,164
6212,164
6213,164
6214,164
6215,161
6216,161
6217,161
6218,161
6219,161
6220,159
6221,159
6222,159
6223,159
6224,159
6225,163
6226,163
6227,163
6228,163
6229,163
6230,162
6231,162
6232,162
6233,162
6234,162
6235,160
6236,160
6237,160
6238,160
6239,160
6240,162
6241,162
6242,162
6243,162
6244,162
6245,164
6246,164
6247,164
6248,164
6249,164
6250,161
6251,161
6252,161
6253,161
6254,161
6255,161
6256,161
6257,161
6258,161
6259,161
6260,164
6261,164
6262,164
6263,164
6264,164
6265,162
6266,162
6267,162
6268,162
6269,162
6270,160
6271,160
6272,160
6273,160
6274,160
6275,163
6276,163
6277,163
6278,163
6279,163
6280,164
6281,164
6282,164
6283,164
6284,164
6285,160
6286,160
6287,160
6288,160
6289,160
6290,162
6291,162
6292,162
6293,162
6294,162
6295,164
6296,164
6297,164
6298,164
6299,164
6300,161
6301,161
6302,161
6303,161
6304,161
6305,161
6306,161
6307,161
6308,161
6309,161
6310,165
6311,165
6312,165
6313,165
6314,165
6315,162
6316,162
6317,162
6318,162
6319,162
6320,160
6321,160
6322,160
6323,160
6324,160
6325,163
6326,163
6327,163
6328,163
6329,163
6330,163
6331,163
6332,163
6333,163
6334,163
6335,160
6336,160
6337,160
6338,160
6339,160
6340,162
6341,162
6342,162
6343,162
6344,162
6345,163
6346,163
6347,163
6348,163
6349,163
6350,160
6351,160
6352,160
6353,160
6354,160
6355,161
6356,161
6357,161
6358,161
6359,161
6360,164
6361,164
6362,164
6363,164
6364,164
6365,162
6366,162
6367,162
6368,162
6369,162
6370,159
6371,159
6372,159
6373,159
6374,159
6375,163
6376,163
6377,163
6378,163
6379,163
6380,163
6381,163
6382,163
6383,163
6384,163
6385,159
6386,159
6387,159
6388,159
6389,159
6390,161
6391,161
6392,161
6393,161
6394,161
6395,163
6396,163
6397,163
6398,163
6399,163
6400,159
6401,159
6402,159
6403,159
6404,159
6405,159
6406,159
6407,159
6408,159
6409,159
6410,163
6411,163
6412,163
6413,163
6414,163
6415,160
6416,160
6417,160
6418,160
6419,160
6420,158
6421,158
6422,158
6423,158
6424,158
6425,161
6426,161
6427,161
6428,161
6429,161
6430,161
6431,161
6432,161
6433,161
6434,161
6435,158
6436,158
6437,158
6438,158
6439,158
6440,160
6441,160
6442,160
6443,160
6444,160
6445,162
6446,162
6447,162
6448,162
6449,162
6450,158
6451,158
6452,158
6453,158
6454,158
6455,159
6456,159
6457,159
6458,159
6459,159
6460,162
6461,162
6462,162
6463,162
6464,162
6465,160
6466,160
6467,160
6468,160
6469,160
6470,158
6471,158
6472,158
6473,158
6474,158
6475,161
6476,161
6477,161
6478,161
6479,161
6480,161
6481,161
6482,161
6483,161
6484,161
6485,157
6486,157
6487,157
6488,157
6489,157
6490,160
6491,160
6492,160
6493,160
6494,160
6495,161
6496,161
6497,161
6498,161
6499,161
6500,158
6501,158
6502,158
6503,158
6504,158
6505,158
6506,158
6507,158
6508,158
6509,158
6510,161
6511,161
6512,161
6513,161
6514,161
6515,159
6516,159
6517,159
6518,159
6519,159
6520,157
6521,157
6522,157
6523,157
6524,157
6525,161
6526,161
6527,161
6528,161
6529,161
6530,160
6531,160
6532,160
6533,160
6534,160
6535,157
6536,157
6537,157
6538,157
6539,157
6540,159
6541,159
6542,159
6543,159
6544,159
6545,161
6546,161
6547,161
6548,161
6549,161
6550,158
6551,158
6552,158
6553,158
6554,158
6555,158
6556,158
6557,158
6558,158
6559,158
6560,161
6561,161
6562,161
6563,161
6564,161
6565,159
6566,159
6567,159
6568,159
6569,159
6570,157
6571,157
6572,157
6573,157
6574,157
6575,161
6576,161
6577,161
6578,161
6579,161
6580,161
6581,161
6582,161
6583,161
6584,161
6585,158
6586,158
6587,158
6588,158
6589,158
6590,161
6591,161
6592,161
6593,161
6594,161
6595,162
6596,162
6597,162
6598,162
6599,162
6600,159
6601,159
6602,159
6603,159
6604,159
6605,159
6606,159
6607,159
6608,159
6609,159
6610,162
6611,162
6612,162
6613,162
6614,162
6615,160
6616,160
6617,160
6618,160
6619,160
6620,158
6621,158
6622,158
6623,158
6624,158
6625,162
6626,162
6627,162
6628,162
6629,162
6630,161
6631,161
6632,161
6633,161
6634,161
6635,158
6636,158
6637,158
6638,158
6639,158
6640,160
6641,160
6642,160
6643,160
6644,160
6645,162
6646,162
6647,162
6648,162
6649,162
6650,159
6651,159
6652,159
6653,159
6654,159
6655,159
6656,159
6657,159
6658,159
6659,159
6660,162
6661,162
6662,162
6663,162
6664,162
6665,160
6666,160
6667,160
6668,160
6669,160
6670,158
6671,158
6672,158
6673,158
6674,158
6675,161
6676,161
6677,161
6678,161
6679,161
6680,161
6681,161
6682,161
6683,161
6684,161
6685,158
6686,158
6687,158
6688,158
6689,158
6690,160
6691,160
6692,160
6693,160
6694,160
6695,162
6696,162
6697,162
6698,162
6699,162
6700,159
6701,159
6702,159
6703,159
6704,159
6705,158
6706,158
6707,158
6708,158
6709,158
6710,162
6711,162
6712,162
6713,162
6714,162
6715,160
6716,160
6717,160
6718,160
6719,160
6720,158
6721,158
6722,158
6723,158
6724,158
6725,161
6726,161
6727,161
6728,161
6729,161
6730,161
6731,161
6732,161
6733,161
6734,161
6735,158
6736,158
6737,158
6738,158
6739,158
6740,160
6741,160
6742,160
6743,160
6744,160
6745,162
6746,162
6747,162
6748,162
6749,162
6750,158
6751,158
6752,158
6753,158
6754,158
6755,158
6756,158
6757,158
6758,158
6759,158
6760,161
6761,161
6762,161
6763,161
6764,161
6765,159
6766,159
6767,159
6768,159
6769,159
6770,157
6771,157
6772,157
6773,157
6774,157
6775,160
6776,160
6777,160
6778,160
6779,160
6780,160
6781,160
6782,160
6783,160
6784,160
6785,157
6786,157
6787,157
6788,157
6789,157
6790,159
6791,159
6792,159
6793,159
6794,159
6795,161
6796,161
6797,161
6798,161
6799,161
6800,157
6801,157
6802,157
6803,157
6804,157
6805,157
6806,157
6807,157
6808,157
6809,157
6810,160
6811,160
6812,160
6813,160
6814,160
6815,159
6816,159
6817,159
6818,159
6819,159
6820,156
6821,156
6822,156
6823,156
6824,156
6825,160
6826,160
6827,160
6828,160
6829,160
6830,160
6831,160
6832,160
6833,160
6834,160
6835,156
6836,156
6837,156
6838,156
6839,156
6840,158
6841,158
6842,158
6843,158
6844,158
6845,160
6846,160
6847,160
6848,160
6849,160
6850,157
6851,157
6852,157
6853,157
6854,157
6855,157
6856,157
6857,157
6858,157
6859,157
6860,160
6861,160
6862,160
6863,160
6864,160
6865,159
6866,159
6867,159
6868,159
6869,159
6870,157
6871,157
6872,157
6873,157
6874,157
6875,160
6876,160
6877,160
6878,160
6879,160
6880,160
6881,160
6882,160
6883,160
6884,160
6885,157
6886,157
6887,157
6888,157
6889,157
6890,159
6891,159
6892,159
6893,159
6894,159
6895,161
6896,161
6897,161
6898,161
6899,161
6900,158
6901,158
6902,158
6903,158
6904,158
6905,158
6906,158
6907,158
6908,158
6909,158
6910,161
6911,161
6912,161
6913,161
6914,161
6915,159
6916,159
6917,159
6918,159
6919,159
6920,157
6921,157
6922,157
6923,157
6924,157
6925,160
6926,160
6927,160
6928,160
6929,160
6930,160
6931,160
6932,160
6933,160
6934,160
6935,156
6936,156
6937,156
6938,156
6939,156
6940,159
6941,159
6942,159
6943,159
6944,159
6945,161
6946,161
6947,161
6948,161
6949,161
6950,158
6951,158
6952,158
6953,158
6954,158
6955,158
6956,158
6957,158
6958,158
6959,158
6960,161
6961,161
6962,161
6963,161
6964,161
6965,160
6966,160
6967,160
6968,160
6969,160
6970,157
6971,157
6972,157
6973,157
6974,157
6975,160
6976,160
6977,160
6978,160
6979,160
6980,160
6981,160
6982,160
6983,160
6984,160
6985,157
6986,157
6987,157
6988,157
6989,157
6990,159
6991,159
6992,159
6993,159
6994,159
6995,161
6996,161
6997,161
6998,161
6999,161
7000,157
7001,157
7002,157
7003,157
7004,157
7005,158
7006,158
7007,158
7008,158
7009,158
7010,161
7011,161
7012,161
7013,161
7014,161
7015,158
7016,158
7017,158
7018,158
7019,158
7020,157
7021,157
7022,157
7023,157
7024,157
7025,160
7026,160
7027,160
7028,160
7029,160
7030,160
7031,160
7032,160
7033,160
7034,160
7035,157
7036,157
7037,157
7038,157
7039,157
7040,159
7041,159
7042,159
7043,159
7044,159
7045,161
7046,161
7047,161
7048,161
7049,161
7050,157
7051,157
7052,157
7053,157
7054,157
7055,157
7056,157
7057,157
7058,157
7059,157
7060,160
7061,160
7062,160
7063,160
7064,160
7065,159
7066,159
7067,159
7068,159
7069,159
7070,156
7071,156
7072,156
7073,156
7074,156
7075,160
7076,160
7077,160
7078,160
7079,160
7080,160
7081,160
7082,160
7083,160
7084,160
7085,157
7086,157
7087,157
7088,157
7089,157
7090,159
7091,159
7092,159
7093,159
7094,159
7095,161
7096,161
7097,161
7098,161
7099,161
7100,158
7101,158
7102,158
7103,158
7104,158
7105,158
7106,158
7107,158
7108,158
7109,158
7110,161
7111,161
7112,161
7113,161
7114,161
7115,159
7116,159
7117,159
7118,159
7119,159
7120,158
7121,158
7122,158
7123,158
7124,158
7125,162
7126,162
7127,162
7128,162
7129,162
7130,162
7131,162
7132,162
7133,162
7134,162
7135,158
7136,158
7137,158
7138,158
7139,158
7140,160
7141,160
7142,160
7143,160
7144,160
7145,163
7146,163
7147,163
7148,163
7149,163
7150,159
7151,159
7152,159
7153,159
7154,159
7155,160
7156,160
7157,160
7158,160
7159,160
7160,163
7161,163
7162,163
7163,163
7164,163
7165,161
7166,161
7167,161
7168,161
7169,161
7170,159
7171,159
7172,159
7173,159
7174,159
7175,162
7176,162
7177,162
7178,162
7179,162
7180,162
7181,162
7182,162
7183,162
7184,162
7185,158
7186,158
7187,158
7188,158
7189,158
7190,161
7191,161
7192,161
7193,161
7194,161
7195,162
7196,162
7197,162
7198,162
7199,162
7200,159
7201,159
7202,159
7203,159
7204,159
7205,159
7206,159
7207,159
7208,159
7209,159
7210,162
7211,162
7212,162
7213,162
7214,162
7215,160
7216,160
7217,160
7218,160
7219,160
7220,158
7221,158
7222,158
7223,158
7224,158
7225,161
7226,161
7227,161
7228,161
7229,161
7230,161
7231,161
7232,161
7233,161
7234,161
7235,158
7236,158
7237,158
7238,158
7239,158
7240,161
7241,161
7242,161
7243,161
7244,161
7245,162
7246,162
7247,162
7248,162
7249,162
7250,159
7251,159
7252,159
7253,159
7254,159
7255,159
7256,159
7257,159
7258,159
7259,159
7260,162
7261,162
7262,162
7263,162
7264,162
7265,160
7266,160
7267,160
7268,160
7269,160
7270,158
7271,158
7272,158
7273,158
7274,158
7275,162
7276,162
7277,162
7278,162
7279,162
7280,161
7281,161
7282,161
7283,161
7284,161
7285,157
7286,157
7287,157
7288,157
7289,157
7290,159
7291,159
7292,159
7293,159
7294,159
7295,161
7296,161
7297,161
7298,161
7299,161
7300,158
7301,158
7302,158
7303,158
7304,158
7305,158
7306,158
7307,158
7308,158
7309,158
7310,161
7311,161
7312,161
7313,161
7314,161
7315,159
7316,159
7317,159
7318,159
7319,159
7320,157
7321,157
7322,157
7323,157
7324,157
7325,160
7326,160
7327,160
7328,160
7329,160
7330,160
7331,160
7332,160
7333,160
7334,160
7335,157
7336,157
7337,157
7338,157
7339,157
7340,159
7341,159
7342,159
7343,159
7344,159
7345,161
7346,161
7347,161
7348,161
7349,161
7350,157
7351,157
7352,157
7353,157
7354,157
7355,157
7356,157
7357,157
7358,157
7359,157
7360,160
7361,160
7362,160
7363,160
7364,160
7365,159
7366,159
7367,159
7368,159
7369,159
7370,156
7371,156
7372,156
7373,156
7374,156
7375,160
7376,160
7377,160
7378,160
7379,160
7380,160
7381,160
7382,160
7383,160
7384,160
7385,156
7386,156
7387,156
7388,156
7389,156
7390,158
7391,158
7392,158
7393,158
7394,158
7395,160
7396,160
7397,160
7398,160
7399,160
7400,157
7401,157
7402,157
7403,157
7404,157
7405,157
7406,157
7407,157
7408,157
7409,157
7410,160
7411,160
7412,160
7413,160
7414,160
7415,158
7416,158
7417,158
7418,158
7419,158
7420,156
7421,156
7422,156
7423,156
7424,156
7425,159
7426,159
7427,159
7428,159
7429,159
7430,160
7431,160
7432,160
7433,160
7434,160
7435,156
7436,156
7437,156
7438,156
7439,156
7440,158
7441,158
7442,158
7443,158
7444,158
7445,160
7446,160
7447,160
7448,160
7449,160
7450,157
7451,157
7452,157
7453,157
7454,157
7455,157
7456,157
7457,157
7458,157
7459,157
7460,160
7461,160
7462,160
7463,160
7464,160
7465,159
7466,159
7467,159
7468,159
7469,159
7470,156
7471,156
7472,156
7473,156
7474,156
7475,160
7476,160
7477,160
7478,160
7479,160
7480,160
7481,160
7482,160
7483,160
7484,160
7485,156
7486,156
7487,156
7488,156
7489,156
7490,159
7491,159
7492,159
7493,159
7494,159
7495,161
7496,161
7497,161
7498,161
7499,161
7500,157
7501,157
7502,157
7503,157
7504,157
7505,156
7506,156
7507,156
7508,156
7509,156
7510,160
7511,160
7512,160
7513,160
7514,160
7515,158
7516,158
7517,158
7518,158
7519,158
7520,156
7521,156
7522,156
7523,156
7524,156
7525,159
7526,159
7527,159
7528,159
7529,159
7530,160
7531,160
7532,160
7533,160
7534,160
7535,156
7536,156
7537,156
7538,156
7539,156
7540,158
7541,158
7542,158
7543,158
7544,158
7545,160
7546,160
7547,160
7548,160
7549,160
7550,156
7551,156
7552,156
7553,156
7554,156
7555,157
7556,157
7557,157
7558,157
7559,157
7560,160
7561,160
7562,160
7563,160
7564,160
7565,158
7566,158
7567,158
7568,158
7569,158
7570,155
7571,155
7572,155
7573,155
7574,155
7575,159
7576,159
7577,159
7578,159
7579,159
7580,159
7581,159
7582,159
7583,159
7584,159
7585,155
7586,155
7587,155
7588,155
7589,155
7590,158
7591,158
7592,158
7593,158
7594,158
7595,160
7596,160
7597,160
7598,160
7599,160
7600,156
7601,156
7602,156
7603,156
7604,156
7605,156
7606,156
7607,156
7608,156
7609,156
7610,159
7611,159
7612,159
7613,159
7614,159
7615,158
7616,158
7617,158
7618,158
7619,158
7620,156
7621,156
7622,156
7623,156
7624,156
7625,159
7626,159
7627,159
7628,159
7629,159
7630,159
7631,159
7632,159
7633,159
7634,159
7635,155
7636,155
7637,155
7638,155
7639,155
7640,157
7641,157
7642,157
7643,157
7644,157
7645,159
7646,159
7647,159
7648,159
7649,159
7650,156
7651,156
7652,156
7653,156
7654,156
7655,156
7656,156
7657,156
7658,156
7659,156
7660,160
7661,160
7662,160
7663,160
7664,160
7665,158
7666,158
7667,158
7668,158
7669,158
7670,155
7671,155
7672,155
7673,155
7674,155
7675,159
7676,159
7677,159
7678,159
7679,159
7680,159
7681,159
7682,159
7683,159
7684,159
7685,156
7686,156
7687,156
7688,156
7689,156
7690,159
7691,159
7692,159
7693,159
7694,159
7695,161
7696,161
7697,161
7698,161
7699,161
7700,158
7701,158
7702,158
7703,158
7704,158
7705,158
7706,158
7707,158
7708,158
7709,158
7710,161
7711,161
7712,161
7713,161
7714,161
7715,160
7716,160
7717,160
7718,160
7719,160
7720,157
7721,157
7722,157
7723,157
7724,157
7725,161
7726,161
7727,161
7728,161
7729,161
7730,161
7731,161
7732,161
7733,161
7734,161
7735,158
7736,158
7737,158
7738,158
7739,158
7740,160
7741,160
7742,160
7743,160
7744,160
7745,162
7746,162
7747,162
7748,162
7749,162
7750,159
7751,159
7752,159
7753,159
7754,159
7755,159
7756,159
7757,159
7758,159
7759,159
7760,162
7761,162
7762,162
7763,162
7764,162
7765,160
7766,160
7767,160
7768,160
7769,160
7770,157
7771,157
7772,157
7773,157
7774,157
7775,161
7776,161
7777,161
7778,161
7779,161
7780,161
7781,161
7782,161
7783,161
7784,161
7785,158
7786,158
7787,158
7788,158
7789,158
7790,160
7791,160
7792,160
7793,160
7794,160
7795,162
7796,162
7797,162
7798,162
7799,162
7800,159
7801,159
7802,159
7803,159
7804,159
7805,158
7806,158
7807,158
7808,158
7809,158
7810,162
7811,162
7812,162
7813,162
7814,162
7815,160
7816,160
7817,160
7818,160
7819,160
7820,158
7821,158
7822,158
7823,158
7824,158
7825,161
7826,161
7827,161
7828,161
7829,161
7830,161
7831,161
7832,161
7833,161
7834,161
7835,158
7836,158
7837,158
7838,158
7839,158
7840,159
7841,159
7842,159
7843,159
7844,159
7845,161
7846,161
7847,161
7848,161
7849,161
7850,158
7851,158
7852,158
7853,158
7854,158
7855,158
7856,158
7857,158
7858,158
7859,158
7860,161
7861,161
7862,161
7863,161
7864,161
7865,159
7866,159
7867,159
7868,159
7869,159
7870,157
7871,157
7872,157
7873,157
7874,157
7875,161
7876,161
7877,161
7878,161
7879,161
7880,160
7881,160
7882,160
7883,160
7884,160
7885,157
7886,157
7887,157
7888,157
7889,157
7890,159
7891,159
7892,159
7893,159
7894,159
7895,161
7896,161
7897,161
7898,161
7899,161
7900,158
7901,158
7902,158
7903,158
7904,158
7905,158
7906,158
7907,158
7908,158
7909,158
7910,161
7911,161
7912,161
7913,161
7914,161
7915,159
7916,159
7917,159
7918,159
7919,159
7920,157
7921,157
7922,157
7923,157
7924,157
7925,160
7926,160
7927,160
7928,160
7929,160
7930,160
7931,160
7932,160
7933,160
7934,160
7935,158
7936,158
7937,158
7938,158
7939,158
7940,160
7941,160
7942,160
7943,160
7944,160
7945,162
7946,162
7947,162
7948,162
7949,162
7950,158
7951,158
7952,158
7953,158
7954,158
7955,159
7956,159
7957,159
7958,159
7959,159
7960,162
7961,162
7962,162
7963,162
7964,162
7965,160
7966,160
7967,160
7968,160
7969,160
7970,158
7971,158
7972,158
7973,158
7974,158
7975,161
7976,161
7977,161
7978,161
7979,161
7980,161
7981,161
7982,161
7983,161
7984,161
7985,158
7986,158
7987,158
7988,158
7989,158
7990,160
7991,160
7992,160
7993,160
7994,160
7995,162
7996,162
7997,162
7998,162
7999,162
8000,159
8001,159
8002,159
8003,159
8004,159
8005,158
8006,158
8007,158
8008,158
8009,158
8010,162
8011,162
8012,162
8013,162
8014,162
8015,160
8016,160
8017,160
8018,160
8019,160
8020,157
8021,157
8022,157
8023,157
8024,157
8025,161
8026,161
8027,161
8028,161
8029,161
8030,161
8031,161
8032,161
8033,161
8034,161
8035,158
8036,158
8037,158
8038,158
8039,158
8040,160
8041,160
8042,160
8043,160
8044,160
8045,162
8046,162
8047,162
8048,162
8049,162
8050,158
8051,158
8052,158
8053,158
8054,158
8055,158
8056,158
8057,158
8058,158
8059,158
8060,162
8061,162
8062,162
8063,162
8064,162
8065,160
8066,160
8067,160
8068,160
8069,160
8070,157
8071,157
8072,157
8073,157
8074,157
8075,161
8076,161
8077,161
8078,161
8079,161
8080,160
8081,160
8082,160
8083,160
8084,160
8085,157
8086,157
8087,157
8088,157
8089,157
8090,159
8091,159
8092,159
8093,159
8094,159
8095,161
8096,161
8097,161
8098,161
8099,161
8100,158
8101,158
8102,158
8103,158
8104,158
8105,157
8106,157
8107,157
8108,157
8109,157
8110,161
8111,161
8112,161
8113,161
8114,161
8115,159
8116,159
8117,159
8118,159
8119,159
8120,156
8121,156
8122,156
8123,156
8124,156
8125,160
8126,160
8127,160
8128,160
8129,160
8130,160
8131,160
8132,160
8133,160
8134,160
8135,157
8136,157
8137,157
8138,157
8139,157
8140,159
8141,159
8142,159
8143,159
8144,159
8145,161
8146,161
8147,161
8148,161
8149,161
8150,158
8151,158
8152,158
8153,158
8154,158
8155,158
8156,158
8157,158
8158,158
8159,158
8160,161
8161,161
8162,161
8163,161
8164,161
8165,159
8166,159
8167,159
8168,159
8169,159
8170,156
8171,156
8172,156
8173,156
8174,156
8175,160
8176,160
8177,160
8178,160
8179,160
8180,160
8181,160
8182,160
8183,160
8184,160
8185,156
8186,156
8187,156
8188,156
8189,156
8190,158
8191,158
8192,158
8193,158
8194,158
8195,161
8196,161
8197,161
8198,161
8199,161
8200,158
8201,158
8202,158
8203,158
8204,158
8205,157
8206,157
8207,157
8208,157
8209,157
8210,161
8211,161
8212,161
8213,161
8214,161
8215,159
8216,159
8217,159
8218,159
8219,159
8220,157
8221,157
8222,157
8223,157
8224,157
8225,160
8226,160
8227,160
8228,160
8229,160
8230,161
8231,161
8232,161
8233,161
8234,161
8235,157
8236,157
8237,157
8238,157
8239,157
8240,160
8241,160
8242,160
8243,160
8244,160
8245,162
8246,162
8247,162
8248,162
8249,162
8250,159
8251,159
8252,159
8253,159
8254,159
8255,159
8256,159
8257,159
8258,159
8259,159
8260,162
8261,162
8262,162
8263,162
8264,162
8265,161
8266,161
8267,161
8268,161
8269,161
8270,158
8271,158
8272,158
8273,158
8274,158
8275,162
8276,162
8277,162
8278,162
8279,162
8280,163
8281,163
8282,163
8283,163
8284,163
8285,159
8286,159
8287,159
8288,159
8289,159
8290,161
8291,161
8292,161
8293,161
8294,161
8295,163
8296,163
8297,163
8298,163
8299,163
8300,160
8301,160
8302,160
8303,160
8304,160
8305,160
8306,160
8307,160
8308,160
8309,160
8310,163
8311,163
8312,163
8313,163
8314,163
8315,161
8316,161
8317,161
8318,161
8319,161
8320,159
8321,159
8322,159
8323,159
8324,159
8325,162
8326,162
8327,162
8328,162
8329,162
8330,163
8331,163
8332,163
8333,163
8334,163
8335,159
8336,159
8337,159
8338,159
8339,159
8340,161
8341,161
8342,161
8343,161
8344,161
8345,163
8346,163
8347,163
8348,163
8349,163
8350,160
8351,160
8352,160
8353,160
8354,160
8355,160
8356,160
8357,160
8358,160
8359,160
8360,163
8361,163
8362,163
8363,163
8364,163
8365,161
8366,161
8367,161
8368,161
8369,161
8370,158
8371,158
8372,158
8373,158
8374,158
8375,162
8376,162
8377,162
8378,162
8379,162
8380,162
8381,162
8382,162
8383,162
8384,162
8385,158
8386,158
8387,158
8388,158
8389,158
8390,160
8391,160
8392,160
8393,160
8394,160
8395,163
8396,163
8397,163
8398,163
8399,163
8400,159
8401,159
8402,159
8403,159
8404,159
8405,159
8406,159
8407,159
8408,159
8409,159
8410,162
8411,162
8412,162
8413,162
8414,162
8415,161
8416,161
8417,161
8418,161
8419,161
8420,158
8421,158
8422,158
8423,158
8424,158
8425,161
8426,161
8427,161
8428,161
8429,161
8430,161
8431,161
8432,161
8433,161
8434,161
8435,158
8436,158
8437,158
8438,158
8439,158
8440,159
8441,159
8442,159
8443,159
8444,159
8445,162
8446,162
8447,162
8448,162
8449,162
8450,159
8451,159
8452,159
8453,159
8454,159
8455,158
8456,158
8457,158
8458,158
8459,158
8460,162
8461,162
8462,162
8463,162
8464,162
8465,160
8466,160
8467,160
8468,160
8469,160
8470,158
8471,158
8472,158
8473,158
8474,158
8475,161
8476,161
8477,161
8478,161
8479,161
8480,161
8481,161
8482,161
8483,161
8484,161
8485,158
8486,158
8487,158
8488,158
8489,158
8490,160
8491,160
8492,160
8493,160
8494,160
8495,162
8496,162
8497,162
8498,162
8499,162
8500,159
8501,159
8502,159
8503,159
8504,159
8505,159
8506,159
8507,159
8508,159
8509,159
8510,162
8511,162
8512,162
8513,162
8514,162
8515,160
8516,160
8517,160
8518,160
8519,160
8520,158
8521,158
8522,158
8523,158
8524,158
8525,161
8526,161
8527,161
8528,161
8529,161
8530,161
8531,161
8532,161
8533,161
8534,161
8535,157
8536,157
8537,157
8538,157
8539,157
8540,159
8541,159
8542,159
8543,159
8544,159
8545,162
8546,162
8547,162
8548,162
8549,162
8550,159
8551,159
8552,159
8553,159
8554,159
8555,158
8556,158
8557,158
8558,158
8559,158
8560,162
8561,162
8562,162
8563,162
8564,162
8565,160
8566,160
8567,160
8568,160
8569,160
8570,157
8571,157
8572,157
8573,157
8574,157
8575,161
8576,161
8577,161
8578,161
8579,161
8580,161
8581,161
8582,161
8583,161
8584,161
8585,157
8586,157
8587,157
8588,157
8589,157
8590,159
8591,159
8592,159
8593,159
8594,159
8595,161
8596,161
8597,161
8598,161
8599,161
8600,158
8601,158
8602,158
8603,158
8604,158
8605,158
8606,158
8607,158
8608,158
8609,158
8610,161
8611,161
8612,161
8613,161
8614,161
8615,160
8616,160
8617,160
8618,160
8619,160
8620,157
8621,157
8622,157
8623,157
8624,157
8625,160
8626,160
8627,160
8628,160
8629,160
8630,160
8631,160
8632,160
8633,160
8634,160
8635,156
8636,156
8637,156
8638,156
8639,156
8640,158
8641,158
8642,158
8643,158
8644,158
8645,160
8646,160
8647,160
8648,160
8649,160
8650,157
8651,157
8652,157
8653,157
8654,157
8655,157
8656,157
8657,157
8658,157
8659,157
8660,160
8661,160
8662,160
8663,160
8664,160
8665,158
8666,158
8667,158
8668,158
8669,158
8670,155
8671,155
8672,155
8673,155
8674,155
8675,159
8676,159
8677,159
8678,159
8679,159
8680,159
8681,159
8682,159
8683,159
8684,159
8685,156
8686,156
8687,156
8688,156
8689,156
8690,158
8691,158
8692,158
8693,158
8694,158
8695,160
8696,160
8697,160
8698,160
8699,160
8700,157
8701,157
8702,157
8703,157
8704,157
8705,157
8706,157
8707,157
8708,157
8709,157
8710,160
8711,160
8712,160
8713,160
8714,160
8715,158
8716,158
8717,158
8718,158
8719,158
8720,155
8721,155
8722,155
8723,155
8724,155
8725,158
8726,158
8727,158
8728,158
8729,158
8730,159
8731,159
8732,159
8733,159
8734,159
8735,155
8736,155
8737,155
8738,155
8739,155
8740,157
8741,157
8742,157
8743,157
8744,157
8745,159
8746,159
8747,159
8748,159
8749,159
8750,156
8751,156
8752,156
8753,156
8754,156
8755,156
8756,156
8757,156
8758,156
8759,156
8760,159
8761,159
8762,159
8763,159
8764,159
8765,158
8766,158
8767,158
8768,158
8769,158
8770,155
8771,155
8772,155
8773,155
8774,155
8775,158
8776,158
8777,158
8778,158
8779,158
8780,159
8781,159
8782,159
8783,159
8784,159
8785,155
8786,155
8787,155
8788,155
8789,155
8790,157
8791,157
8792,157
8793,157
8794,157
8795,159
8796,159
8797,159
8798,159
8799,159
8800,156
8801,156
8802,156
8803,156
8804,156
8805,156
8806,156
8807,156
8808,156
8809,156
8810,159
8811,159
8812,159
8813,159
8814,159
8815,157
8816,157
8817,157
8818,157
8819,157
8820,155
8821,155
8822,155
8823,155
8824,155
8825,158
8826,158
8827,158
8828,158
8829,158
8830,159
8831,159
8832,159
8833,159
8834,159
8835,155
8836,155
8837,155
8838,155
8839,155
8840,158
8841,158
8842,158
8843,158
8844,158
8845,159
8846,159
8847,159
8848,159
8849,159
8850,156
8851,156
8852,156
8853,156
8854,156
8855,156
8856,156
8857,156
8858,156
8859,156
8860,159
8861,159
8862,159
8863,159
8864,159
8865,157
8866,157
8867,157
8868,157
8869,157
8870,155
8871,155
8872,155
8873,155
8874,155
8875,158
8876,158
8877,158
8878,158
8879,158
8880,158
8881,158
8882,158
8883,158
8884,158
8885,155
8886,155
8887,155
8888,155
8889,155
8890,156
8891,156
8892,156
8893,156
8894,156
8895,159
8896,159
8897,159
8898,159
8899,159
8900,156
8901,156
8902,156
8903,156
8904,156
8905,156
8906,156
8907,156
8908,156
8909,156
8910,159
8911,159
8912,159
8913,159
8914,159
8915,157
8916,157
8917,157
8918,157
8919,157
8920,155
8921,155
8922,155
8923,155
8924,155
8925,158
8926,158
8927,158
8928,158
8929,158
8930,159
8931,159
8932,159
8933,159
8934,159
8935,155
8936,155
8937,155
8938,155
8939,155
8940,157
8941,157
8942,157
8943,157
8944,157
8945,159
8946,159
8947,159
8948,159
8949,159
8950,156
8951,156
8952,156
8953,156
8954,156
8955,156
8956,156
8957,156
8958,156
8959,156
8960,159
8961,159
8962,159
8963,159
8964,159
8965,157
8966,157
8967,157
8968,157
8969,157
8970,155
8971,155
8972,155
8973,155
8974,155
8975,158
8976,158
8977,158
8978,158
8979,158
8980,158
8981,158
8982,158
8983,158
8984,158
8985,155
8986,155
8987,155
8988,155
8989,155
8990,156
8991,156
8992,156
8993,156
8994,156
8995,159
8996,159
8997,159
8998,159
8999,159
9000,155
9001,155
9002,155
9003,155
9004,155
9005,155
9006,155
9007,155
9008,155
9009,155
9010,159
9011,159
9012,159
9013,159
9014,159
9015,157
9016,157
9017,157
9018,157
9019,157
9020,154
9021,154
9022,154
9023,154
9024,154
9025,158
9026,158
9027,158
9028,158
9029,158
9030,158
9031,158
9032,158
9033,158
9034,158
9035,154
9036,154
9037,154
9038,154
9039,154
9040,156
9041,156
9042,156
9043,156
9044,156
9045,158
9046,158
9047,158
9048,158
9049,158
9050,155
9051,155
9052,155
9053,155
9054,155
9055,155
9056,155
9057,155
9058,155
9059,155
9060,159
9061,159
9062,159
9063,159
9064,159
9065,157
9066,157
9067,157
9068,157
9069,157
9070,154
9071,154
9072,154
9073,154
9074,154
9075,158
9076,158
9077,158
9078,158
9079,158
9080,158
9081,158
9082,158
9083,158
9084,158
9085,155
9086,155
9087,155
9088,155
9089,155
9090,157
9091,157
9092,157
9093,157
9094,157
9095,159
9096,159
9097,159
9098,159
9099,159
9100,156
9101,156
9102,156
9103,156
9104,156
9105,156
9106,156
9107,156
9108,156
9109,156
9110,159
9111,159
9112,159
9113,159
9114,159
9115,158
9116,158
9117,158
9118,158
9119,158
9120,155
9121,155
9122,155
9123,155
9124,155
9125,158
9126,158
9127,158
9128,158
9129,158
9130,159
9131,159
9132,159
9133,159
9134,159
9135,155
9136,155
9137,155
9138,155
9139,155
9140,157
9141,157
9142,157
9143,157
9144,157
9145,159
9146,159
9147,159
9148,159
9149,159
9150,156
9151,156
9152,156
9153,156
9154,156
9155,156
9156,156
9157,156
9158,156
9159,156
9160,159
9161,159
9162,159
9163,159
9164,159
9165,158
9166,158
9167,158
9168,158
9169,158
9170,155
9171,155
9172,155
9173,155
9174,155
9175,159
9176,159
9177,159
9178,159
9179,159
9180,159
9181,159
9182,159
9183,159
9184,159
9185,155
9186,155
9187,155
9188,155
9189,155
9190,157
9191,157
9192,157
9193,157
9194,157
9195,159
9196,159
9197,159
9198,159
9199,159
9200,156
9201,156
9202,156
9203,156
9204,156
9205,156
9206,156
9207,156
9208,156
9209,156
9210,159
9211,159
9212,159
9213,159
9214,159
9215,158
9216,158
9217,158
9218,158
9219,158
9220,155
9221,155
9222,155
9223,155
9224,155
9225,158
9226,158
9227,158
9228,158
9229,158
9230,159
9231,159
9232,159
9233,159
9234,159
9235,155
9236,155
9237,155
9238,155
9239,155
9240,157
9241,157
9242,157
9243,157
9244,157
9245,159
9246,159
9247,159
9248,159
9249,159
9250,156
9251,156
9252,156
9253,156
9254,156
9255,155
9256,155
9257,155
9258,155
9259,155
9260,159
9261,159
9262,159
9263,159
9264,159
9265,158
9266,158
9267,158
9268,158
9269,158
9270,155
9271,155
9272,155
9273,155
9274,155
9275,158
9276,158
9277,158
9278,158
9279,158
9280,158
9281,158
9282,158
9283,158
9284,158
9285,155
9286,155
9287,155
9288,155
9289,155
9290,157
9291,157
9292,157
9293,157
9294,157
9295,159
9296,159
9297,159
9298,159
9299,159
9300,156
9301,156
9302,156
9303,156
9304,156
9305,156
9306,156
9307,156
9308,156
9309,156
9310,159
9311,159
9312,159
9313,159
9314,159
9315,158
9316,158
9317,158
9318,158
9319,158
9320,155
9321,155
9322,155
9323,155
9324,155
9325,158
9326,158
9327,158
9328,158
9329,158
9330,159
9331,159
9332,159
9333,159
9334,159
9335,155
9336,155
9337,155
9338,155
9339,155
9340,157
9341,157
9342,157
9343,157
9344,157
9345,159
9346,159
9347,159
9348,159
9349,159
9350,156
9351,156
9352,156
9353,156
9354,156
9355,156
9356,156
9357,156
9358,156
9359,156
9360,160
9361,160
9362,160
9363,160
9364,160
9365,159
9366,159
9367,159
9368,159
9369,159
9370,156
9371,156
9372,156
9373,156
9374,156
9375,159
9376,159
9377,159
9378,159
9379,159
9380,159
9381,159
9382,159
9383,159
9384,159
9385,156
9386,156
9387,156
9388,156
9389,156
9390,158
9391,158
9392,158
9393,158
9394,158
9395,161
9396,161
9397,161
9398,161
9399,161
9400,158
9401,158
9402,158
9403,158
9404,158
9405,158
9406,158
9407,158
9408,158
9409,158
9410,161
9411,161
9412,161
9413,161
9414,161
9415,159
9416,159
9417,159
9418,159
9419,159
9420,157
9421,157
9422,157
9423,157
9424,157
9425,160
9426,160
9427,160
9428,160
9429,160
9430,160
9431,160
9432,160
9433,160
9434,160
9435,157
9436,157
9437,157
9438,157
9439,157
9440,159
9441,159
9442,159
9443,159
9444,159
9445,161
9446,161
9447,161
9448,161
9449,161
9450,158
9451,158
9452,158
9453,158
9454,158
9455,157
9456,157
9457,157
9458,157
9459,157
9460,160
9461,160
9462,160
9463,160
9464,160
9465,159
9466,159
9467,159
9468,159
9469,159
9470,157
9471,157
9472,157
9473,157
9474,157
9475,160
9476,160
9477,160
9478,160
9479,160
9480,160
9481,160
9482,160
9483,160
9484,160
9485,156
9486,156
9487,156
9488,156
9489,156
9490,158
9491,158
9492,158
9493,158
9494,158
9495,160
9496,160
9497,160
9498,160
9499,160
9500,157
9501,157
9502,157
9503,157
9504,157
9505,156
9506,156
9507,156
9508,156
9509,156
9510,160
9511,160
9512,160
9513,160
9514,160
9515,159
9516,159
9517,159
9518,159
9519,159
9520,156
9521,156
9522,156
9523,156
9524,156
9525,160
9526,160
9527,160
9528,160
9529,160
9530,160
9531,160
9532,160
9533,160
9534,160
9535,156
9536,156
9537,156
9538,156
9539,156
9540,158
9541,158
9542,158
9543,158
9544,158
9545,160
9546,160
9547,160
9548,160
9549,160
9550,157
9551,157
9552,157
9553,157
9554,157
9555,156
9556,156
9557,156
9558,156
9559,156
9560,160
9561,160
9562,160
9563,160
9564,160
9565,158
9566,158
9567,158
9568,158
9569,158
9570,156
9571,156
9572,156
9573,156
9574,156
9575,159
9576,159
9577,159
9578,159
9579,159
9580,159
9581,159
9582,159
9583,159
9584,159
9585,156
9586,156
9587,156
9588,156
9589,156
9590,157
9591,157
9592,157
9593,157
9594,157
9595,160
9596,160
9597,160
9598,160
9599,160
9600,157
9601,157
9602,157
9603,157
9604,157
9605,157
9606,157
9607,157
9608,157
9609,157
9610,160
9611,160
9612,160
9613,160
9614,160
9615,158
9616,158
9617,158
9618,158
9619,158
9620,156
9621,156
9622,156
9623,156
9624,156
9625,160
9626,160
9627,160
9628,160
9629,160
9630,160
9631,160
9632,160
9633,160
9634,160
9635,156
9636,156
9637,156
9638,156
9639,156
9640,158
9641,158
9642,158
9643,158
9644,158
9645,160
9646,160
9647,160
9648,160
9649,160
9650,158
9651,158
9652,158
9653,158
9654,158
9655,157
9656,157
9657,157
9658,157
9659,157
9660,161
9661,161
9662,161
9663,161
9664,161
9665,159
9666,159
9667,159
9668,159
9669,159
9670,157
9671,157
9672,157
9673,157
9674,157
9675,161
9676,161
9677,161
9678,161
9679,161
9680,161
9681,161
9682,161
9683,161
9684,161
9685,157
9686,157
9687,157
9688,157
9689,157
9690,158
9691,158
9692,158
9693,158
9694,158
9695,161
9696,161
9697,161
9698,161
9699,161
9700,158
9701,158
9702,158
9703,158
9704,158
9705,157
9706,157
9707,157
9708,157
9709,157
9710,160
9711,160
9712,160
9713,160
9714,160
9715,159
9716,159
9717,159
9718,159
9719,159
9720,156
9721,156
9722,156
9723,156
9724,156
9725,159
9726,159
9727,159
9728,159
9729,159
9730,160
9731,160
9732,160
9733,160
9734,160
9735,156
9736,156
9737,156
9738,156
9739,156
9740,158
9741,158
9742,158
9743,158
9744,158
9745,160
9746,160
9747,160
9748,160
9749,160
9750,157
9751,157
9752,157
9753,157
9754,157
9755,156
9756,156
9757,156
9758,156
9759,156
9760,160
9761,160
9762,160
9763,160
9764,160
9765,158
9766,158
9767,158
9768,158
9769,158
9770,156
9771,156
9772,156
9773,156
9774,156
9775,159
9776,159
9777,159
9778,159
9779,159
9780,160
9781,160
9782,160
9783,160
9784,160
9785,156
9786,156
9787,156
9788,156
9789,156
9790,158
9791,158
9792,158
9793,158
9794,158
9795,161
9796,161
9797,161
9798,161
9799,161
9800,157
9801,157
9802,157
9803,157
9804,157
9805,157
9806,157
9807,157
9808,157
9809,157
9810,161
9811,161
9812,161
9813,161
9814,161
9815,159
9816,159
9817,159
9818,159
9819,159
9820,156
9821,156
9822,156
9823,156
9824,156
9825,159
9826,159
9827,159
9828,159
9829,159
9830,160
9831,160
9832,160
9833,160
9834,160
9835,156
9836,156
9837,156
9838,156
9839,156
9840,158
9841,158
9842,158
9843,158
9844,158
9845,160
9846,160
9847,160
9848,160
9849,160
9850,157
9851,157
9852,157
9853,157
9854,157
9855,156
9856,156
9857,156
9858,156
9859,156
9860,160
9861,160
9862,160
9863,160
9864,160
9865,158
9866,158
9867,158
9868,158
9869,158
9870,156
9871,156
9872,156
9873,156
9874,156
9875,159
9876,159
9877,159
9878,159
9879,159
9880,160
9881,160
9882,160
9883,160
9884,160
9885,156
9886,156
9887,156
9888,156
9889,156
9890,158
9891,158
9892,158
9893,158
9894,158
9895,161
9896,161
9897,161
9898,161
9899,161
9900,158
9901,158
9902,158
9903,158
9904,158
9905,158
9906,158
9907,158
9908,158
9909,158
9910,162
9911,162
9912,162
9913,162
9914,162
9915,161
9916,161
9917,161
9918,161
9919,161
9920,158
9921,158
9922,158
9923,158
9924,158
9925,161
9926,161
9927,161
9928,161
9929,161
9930,163
9931,163
9932,163
9933,163
9934,163
9935,159
9936,159
9937,159
9938,159
9939,159
9940,161
9941,161
9942,161
9943,161
9944,161
9945,163
9946,163
9947,163
9948,163
9949,163
9950,160
9951,160
9952,160
9953,160
9954,160
9955,160
9956,160
9957,160
9958,160
9959,160
9960,163
9961,163
9962,163
9963,163
9964,163
9965,161
9966,161
9967,161
9968,161
9969,161
9970,159
9971,159
9972,159
9973,159
9974,159
9975,162
9976,162
9977,162
9978,162
9979,162
9980,163
9981,163
9982,163
9983,163
9984,163
9985,159
9986,159
9987,159
9988,159
9989,159
9990,161
9991,161
9992,161
9993,161
9994,161
9995,163
9996,163
9997,163
9998,163
9999,163
10000,160

