1,0
2,0
3,0
4,0
5,0
6,0
7,0
8,0
9,0
10,0
11,0
12,0
13,0
14,0
15,0
16,0
17,0
18,0
19,0
20,0
21,0
22,0
23,0
24,0
25,87
26,87
27,87
28,87
29,87
30,87
31,87
32,87
33,87
34,87
35,87
36,87
37,87
38,87
39,87
40,87
41,87
42,87
43,87
44,87
45,87
46,87
47,87
48,87
49,87
50,205
51,205
52,205
53,205
54,205
55,205
56,205
57,205
58,205
59,205
60,205
61,205
62,205
63,205
64,205
65,205
66,205
67,205
68,205
69,205
70,205
71,205
72,205
73,205
74,205
75,229
76,229
77,229
78,229
79,229
80,229
81,229
82,229
83,229
84,229
85,229
86,229
87,229
88,229
89,229
90,229
91,229
92,229
93,229
94,229
95,229
96,229
97,229
98,229
99,229
100,246
101,246
102,246
103,246
104,246
105,246
106,246
107,246
108,246
109,246
110,246
111,246
112,246
113,246
114,246
115,246
116,246
117,246
118,246
119,246
120,246
121,246
122,246
123,246
124,246
125,247
126,247
127,247
128,247
129,247
130,247
131,247
132,247
133,247
134,247
135,247
136,247
137,247
138,247
139,247
140,247
141,247
142,247
143,247
144,247
145,247
146,247
147,247
148,247
149,247
150,254
151,254
152,254
153,254
154,254
155,254
156,254
157,254
158,254
159,254
160,254
161,254
162,254
163,254
164,254
165,254
166,254
167,254
168,254
169,254
170,254
171,254
172,254
173,254
174,254
175,253
176,253
177,253
178,253
179,253
180,253
181,253
182,253
183,253
184,253
185,253
186,253
187,253
188,253
189,253
190,253
191,253
192,253
193,253
194,253
195,253
196,253
197,253
198,253
199,253
200,259
201,259
202,259
203,259
204,259
205,259
206,259
207,259
208,259
209,259
210,259
211,259
212,259
213,259
214,259
215,259
216,259
217,259
218,259
219,259
220,259
221,259
222,259
223,259
224,259
225,257
226,257
227,257
228,257
229,257
230,257
231,257
232,257
233,257
234,257
235,257
236,257
237,257
238,257
239,257
240,257
241,257
242,257
243,257
244,257
245,257
246,257
247,257
248,257
249,257
250,260
251,260
252,260
253,260
254,260
255,260
256,260
257,260
258,260
259,260
260,260
261,260
262,260
263,260
264,260
265,260
266,260
267,260
268,260
269,260
270,260
271,260
272,260
273,260
274,260
275,258
276,258
277,258
278,258
279,258
280,258
281,258
282,258
283,258
284,258
285,258
286,258
287,258
288,258
289,258
290,258
291,258
292,258
293,258
294,258
295,258
296,258
297,258
298,258
299,258
300,262
301,262
302,262
303,262
304,262
305,262
306,262
307,262
308,262
309,262
310,262
311,262
312,262
313,262
314,262
315,262
316,262
317,262
318,262
319,262
320,262
321,262
322,262
323,262
324,262
325,260
326,260
327,260
328,260
329,260
330,260
331,260
332,260
333,260
334,260
335,260
336,260
337,260
338,260
339,260
340,260
341,260
342,260
343,260
344,260
345,260
346,260
347,260
348,260
349,260
350,261
351,261
352,261
353,261
354,261
355,261
356,261
357,261
358,261
359,261
360,261
361,261
362,261
363,261
364,261
365,261
366,261
367,261
368,261
369,261
370,261
371,261
372,261
373,261
374,261
375,261
376,261
377,261
378,261
379,261
380,261
381,261
382,261
383,261
384,261
385,261
386,261
387,261
388,261
389,261
390,261
391,261
392,261
393,261
394,261
395,261
396,261
397,261
398,261
399,261
400,263
401,263
402,263
403,263
404,263
405,263
406,263
407,263
408,263
409,263
410,263
411,263
412,263
413,263
414,263
415,263
416,263
417,263
418,263
419,263
420,263
421,263
422,263
423,263
424,263
425,262
426,262
427,262
428,262
429,262
430,262
431,262
432,262
433,262
434,262
435,262
436,262
437,262
438,262
439,262
440,262
441,262
442,262
443,262
444,262
445,262
446,262
447,262
448,262
449,262
450,262
451,262
452,262
453,262
454,262
455,262
456,262
457,262
458,262
459,262
460,262
461,262
462,262
463,262
464,262
465,262
466,262
467,262
468,262
469,262
470,262
471,262
472,262
473,262
474,262
475,261
476,261
477,261
478,261
479,261
480,261
481,261
482,261
483,261
484,261
485,261
486,261
487,261
488,261
489,261
490,261
491,261
492,261
493,261
494,261
495,261
496,261
497,261
498,261
499,261
500,262
501,262
502,262
503,262
504,262
505,262
506,262
507,262
508,262
509,262
510,262
511,262
512,262
513,262
514,262
515,262
516,262
517,262
518,262
519,262
520,262
521,262
522,262
523,262
524,262
525,262
526,262
527,262
528,262
529,262
530,262
531,262
532,262
533,262
534,262
535,262
536,262
537,262
538,262
539,262
540,262
541,262
542,262
543,262
544,262
545,262
546,262
547,262
548,262
549,262
550,259
551,259
552,259
553,259
554,259
555,259
556,259
557,259
558,259
559,259
560,259
561,259
562,259
563,259
564,259
565,259
566,259
567,259
568,259
569,259
570,259
571,259
572,259
573,259
574,259
575,261
576,261
577,261
578,261
579,261
580,261
581,261
582,261
583,261
584,261
585,261
586,261
587,261
588,261
589,261
590,261
591,261
592,261
593,261
594,261
595,261
596,261
597,261
598,261
599,261
600,260
601,260
602,260
603,260
604,260
605,260
606,260
607,260
608,260
609,260
610,260
611,260
612,260
613,260
614,260
615,260
616,260
617,260
618,260
619,260
620,260
621,260
622,260
623,260
624,260
625,260
626,260
627,260
628,260
629,260
630,260
631,260
632,260
633,260
634,260
635,260
636,260
637,260
638,260
639,260
640,260
641,260
642,260
643,260
644,260
645,260
646,260
647,260
648,260
649,260
650,257
651,257
652,257
653,257
654,257
655,257
656,257
657,257
658,257
659,257
660,257
661,257
662,257
663,257
664,257
665,257
666,257
667,257
668,257
669,257
670,257
671,257
672,257
673,257
674,257
675,260
676,260
677,260
678,260
679,260
680,260
681,260
682,260
683,260
684,260
685,260
686,260
687,260
688,260
689,260
690,260
691,260
692,260
693,260
694,260
695,260
696,260
697,260
698,260
699,260
700,258
701,258
702,258
703,258
704,258
705,258
706,258
707,258
708,258
709,258
710,258
711,258
712,258
713,258
714,258
715,258
716,258
717,258
718,258
719,258
720,258
721,258
722,258
723,258
724,258
725,260
726,260
727,260
728,260
729,260
730,260
731,260
732,260
733,260
734,260
735,260
736,260
737,260
738,260
739,260
740,260
741,260
742,260
743,260
744,260
745,260
746,260
747,260
748,260
749,260
750,257
751,257
752,257
753,257
754,257
755,257
756,257
757,257
758,257
759,257
760,257
761,257
762,257
763,257
764,257
765,257
766,257
767,257
768,257
769,257
770,257
771,257
772,257
773,257
774,257
775,261
776,261
777,261
778,261
779,261
780,261
781,261
782,261
783,261
784,261
785,261
786,261
787,261
788,261
789,261
790,261
791,261
792,261
793,261
794,261
795,261
796,261
797,261
798,261
799,261
800,258
801,258
802,258
803,258
804,258
805,258
806,258
807,258
808,258
809,258
810,258
811,258
812,258
813,258
814,258
815,258
816,258
817,258
818,258
819,258
820,258
821,258
822,258
823,258
824,258
825,260
826,260
827,260
828,260
829,260
830,260
831,260
832,260
833,260
834,260
835,260
836,260
837,260
838,260
839,260
840,260
841,260
842,260
843,260
844,260
845,260
846,260
847,260
848,260
849,260
850,256
851,256
852,256
853,256
854,256
855,256
856,256
857,256
858,256
859,256
860,256
861,256
862,256
863,256
864,256
865,256
866,256
867,256
868,256
869,256
870,256
871,256
872,256
873,256
874,256
875,262
876,262
877,262
878,262
879,262
880,262
881,262
882,262
883,262
884,262
885,262
886,262
887,262
888,262
889,262
890,262
891,262
892,262
893,262
894,262
895,262
896,262
897,262
898,262
899,262
900,258
901,258
902,258
903,258
904,258
905,258
906,258
907,258
908,258
909,258
910,258
911,258
912,258
913,258
914,258
915,258
916,258
917,258
918,258
919,258
920,258
921,258
922,258
923,258
924,258
925,261
926,261
927,261
928,261
929,261
930,261
931,261
932,261
933,261
934,261
935,261
936,261
937,261
938,261
939,261
940,261
941,261
942,261
943,261
944,261
945,261
946,261
947,261
948,261
949,261
950,256
951,256
952,256
953,256
954,256
955,256
956,256
957,256
958,256
959,256
960,256
961,256
962,256
963,256
964,256
965,256
966,256
967,256
968,256
969,256
970,256
971,256
972,256
973,256
974,256
975,262
976,262
977,262
978,262
979,262
980,262
981,262
982,262
983,262
984,262
985,262
986,262
987,262
988,262
989,262
990,262
991,262
992,262
993,262
994,262
995,262
996,262
997,262
998,262
999,262
1000,259
1001,259
1002,259
1003,259
1004,259
1005,259
1006,259
1007,259
1008,259
1009,259
1010,259
1011,259
1012,259
1013,259
1014,259
1015,259
1016,259
1017,259
1018,259
1019,259
1020,259
1021,259
1022,259
1023,259
1024,259
1025,263
1026,263
1027,263
1028,263
1029,263
1030,263
1031,263
1032,263
1033,263
1034,263
1035,263
1036,263
1037,263
1038,263
1039,263
1040,263
1041,263
1042,263
1043,263
1044,263
1045,263
1046,263
1047,263
1048,263
1049,263
1050,258
1051,258
1052,258
1053,258
1054,258
1055,258
1056,258
1057,258
1058,258
1059,258
1060,258
1061,258
1062,258
1063,258
1064,258
1065,258
1066,258
1067,258
1068,258
1069,258
1070,258
1071,258
1072,258
1073,258
1074,258
1075,265
1076,265
1077,265
1078,265
1079,265
1080,265
1081,265
1082,265
1083,265
1084,265
1085,265
1086,265
1087,265
1088,265
1089,265
1090,265
1091,265
1092,265
1093,265
1094,265
1095,265
1096,265
1097,265
1098,265
1099,265
1100,260
1101,260
1102,260
1103,260
1104,260
1105,260
1106,260
1107,260
1108,260
1109,260
1110,260
1111,260
1112,260
1113,260
1114,260
1115,260
1116,260
1117,260
1118,260
1119,260
1120,260
1121,260
1122,260
1123,260
1124,260
1125,265
1126,265
1127,265
1128,265
1129,265
1130,265
1131,265
1132,265
1133,265
1134,265
1135,265
1136,265
1137,265
1138,265
1139,265
1140,265
1141,265
1142,265
1143,265
1144,265
1145,265
1146,265
1147,265
1148,265
1149,265
1150,260
1151,260
1152,260
1153,260
1154,260
1155,260
1156,260
1157,260
1158,260
1159,260
1160,260
1161,260
1162,260
1163,260
1164,260
1165,260
1166,260
1167,260
1168,260
1169,260
1170,260
1171,260
1172,260
1173,260
1174,260
1175,268
1176,268
1177,268
1178,268
1179,268
1180,268
1181,268
1182,268
1183,268
1184,268
1185,268
1186,268
1187,268
1188,268
1189,268
1190,268
1191,268
1192,268
1193,268
1194,268
1195,268
1196,268
1197,268
1198,268
1199,268
1200,262
1201,262
1202,262
1203,262
1204,262
1205,262
1206,262
1207,262
1208,262
1209,262
1210,262
1211,262
1212,262
1213,262
1214,262
1215,262
1216,262
1217,262
1218,262
1219,262
1220,262
1221,262
1222,262
1223,262
1224,262
1225,267
1226,267
1227,267
1228,267
1229,267
1230,267
1231,267
1232,267
1233,267
1234,267
1235,267
1236,267
1237,267
1238,267
1239,267
1240,267
1241,267
1242,267
1243,267
1244,267
1245,267
1246,267
1247,267
1248,267
1249,267
1250,261
1251,261
1252,261
1253,261
1254,261
1255,261
1256,261
1257,261
1258,261
1259,261
1260,261
1261,261
1262,261
1263,261
1264,261
1265,261
1266,261
1267,261
1268,261
1269,261
1270,261
1271,261
1272,261
1273,261
1274,261
1275,268
1276,268
1277,268
1278,268
1279,268
1280,268
1281,268
1282,268
1283,268
1284,268
1285,268
1286,268
1287,268
1288,268
1289,268
1290,268
1291,268
1292,268
1293,268
1294,268
1295,268
1296,268
1297,268
1298,268
1299,268
1300,262
1301,262
1302,262
1303,262
1304,262
1305,262
1306,262
1307,262
1308,262
1309,262
1310,262
1311,262
1312,262
1313,262
1314,262
1315,262
1316,262
1317,262
1318,262
1319,262
1320,262
1321,262
1322,262
1323,262
1324,262
1325,267
1326,267
1327,267
1328,267
1329,267
1330,267
1331,267
1332,267
1333,267
1334,267
1335,267
1336,267
1337,267
1338,267
1339,267
1340,267
1341,267
1342,267
1343,267
1344,267
1345,267
1346,267
1347,267
1348,267
1349,267
1350,262
1351,262
1352,262
1353,262
1354,262
1355,262
1356,262
1357,262
1358,262
1359,262
1360,262
1361,262
1362,262
1363,262
1364,262
1365,262
1366,262
1367,262
1368,262
1369,262
1370,262
1371,262
1372,262
1373,262
1374,262
1375,268
1376,268
1377,268
1378,268
1379,268
1380,268
1381,268
1382,268
1383,268
1384,268
1385,268
1386,268
1387,268
1388,268
1389,268
1390,268
1391,268
1392,268
1393,268
1394,268
1395,268
1396,268
1397,268
1398,268
1399,268
1400,263
1401,263
1402,263
1403,263
1404,263
1405,263
1406,263
1407,263
1408,263
1409,263
1410,263
1411,263
1412,263
1413,263
1414,263
1415,263
1416,263
1417,263
1418,263
1419,263
1420,263
1421,263
1422,263
1423,263
1424,263
1425,266
1426,266
1427,266
1428,266
1429,266
1430,266
1431,266
1432,266
1433,266
1434,266
1435,266
1436,266
1437,266
1438,266
1439,266
1440,266
1441,266
1442,266
1443,266
1444,266
1445,266
1446,266
1447,266
1448,266
1449,266
1450,262
1451,262
1452,262
1453,262
1454,262
1455,262
1456,262
1457,262
1458,262
1459,262
1460,262
1461,262
1462,262
1463,262
1464,262
1465,262
1466,262
1467,262
1468,262
1469,262
1470,262
1471,262
1472,262
1473,262
1474,262
1475,267
1476,267
1477,267
1478,267
1479,267
1480,267
1481,267
1482,267
1483,267
1484,267
1485,267
1486,267
1487,267
1488,267
1489,267
1490,267
1491,267
1492,267
1493,267
1494,267
1495,267
1496,267
1497,267
1498,267
1499,267
1500,263
1501,263
1502,263
1503,263
1504,263
1505,263
1506,263
1507,263
1508,263
1509,263
1510,263
1511,263
1512,263
1513,263
1514,263
1515,263
1516,263
1517,263
1518,263
1519,263
1520,263
1521,263
1522,263
1523,263
1524,263
1525,264
1526,264
1527,264
1528,264
1529,264
1530,264
1531,264
1532,264
1533,264
1534,264
1535,264
1536,264
1537,264
1538,264
1539,264
1540,264
1541,264
1542,264
1543,264
1544,264
1545,264
1546,264
1547,264
1548,264
1549,264
1550,262
1551,262
1552,262
1553,262
1554,262
1555,262
1556,262
1557,262
1558,262
1559,262
1560,262
1561,262
1562,262
1563,262
1564,262
1565,262
1566,262
1567,262
1568,262
1569,262
1570,262
1571,262
1572,262
1573,262
1574,262
1575,265
1576,265
1577,265
1578,265
1579,265
1580,265
1581,265
1582,265
1583,265
1584,265
1585,265
1586,265
1587,265
1588,265
1589,265
1590,265
1591,265
1592,265
1593,265
1594,265
1595,265
1596,265
1597,265
1598,265
1599,265
1600,261
1601,261
1602,261
1603,261
1604,261
1605,261
1606,261
1607,261
1608,261
1609,261
1610,261
1611,261
1612,261
1613,261
1614,261
1615,261
1616,261
1617,261
1618,261
1619,261
1620,261
1621,261
1622,261
1623,261
1624,261
1625,261
1626,261
1627,261
1628,261
1629,261
1630,261
1631,261
1632,261
1633,261
1634,261
1635,261
1636,261
1637,261
1638,261
1639,261
1640,261
1641,261
1642,261
1643,261
1644,261
1645,261
1646,261
1647,261
1648,261
1649,261
1650,261
1651,261
1652,261
1653,261
1654,261
1655,261
1656,261
1657,261
1658,261
1659,261
1660,261
1661,261
1662,261
1663,261
1664,261
1665,261
1666,261
1667,261
1668,261
1669,261
1670,261
1671,261
1672,261
1673,261
1674,261
1675,262
1676,262
1677,262
1678,262
1679,262
1680,262
1681,262
1682,262
1683,262
1684,262
1685,262
1686,262
1687,262
1688,262
1689,262
1690,262
1691,262
1692,262
1693,262
1694,262
1695,262
1696,262
1697,262
1698,262
1699,262
1700,259
1701,259
1702,259
1703,259
1704,259
1705,259
1706,259
1707,259
1708,259
1709,259
1710,259
1711,259
1712,259
1713,259
1714,259
1715,259
1716,259
1717,259
1718,259
1719,259
1720,259
1721,259
1722,259
1723,259
1724,259
1725,259
1726,259
1727,259
1728,259
1729,259
1730,259
1731,259
1732,259
1733,259
1734,259
1735,259
1736,259
1737,259
1738,259
1739,259
1740,259
1741,259
1742,259
1743,259
1744,259
1745,259
1746,259
1747,259
1748,259
1749,259
1750,260
1751,260
1752,260
1753,260
1754,260
1755,260
1756,260
1757,260
1758,260
1759,260
1760,260
1761,260
1762,260
1763,260
1764,260
1765,260
1766,260
1767,260
1768,260
1769,260
1770,260
1771,260
1772,260
1773,260
1774,260
1775,260
1776,260
1777,260
1778,260
1779,260
1780,260
1781,260
1782,260
1783,260
1784,260
1785,260
1786,260
1787,260
1788,260
1789,260
1790,260
1791,260
1792,260
1793,260
1794,260
1795,260
1796,260
1797,260
1798,260
1799,260
1800,260
1801,260
1802,260
1803,260
1804,260
1805,260
1806,260
1807,260
1808,260
1809,260
1810,260
1811,260
1812,260
1813,260
1814,260
1815,260
1816,260
1817,260
1818,260
1819,260
1820,260
1821,260
1822,260
1823,260
1824,260
1825,259
1826,259
1827,259
1828,259
1829,259
1830,259
1831,259
1832,259
1833,259
1834,259
1835,259
1836,259
1837,259
1838,259
1839,259
1840,259
1841,259
1842,259
1843,259
1844,259
1845,259
1846,259
1847,259
1848,259
1849,259
1850,260
1851,260
1852,260
1853,260
1854,260
1855,260
1856,260
1857,260
1858,260
1859,260
1860,260
1861,260
1862,260
1863,260
1864,260
1865,260
1866,260
1867,260
1868,260
1869,260
1870,260
1871,260
1872,260
1873,260
1874,260
1875,260
1876,260
1877,260
1878,260
1879,260
1880,260
1881,260
1882,260
1883,260
1884,260
1885,260
1886,260
1887,260
1888,260
1889,260
1890,260
1891,260
1892,260
1893,260
1894,260
1895,260
1896,260
1897,260
1898,260
1899,260
1900,260
1901,260
1902,260
1903,260
1904,260
1905,260
1906,260
1907,260
1908,260
1909,260
1910,260
1911,260
1912,260
1913,260
1914,260
1915,260
1916,260
1917,260
1918,260
1919,260
1920,260
1921,260
1922,260
1923,260
1924,260
1925,258
1926,258
1927,258
1928,258
1929,258
1930,258
1931,258
1932,258
1933,258
1934,258
1935,258
1936,258
1937,258
1938,258
1939,258
1940,258
1941,258
1942,258
1943,258
1944,258
1945,258
1946,258
1947,258
1948,258
1949,258
1950,261
1951,261
1952,261
1953,261
1954,261
1955,261
1956,261
1957,261
1958,261
1959,261
1960,261
1961,261
1962,261
1963,261
1964,261
1965,261
1966,261
1967,261
1968,261
1969,261
1970,261
1971,261
1972,261
1973,261
1974,261
1975,259
1976,259
1977,259
1978,259
1979,259
1980,259
1981,259
1982,259
1983,259
1984,259
1985,259
1986,259
1987,259
1988,259
1989,259
1990,259
1991,259
1992,259
1993,259
1994,259
1995,259
1996,259
1997,259
1998,259
1999,259
2000,261
2001,261
2002,261
2003,261
2004,261
2005,261
2006,261
2007,261
2008,261
2009,261
2010,261
2011,261
2012,261
2013,261
2014,261
2015,261
2016,261
2017,261
2018,261
2019,261
2020,261
2021,261
2022,261
2023,261
2024,261
2025,259
2026,259
2027,259
2028,259
2029,259
2030,259
2031,259
2032,259
2033,259
2034,259
2035,259
2036,259
2037,259
2038,259
2039,259
2040,259
2041,259
2042,259
2043,259
2044,259
2045,259
2046,259
2047,259
2048,259
2049,259
2050,263
2051,263
2052,263
2053,263
2054,263
2055,263
2056,263
2057,263
2058,263
2059,263
2060,263
2061,263
2062,263
2063,263
2064,263
2065,263
2066,263
2067,263
2068,263
2069,263
2070,263
2071,263
2072,263
2073,263
2074,263
2075,260
2076,260
2077,260
2078,260
2079,260
2080,260
2081,260
2082,260
2083,260
2084,260
2085,260
2086,260
2087,260
2088,260
2089,260
2090,260
2091,260
2092,260
2093,260
2094,260
2095,260
2096,260
2097,260
2098,260
2099,260
2100,263
2101,263
2102,263
2103,263
2104,263
2105,263
2106,263
2107,263
2108,263
2109,263
2110,263
2111,263
2112,263
2113,263
2114,263
2115,263
2116,263
2117,263
2118,263
2119,263
2120,263
2121,263
2122,263
2123,263
2124,263
2125,260
2126,260
2127,260
2128,260
2129,260
2130,260
2131,260
2132,260
2133,260
2134,260
2135,260
2136,260
2137,260
2138,260
2139,260
2140,260
2141,260
2142,260
2143,260
2144,260
2145,260
2146,260
2147,260
2148,260
2149,260
2150,265
2151,265
2152,265
2153,265
2154,265
2155,265
2156,265
2157,265
2158,265
2159,265
2160,265
2161,265
2162,265
2163,265
2164,265
2165,265
2166,265
2167,265
2168,265
2169,265
2170,265
2171,265
2172,265
2173,265
2174,265
2175,262
2176,262
2177,262
2178,262
2179,262
2180,262
2181,262
2182,262
2183,262
2184,262
2185,262
2186,262
2187,262
2188,262
2189,262
2190,262
2191,262
2192,262
2193,262
2194,262
2195,262
2196,262
2197,262
2198,262
2199,262
2200,266
2201,266
2202,266
2203,266
2204,266
2205,266
2206,266
2207,266
2208,266
2209,266
2210,266
2211,266
2212,266
2213,266
2214,266
2215,266
2216,266
2217,266
2218,266
2219,266
2220,266
2221,266
2222,266
2223,266
2224,266
2225,262
2226,262
2227,262
2228,262
2229,262
2230,262
2231,262
2232,262
2233,262
2234,262
2235,262
2236,262
2237,262
2238,262
2239,262
2240,262
2241,262
2242,262
2243,262
2244,262
2245,262
2246,262
2247,262
2248,262
2249,262
2250,268
2251,268
2252,268
2253,268
2254,268
2255,268
2256,268
2257,268
2258,268
2259,268
2260,268
2261,268
2262,268
2263,268
2264,268
2265,268
2266,268
2267,268
2268,268
2269,268
2270,268
2271,268
2272,268
2273,268
2274,268
2275,263
2276,263
2277,263
2278,263
2279,263
2280,263
2281,263
2282,263
2283,263
2284,263
2285,263
2286,263
2287,263
2288,263
2289,263
2290,263
2291,263
2292,263
2293,263
2294,263
2295,263
2296,263
2297,263
2298,263
2299,263
2300,267
2301,267
2302,267
2303,267
2304,267
2305,267
2306,267
2307,267
2308,267
2309,267
2310,267
2311,267
2312,267
2313,267
2314,267
2315,267
2316,267
2317,267
2318,267
2319,267
2320,267
2321,267
2322,267
2323,267
2324,267
2325,262
2326,262
2327,262
2328,262
2329,262
2330,262
2331,262
2332,262
2333,262
2334,262
2335,262
2336,262
2337,262
2338,262
2339,262
2340,262
2341,262
2342,262
2343,262
2344,262
2345,262
2346,262
2347,262
2348,262
2349,262
2350,268
2351,268
2352,268
2353,268
2354,268
2355,268
2356,268
2357,268
2358,268
2359,268
2360,268
2361,268
2362,268
2363,268
2364,268
2365,268
2366,268
2367,268
2368,268
2369,268
2370,268
2371,268
2372,268
2373,268
2374,268
2375,263
2376,263
2377,263
2378,263
2379,263
2380,263
2381,263
2382,263
2383,263
2384,263
2385,263
2386,263
2387,263
2388,263
2389,263
2390,263
2391,263
2392,263
2393,263
2394,263
2395,263
2396,263
2397,263
2398,263
2399,263
2400,267
2401,267
2402,267
2403,267
2404,267
2405,267
2406,267
2407,267
2408,267
2409,267
2410,267
2411,267
2412,267
2413,267
2414,267
2415,267
2416,267
2417,267
2418,267
2419,267
2420,267
2421,267
2422,267
2423,267
2424,267
2425,261
2426,261
2427,261
2428,261
2429,261
2430,261
2431,261
2432,261
2433,261
2434,261
2435,261
2436,261
2437,261
2438,261
2439,261
2440,261
2441,261
2442,261
2443,261
2444,261
2445,261
2446,261
2447,261
2448,261
2449,261
2450,268
2451,268
2452,268
2453,268
2454,268
2455,268
2456,268
2457,268
2458,268
2459,268
2460,268
2461,268
2462,268
2463,268
2464,268
2465,268
2466,268
2467,268
2468,268
2469,268
2470,268
2471,268
2472,268
2473,268
2474,268
2475,262
2476,262
2477,262
2478,262
2479,262
2480,262
2481,262
2482,262
2483,262
2484,262
2485,262
2486,262
2487,262
2488,262
2489,262
2490,262
2491,262
2492,262
2493,262
2494,262
2495,262
2496,262
2497,262
2498,262
2499,262
2500,267
2501,267
2502,267
2503,267
2504,267
2505,267
2506,267
2507,267
2508,267
2509,267
2510,267
2511,267
2512,267
2513,267
2514,267
2515,267
2516,267
2517,267
2518,267
2519,267
2520,267
2521,267
2522,267
2523,267
2524,267
2525,262
2526,262
2527,262
2528,262
2529,262
2530,262
2531,262
2532,262
2533,262
2534,262
2535,262
2536,262
2537,262
2538,262
2539,262
2540,262
2541,262
2542,262
2543,262
2544,262
2545,262
2546,262
2547,262
2548,262
2549,262
2550,267
2551,267
2552,267
2553,267
2554,267
2555,267
2556,267
2557,267
2558,267
2559,267
2560,267
2561,267
2562,267
2563,267
2564,267
2565,267
2566,267
2567,267
2568,267
2569,267
2570,267
2571,267
2572,267
2573,267
2574,267
2575,261
2576,261
2577,261
2578,261
2579,261
2580,261
2581,261
2582,261
2583,261
2584,261
2585,261
2586,261
2587,261
2588,261
2589,261
2590,261
2591,261
2592,261
2593,261
2594,261
2595,261
2596,261
2597,261
2598,261
2599,261
2600,265
2601,265
2602,265
2603,265
2604,265
2605,265
2606,265
2607,265
2608,265
2609,265
2610,265
2611,265
2612,265
2613,265
2614,265
2615,265
2616,265
2617,265
2618,265
2619,265
2620,265
2621,265
2622,265
2623,265
2624,265
2625,260
2626,260
2627,260
2628,260
2629,260
2630,260
2631,260
2632,260
2633,260
2634,260
2635,260
2636,260
2637,260
2638,260
2639,260
2640,260
2641,260
2642,260
2643,260
2644,260
2645,260
2646,260
2647,260
2648,260
2649,260
2650,265
2651,265
2652,265
2653,265
2654,265
2655,265
2656,265
2657,265
2658,265
2659,265
2660,265
2661,265
2662,265
2663,265
2664,265
2665,265
2666,265
2667,265
2668,265
2669,265
2670,265
2671,265
2672,265
2673,265
2674,265
2675,259
2676,259
2677,259
2678,259
2679,259
2680,259
2681,259
2682,259
2683,259
2684,259
2685,259
2686,259
2687,259
2688,259
2689,259
2690,259
2691,259
2692,259
2693,259
2694,259
2695,259
2696,259
2697,259
2698,259
2699,259
2700,263
2701,263
2702,263
2703,263
2704,263
2705,263
2706,263
2707,263
2708,263
2709,263
2710,263
2711,263
2712,263
2713,263
2714,263
2715,263
2716,263
2717,263
2718,263
2719,263
2720,263
2721,263
2722,263
2723,263
2724,263
2725,258
2726,258
2727,258
2728,258
2729,258
2730,258
2731,258
2732,258
2733,258
2734,258
2735,258
2736,258
2737,258
2738,258
2739,258
2740,258
2741,258
2742,258
2743,258
2744,258
2745,258
2746,258
2747,258
2748,258
2749,258
2750,262
2751,262
2752,262
2753,262
2754,262
2755,262
2756,262
2757,262
2758,262
2759,262
2760,262
2761,262
2762,262
2763,262
2764,262
2765,262
2766,262
2767,262
2768,262
2769,262
2770,262
2771,262
2772,262
2773,262
2774,262
2775,258
2776,258
2777,258
2778,258
2779,258
2780,258
2781,258
2782,258
2783,258
2784,258
2785,258
2786,258
2787,258
2788,258
2789,258
2790,258
2791,258
2792,258
2793,258
2794,258
2795,258
2796,258
2797,258
2798,258
2799,258
2800,261
2801,261
2802,261
2803,261
2804,261
2805,261
2806,261
2807,261
2808,261
2809,261
2810,261
2811,261
2812,261
2813,261
2814,261
2815,261
2816,261
2817,261
2818,261
2819,261
2820,261
2821,261
2822,261
2823,261
2824,261
2825,258
2826,258
2827,258
2828,258
2829,258
2830,258
2831,258
2832,258
2833,258
2834,258
2835,258
2836,258
2837,258
2838,258
2839,258
2840,258
2841,258
2842,258
2843,258
2844,258
2845,258
2846,258
2847,258
2848,258
2849,258
2850,262
2851,262
2852,262
2853,262
2854,262
2855,262
2856,262
2857,262
2858,262
2859,262
2860,262
2861,262
2862,262
2863,262
2864,262
2865,262
2866,262
2867,262
2868,262
2869,262
2870,262
2871,262
2872,262
2873,262
2874,262
2875,259
2876,259
2877,259
2878,259
2879,259
2880,259
2881,259
2882,259
2883,259
2884,259
2885,259
2886,259
2887,259
2888,259
2889,259
2890,259
2891,259
2892,259
2893,259
2894,259
2895,259
2896,259
2897,259
2898,259
2899,259
2900,260
2901,260
2902,260
2903,260
2904,260
2905,260
2906,260
2907,260
2908,260
2909,260
2910,260
2911,260
2912,260
2913,260
2914,260
2915,260
2916,260
2917,260
2918,260
2919,260
2920,260
2921,260
2922,260
2923,260
2924,260
2925,258
2926,258
2927,258
2928,258
2929,258
2930,258
2931,258
2932,258
2933,258
2934,258
2935,258
2936,258
2937,258
2938,258
2939,258
2940,258
2941,258
2942,258
2943,258
2944,258
2945,258
2946,258
2947,258
2948,258
2949,258
2950,261
2951,261
2952,261
2953,261
2954,261
2955,261
2956,261
2957,261
2958,261
2959,261
2960,261
2961,261
2962,261
2963,261
2964,261
2965,261
2966,261
2967,261
2968,261
2969,261
2970,261
2971,261
2972,261
2973,261
2974,261
2975,260
2976,260
2977,260
2978,260
2979,260
2980,260
2981,260
2982,260
2983,260
2984,260
2985,260
2986,260
2987,260
2988,260
2989,260
2990,260
2991,260
2992,260
2993,260
2994,260
2995,260
2996,260
2997,260
2998,260
2999,260
3000,260
3001,260
3002,260
3003,260
3004,260
3005,260
3006,260
3007,260
3008,260
3009,260
3010,260
3011,260
3012,260
3013,260
3014,260
3015,260
3016,260
3017,260
3018,260
3019,260
3020,260
3021,260
3022,260
3023,260
3024,260
3025,260
3026,260
3027,260
3028,260
3029,260
3030,260
3031,260
3032,260
3033,260
3034,260
3035,260
3036,260
3037,260
3038,260
3039,260
3040,260
3041,260
3042,260
3043,260
3044,260
3045,260
3046,260
3047,260
3048,260
3049,260
3050,260
3051,260
3052,260
3053,260
3054,260
3055,260
3056,260
3057,260
3058,260
3059,260
3060,260
3061,260
3062,260
3063,260
3064,260
3065,260
3066,260
3067,260
3068,260
3069,260
3070,260
3071,260
3072,260
3073,260
3074,260
3075,261
3076,261
3077,261
3078,261
3079,261
3080,261
3081,261
3082,261
3083,261
3084,261
3085,261
3086,261
3087,261
3088,261
3089,261
3090,261
3091,261
3092,261
3093,261
3094,261
3095,261
3096,261
3097,261
3098,261
3099,261
3100,260
3101,260
3102,260
3103,260
3104,260
3105,260
3106,260
3107,260
3108,260
3109,260
3110,260
3111,260
3112,260
3113,260
3114,260
3115,260
3116,260
3117,260
3118,260
3119,260
3120,260
3121,260
3122,260
3123,260
3124,260
3125,262
3126,262
3127,262
3128,262
3129,262
3130,262
3131,262
3132,262
3133,262
3134,262
3135,262
3136,262
3137,262
3138,262
3139,262
3140,262
3141,262
3142,262
3143,262
3144,262
3145,262
3146,262
3147,262
3148,262
3149,262
3150,262
3151,262
3152,262
3153,262
3154,262
3155,262
3156,262
3157,262
3158,262
3159,262
3160,262
3161,262
3162,262
3163,262
3164,262
3165,262
3166,262
3167,262
3168,262
3169,262
3170,262
3171,262
3172,262
3173,262
3174,262
3175,263
3176,263
3177,263
3178,263
3179,263
3180,263
3181,263
3182,263
3183,263
3184,263
3185,263
3186,263
3187,263
3188,263
3189,263
3190,263
3191,263
3192,263
3193,263
3194,263
3195,263
3196,263
3197,263
3198,263
3199,263
3200,261
3201,261
3202,261
3203,261
3204,261
3205,261
3206,261
3207,261
3208,261
3209,261
3210,261
3211,261
3212,261
3213,261
3214,261
3215,261
3216,261
3217,261
3218,261
3219,261
3220,261
3221,261
3222,261
3223,261
3224,261
3225,264
3226,264
3227,264
3228,264
3229,264
3230,264
3231,264
3232,264
3233,264
3234,264
3235,264
3236,264
3237,264
3238,264
3239,264
3240,264
3241,264
3242,264
3243,264
3244,264
3245,264
3246,264
3247,264
3248,264
3249,264
3250,263
3251,263
3252,263
3253,263
3254,263
3255,263
3256,263
3257,263
3258,263
3259,263
3260,263
3261,263
3262,263
3263,263
3264,263
3265,263
3266,263
3267,263
3268,263
3269,263
3270,263
3271,263
3272,263
3273,263
3274,263
3275,266
3276,266
3277,266
3278,266
3279,266
3280,266
3281,266
3282,266
3283,266
3284,266
3285,266
3286,266
3287,266
3288,266
3289,266
3290,266
3291,266
3292,266
3293,266
3294,266
3295,266
3296,266
3297,266
3298,266
3299,266
3300,263
3301,263
3302,263
3303,263
3304,263
3305,263
3306,263
3307,263
3308,263
3309,263
3310,263
3311,263
3312,263
3313,263
3314,263
3315,263
3316,263
3317,263
3318,263
3319,263
3320,263
3321,263
3322,263
3323,263
3324,263
3325,267
3326,267
3327,267
3328,267
3329,267
3330,267
3331,267
3332,267
3333,267
3334,267
3335,267
3336,267
3337,267
3338,267
3339,267
3340,267
3341,267
3342,267
3343,267
3344,267
3345,267
3346,267
3347,267
3348,267
3349,267
3350,264
3351,264
3352,264
3353,264
3354,264
3355,264
3356,264
3357,264
3358,264
3359,264
3360,264
3361,264
3362,264
3363,264
3364,264
3365,264
3366,264
3367,264
3368,264
3369,264
3370,264
3371,264
3372,264
3373,264
3374,264
3375,266
3376,266
3377,266
3378,266
3379,266
3380,266
3381,266
3382,266
3383,266
3384,266
3385,266
3386,266
3387,266
3388,266
3389,266
3390,266
3391,266
3392,266
3393,266
3394,266
3395,266
3396,266
3397,266
3398,266
3399,266
3400,262
3401,262
3402,262
3403,262
3404,262
3405,262
3406,262
3407,262
3408,262
3409,262
3410,262
3411,262
3412,262
3413,262
3414,262
3415,262
3416,262
3417,262
3418,262
3419,262
3420,262
3421,262
3422,262
3423,262
3424,262
3425,267
3426,267
3427,267
3428,267
3429,267
3430,267
3431,267
3432,267
3433,267
3434,267
3435,267
3436,267
3437,267
3438,267
3439,267
3440,267
3441,267
3442,267
3443,267
3444,267
3445,267
3446,267
3447,267
3448,267
3449,267
3450,263
3451,263
3452,263
3453,263
3454,263
3455,263
3456,263
3457,263
3458,263
3459,263
3460,263
3461,263
3462,263
3463,263
3464,263
3465,263
3466,263
3467,263
3468,263
3469,263
3470,263
3471,263
3472,263
3473,263
3474,263
3475,267
3476,267
3477,267
3478,267
3479,267
3480,267
3481,267
3482,267
3483,267
3484,267
3485,267
3486,267
3487,267
3488,267
3489,267
3490,267
3491,267
3492,267
3493,267
3494,267
3495,267
3496,267
3497,267
3498,267
3499,267
3500,262
3501,262
3502,262
3503,262
3504,262
3505,262
3506,262
3507,262
3508,262
3509,262
3510,262
3511,262
3512,262
3513,262
3514,262
3515,262
3516,262
3517,262
3518,262
3519,262
3520,262
3521,262
3522,262
3523,262
3524,262
3525,267
3526,267
3527,267
3528,267
3529,267
3530,267
3531,267
3532,267
3533,267
3534,267
3535,267
3536,267
3537,267
3538,267
3539,267
3540,267
3541,267
3542,267
3543,267
3544,267
3545,267
3546,267
3547,267
3548,267
3549,267
3550,263
3551,263
3552,263
3553,263
3554,263
3555,263
3556,263
3557,263
3558,263
3559,263
3560,263
3561,263
3562,263
3563,263
3564,263
3565,263
3566,263
3567,263
3568,263
3569,263
3570,263
3571,263
3572,263
3573,263
3574,263
3575,267
3576,267
3577,267
3578,267
3579,267
3580,267
3581,267
3582,267
3583,267
3584,267
3585,267
3586,267
3587,267
3588,267
3589,267
3590,267
3591,267
3592,267
3593,267
3594,267
3595,267
3596,267
3597,267
3598,267
3599,267
3600,261
3601,261
3602,261
3603,261
3604,261
3605,261
3606,261
3607,261
3608,261
3609,261
3610,261
3611,261
3612,261
3613,261
3614,261
3615,261
3616,261
3617,261
3618,261
3619,261
3620,261
3621,261
3622,261
3623,261
3624,261
3625,267
3626,267
3627,267
3628,267
3629,267
3630,267
3631,267
3632,267
3633,267
3634,267
3635,267
3636,267
3637,267
3638,267
3639,267
3640,267
3641,267
3642,267
3643,267
3644,267
3645,267
3646,267
3647,267
3648,267
3649,267
3650,261
3651,261
3652,261
3653,261
3654,261
3655,261
3656,261
3657,261
3658,261
3659,261
3660,261
3661,261
3662,261
3663,261
3664,261
3665,261
3666,261
3667,261
3668,261
3669,261
3670,261
3671,261
3672,261
3673,261
3674,261
3675,265
3676,265
3677,265
3678,265
3679,265
3680,265
3681,265
3682,265
3683,265
3684,265
3685,265
3686,265
3687,265
3688,265
3689,265
3690,265
3691,265
3692,265
3693,265
3694,265
3695,265
3696,265
3697,265
3698,265
3699,265
3700,258
3701,258
3702,258
3703,258
3704,258
3705,258
3706,258
3707,258
3708,258
3709,258
3710,258
3711,258
3712,258
3713,258
3714,258
3715,258
3716,258
3717,258
3718,258
3719,258
3720,258
3721,258
3722,258
3723,258
3724,258
3725,265
3726,265
3727,265
3728,265
3729,265
3730,265
3731,265
3732,265
3733,265
3734,265
3735,265
3736,265
3737,265
3738,265
3739,265
3740,265
3741,265
3742,265
3743,265
3744,265
3745,265
3746,265
3747,265
3748,265
3749,265
3750,259
3751,259
3752,259
3753,259
3754,259
3755,259
3756,259
3757,259
3758,259
3759,259
3760,259
3761,259
3762,259
3763,259
3764,259
3765,259
3766,259
3767,259
3768,259
3769,259
3770,259
3771,259
3772,259
3773,259
3774,259
3775,263
3776,263
3777,263
3778,263
3779,263
3780,263
3781,263
3782,263
3783,263
3784,263
3785,263
3786,263
3787,263
3788,263
3789,263
3790,263
3791,263
3792,263
3793,263
3794,263
3795,263
3796,263
3797,263
3798,263
3799,263
3800,256
3801,256
3802,256
3803,256
3804,256
3805,256
3806,256
3807,256
3808,256
3809,256
3810,256
3811,256
3812,256
3813,256
3814,256
3815,256
3816,256
3817,256
3818,256
3819,256
3820,256
3821,256
3822,256
3823,256
3824,256
3825,263
3826,263
3827,263
3828,263
3829,263
3830,263
3831,263
3832,263
3833,263
3834,263
3835,263
3836,263
3837,263
3838,263
3839,263
3840,263
3841,263
3842,263
3843,263
3844,263
3845,263
3846,263
3847,263
3848,263
3849,263
3850,257
3851,257
3852,257
3853,257
3854,257
3855,257
3856,257
3857,257
3858,257
3859,257
3860,257
3861,257
3862,257
3863,257
3864,257
3865,257
3866,257
3867,257
3868,257
3869,257
3870,257
3871,257
3872,257
3873,257
3874,257
3875,262
3876,262
3877,262
3878,262
3879,262
3880,262
3881,262
3882,262
3883,262
3884,262
3885,262
3886,262
3887,262
3888,262
3889,262
3890,262
3891,262
3892,262
3893,262
3894,262
3895,262
3896,262
3897,262
3898,262
3899,262
3900,256
3901,256
3902,256
3903,256
3904,256
3905,256
3906,256
3907,256
3908,256
3909,256
3910,256
3911,256
3912,256
3913,256
3914,256
3915,256
3916,256
3917,256
3918,256
3919,256
3920,256
3921,256
3922,256
3923,256
3924,256
3925,263
3926,263
3927,263
3928,263
3929,263
3930,263
3931,263
3932,263
3933,263
3934,263
3935,263
3936,263
3937,263
3938,263
3939,263
3940,263
3941,263
3942,263
3943,263
3944,263
3945,263
3946,263
3947,263
3948,263
3949,263
3950,258
3951,258
3952,258
3953,258
3954,258
3955,258
3956,258
3957,258
3958,258
3959,258
3960,258
3961,258
3962,258
3963,258
3964,258
3965,258
3966,258
3967,258
3968,258
3969,258
3970,258
3971,258
3972,258
3973,258
3974,258
3975,262
3976,262
3977,262
3978,262
3979,262
3980,262
3981,262
3982,262
3983,262
3984,262
3985,262
3986,262
3987,262
3988,262
3989,262
3990,262
3991,262
3992,262
3993,262
3994,262
3995,262
3996,262
3997,262
3998,262
3999,262
4000,257
4001,257
4002,257
4003,257
4004,257
4005,257
4006,257
4007,257
4008,257
4009,257
4010,257
4011,257
4012,257
4013,257
4014,257
4015,257
4016,257
4017,257
4018,257
4019,257
4020,257
4021,257
4022,257
4023,257
4024,257
4025,262
4026,262
4027,262
4028,262
4029,262
4030,262
4031,262
4032,262
4033,262
4034,262
4035,262
4036,262
4037,262
4038,262
4039,262
4040,262
4041,262
4042,262
4043,262
4044,262
4045,262
4046,262
4047,262
4048,262
4049,262
4050,258
4051,258
4052,258
4053,258
4054,258
4055,258
4056,258
4057,258
4058,258
4059,258
4060,258
4061,258
4062,258
4063,258
4064,258
4065,258
4066,258
4067,258
4068,258
4069,258
4070,258
4071,258
4072,258
4073,258
4074,258
4075,261
4076,261
4077,261
4078,261
4079,261
4080,261
4081,261
4082,261
4083,261
4084,261
4085,261
4086,261
4087,261
4088,261
4089,261
4090,261
4091,261
4092,261
4093,261
4094,261
4095,261
4096,261
4097,261
4098,261
4099,261
4100,258
4101,258
4102,258
4103,258
4104,258
4105,258
4106,258
4107,258
4108,258
4109,258
4110,258
4111,258
4112,258
4113,258
4114,258
4115,258
4116,258
4117,258
4118,258
4119,258
4120,258
4121,258
4122,258
4123,258
4124,258
4125,263
4126,263
4127,263
4128,263
4129,263
4130,263
4131,263
4132,263
4133,263
4134,263
4135,263
4136,263
4137,263
4138,263
4139,263
4140,263
4141,263
4142,263
4143,263
4144,263
4145,263
4146,263
4147,263
4148,263
4149,263
4150,260
4151,260
4152,260
4153,260
4154,260
4155,260
4156,260
4157,260
4158,260
4159,260
4160,260
4161,260
4162,260
4163,260
4164,260
4165,260
4166,260
4167,260
4168,260
4169,260
4170,260
4171,260
4172,260
4173,260
4174,260
4175,262
4176,262
4177,262
4178,262
4179,262
4180,262
4181,262
4182,262
4183,262
4184,262
4185,262
4186,262
4187,262
4188,262
4189,262
4190,262
4191,262
4192,262
4193,262
4194,262
4195,262
4196,262
4197,262
4198,262
4199,262
4200,261
4201,261
4202,261
4203,261
4204,261
4205,261
4206,261
4207,261
4208,261
4209,261
4210,261
4211,261
4212,261
4213,261
4214,261
4215,261
4216,261
4217,261
4218,261
4219,261
4220,261
4221,261
4222,261
4223,261
4224,261
4225,264
4226,264
4227,264
4228,264
4229,264
4230,264
4231,264
4232,264
4233,264
4234,264
4235,264
4236,264
4237,264
4238,264
4239,264
4240,264
4241,264
4242,264
4243,264
4244,264
4245,264
4246,264
4247,264
4248,264
4249,264
4250,263
4251,263
4252,263
4253,263
4254,263
4255,263
4256,263
4257,263
4258,263
4259,263
4260,263
4261,263
4262,263
4263,263
4264,263
4265,263
4266,263
4267,263
4268,263
4269,263
4270,263
4271,263
4272,263
4273,263
4274,263
4275,263
4276,263
4277,263
4278,263
4279,263
4280,263
4281,263
4282,263
4283,263
4284,263
4285,263
4286,263
4287,263
4288,263
4289,263
4290,263
4291,263
4292,263
4293,263
4294,263
4295,263
4296,263
4297,263
4298,263
4299,263
4300,264
4301,264
4302,264
4303,264
4304,264
4305,264
4306,264
4307,264
4308,264
4309,264
4310,264
4311,264
4312,264
4313,264
4314,264
4315,264
4316,264
4317,264
4318,264
4319,264
4320,264
4321,264
4322,264
4323,264
4324,264
4325,265
4326,265
4327,265
4328,265
4329,265
4330,265
4331,265
4332,265
4333,265
4334,265
4335,265
4336,265
4337,265
4338,265
4339,265
4340,265
4341,265
4342,265
4343,265
4344,265
4345,265
4346,265
4347,265
4348,265
4349,265
4350,265
4351,265
4352,265
4353,265
4354,265
4355,265
4356,265
4357,265
4358,265
4359,265
4360,265
4361,265
4362,265
4363,265
4364,265
4365,265
4366,265
4367,265
4368,265
4369,265
4370,265
4371,265
4372,265
4373,265
4374,265
4375,264
4376,264
4377,264
4378,264
4379,264
4380,264
4381,264
4382,264
4383,264
4384,264
4385,264
4386,264
4387,264
4388,264
4389,264
4390,264
4391,264
4392,264
4393,264
4394,264
4395,264
4396,264
4397,264
4398,264
4399,264
4400,265
4401,265
4402,265
4403,265
4404,265
4405,265
4406,265
4407,265
4408,265
4409,265
4410,265
4411,265
4412,265
4413,265
4414,265
4415,265
4416,265
4417,265
4418,265
4419,265
4420,265
4421,265
4422,265
4423,265
4424,265
4425,265
4426,265
4427,265
4428,265
4429,265
4430,265
4431,265
4432,265
4433,265
4434,265
4435,265
4436,265
4437,265
4438,265
4439,265
4440,265
4441,265
4442,265
4443,265
4444,265
4445,265
4446,265
4447,265
4448,265
4449,265
4450,266
4451,266
4452,266
4453,266
4454,266
4455,266
4456,266
4457,266
4458,266
4459,266
4460,266
4461,266
4462,266
4463,266
4464,266
4465,266
4466,266
4467,266
4468,266
4469,266
4470,266
4471,266
4472,266
4473,266
4474,266
4475,263
4476,263
4477,263
4478,263
4479,263
4480,263
4481,263
4482,263
4483,263
4484,263
4485,263
4486,263
4487,263
4488,263
4489,263
4490,263
4491,263
4492,263
4493,263
4494,263
4495,263
4496,263
4497,263
4498,263
4499,263
4500,266
4501,266
4502,266
4503,266
4504,266
4505,266
4506,266
4507,266
4508,266
4509,266
4510,266
4511,266
4512,266
4513,266
4514,266
4515,266
4516,266
4517,266
4518,266
4519,266
4520,266
4521,266
4522,266
4523,266
4524,266
4525,264
4526,264
4527,264
4528,264
4529,264
4530,264
4531,264
4532,264
4533,264
4534,264
4535,264
4536,264
4537,264
4538,264
4539,264
4540,264
4541,264
4542,264
4543,264
4544,264
4545,264
4546,264
4547,264
4548,264
4549,264
4550,266
4551,266
4552,266
4553,266
4554,266
4555,266
4556,266
4557,266
4558,266
4559,266
4560,266
4561,266
4562,266
4563,266
4564,266
4565,266
4566,266
4567,266
4568,266
4569,266
4570,266
4571,266
4572,266
4573,266
4574,266
4575,263
4576,263
4577,263
4578,263
4579,263
4580,263
4581,263
4582,263
4583,263
4584,263
4585,263
4586,263
4587,263
4588,263
4589,263
4590,263
4591,263
4592,263
4593,263
4594,263
4595,263
4596,263
4597,263
4598,263
4599,263
4600,267
4601,267
4602,267
4603,267
4604,267
4605,267
4606,267
4607,267
4608,267
4609,267
4610,267
4611,267
4612,267
4613,267
4614,267
4615,267
4616,267
4617,267
4618,267
4619,267
4620,267
4621,267
4622,267
4623,267
4624,267
4625,264
4626,264
4627,264
4628,264
4629,264
4630,264
4631,264
4632,264
4633,264
4634,264
4635,264
4636,264
4637,264
4638,264
4639,264
4640,264
4641,264
4642,264
4643,264
4644,264
4645,264
4646,264
4647,264
4648,264
4649,264
4650,265
4651,265
4652,265
4653,265
4654,265
4655,265
4656,265
4657,265
4658,265
4659,265
4660,265
4661,265
4662,265
4663,265
4664,265
4665,265
4666,265
4667,265
4668,265
4669,265
4670,265
4671,265
4672,265
4673,265
4674,265
4675,261
4676,261
4677,261
4678,261
4679,261
4680,261
4681,261
4682,261
4683,261
4684,261
4685,261
4686,261
4687,261
4688,261
4689,261
4690,261
4691,261
4692,261
4693,261
4694,261
4695,261
4696,261
4697,261
4698,261
4699,261
4700,266
4701,266
4702,266
4703,266
4704,266
4705,266
4706,266
4707,266
4708,266
4709,266
4710,266
4711,266
4712,266
4713,266
4714,266
4715,266
4716,266
4717,266
4718,266
4719,266
4720,266
4721,266
4722,266
4723,266
4724,266
4725,261
4726,261
4727,261
4728,261
4729,261
4730,261
4731,261
4732,261
4733,261
4734,261
4735,261
4736,261
4737,261
4738,261
4739,261
4740,261
4741,261
4742,261
4743,261
4744,261
4745,261
4746,261
4747,261
4748,261
4749,261
4750,263
4751,263
4752,263
4753,263
4754,263
4755,263
4756,263
4757,263
4758,263
4759,263
4760,263
4761,263
4762,263
4763,263
4764,263
4765,263
4766,263
4767,263
4768,263
4769,263
4770,263
4771,263
4772,263
4773,263
4774,263
4775,258
4776,258
4777,258
4778,258
4779,258
4780,258
4781,258
4782,258
4783,258
4784,258
4785,258
4786,258
4787,258
4788,258
4789,258
4790,258
4791,258
4792,258
4793,258
4794,258
4795,258
4796,258
4797,258
4798,258
4799,258
4800,264
4801,264
4802,264
4803,264
4804,264
4805,264
4806,264
4807,264
4808,264
4809,264
4810,264
4811,264
4812,264
4813,264
4814,264
4815,264
4816,264
4817,264
4818,264
4819,264
4820,264
4821,264
4822,264
4823,264
4824,264
4825,258
4826,258
4827,258
4828,258
4829,258
4830,258
4831,258
4832,258
4833,258
4834,258
4835,258
4836,258
4837,258
4838,258
4839,258
4840,258
4841,258
4842,258
4843,258
4844,258
4845,258
4846,258
4847,258
4848,258
4849,258
4850,262
4851,262
4852,262
4853,262
4854,262
4855,262
4856,262
4857,262
4858,262
4859,262
4860,262
4861,262
4862,262
4863,262
4864,262
4865,262
4866,262
4867,262
4868,262
4869,262
4870,262
4871,262
4872,262
4873,262
4874,262
4875,256
4876,256
4877,256
4878,256
4879,256
4880,256
4881,256
4882,256
4883,256
4884,256
4885,256
4886,256
4887,256
4888,256
4889,256
4890,256
4891,256
4892,256
4893,256
4894,256
4895,256
4896,256
4897,256
4898,256
4899,256
4900,263
4901,263
4902,263
4903,263
4904,263
4905,263
4906,263
4907,263
4908,263
4909,263
4910,263
4911,263
4912,263
4913,263
4914,263
4915,263
4916,263
4917,263
4918,263
4919,263
4920,263
4921,263
4922,263
4923,263
4924,263
4925,257
4926,257
4927,257
4928,257
4929,257
4930,257
4931,257
4932,257
4933,257
4934,257
4935,257
4936,257
4937,257
4938,257
4939,257
4940,257
4941,257
4942,257
4943,257
4944,257
4945,257
4946,257
4947,257
4948,257
4949,257
4950,262
4951,262
4952,262
4953,262
4954,262
4955,262
4956,262
4957,262
4958,262
4959,262
4960,262
4961,262
4962,262
4963,262
4964,262
4965,262
4966,262
4967,262
4968,262
4969,262
4970,262
4971,262
4972,262
4973,262
4974,262
4975,256
4976,256
4977,256
4978,256
4979,256
4980,256
4981,256
4982,256
4983,256
4984,256
4985,256
4986,256
4987,256
4988,256
4989,256
4990,256
4991,256
4992,256
4993,256
4994,256
4995,256
4996,256
4997,256
4998,256
4999,256
5000,263
5001,263
5002,263
5003,263
5004,263
5005,263
5006,263
5007,263
5008,263
5009,263
5010,263
5011,263
5012,263
5013,263
5014,263
5015,263
5016,263
5017,263
5018,263
5019,263
5020,263
5021,263
5022,263
5023,263
5024,263
5025,257
5026,257
5027,257
5028,257
5029,257
5030,257
5031,257
5032,257
5033,257
5034,257
5035,257
5036,257
5037,257
5038,257
5039,257
5040,257
5041,257
5042,257
5043,257
5044,257
5045,257
5046,257
5047,257
5048,257
5049,257
5050,262
5051,262
5052,262
5053,262
5054,262
5055,262
5056,262
5057,262
5058,262
5059,262
5060,262
5061,262
5062,262
5063,262
5064,262
5065,262
5066,262
5067,262
5068,262
5069,262
5070,262
5071,262
5072,262
5073,262
5074,262
5075,256
5076,256
5077,256
5078,256
5079,256
5080,256
5081,256
5082,256
5083,256
5084,256
5085,256
5086,256
5087,256
5088,256
5089,256
5090,256
5091,256
5092,256
5093,256
5094,256
5095,256
5096,256
5097,256
5098,256
5099,256
5100,263
5101,263
5102,263
5103,263
5104,263
5105,263
5106,263
5107,263
5108,263
5109,263
5110,263
5111,263
5112,263
5113,263
5114,263
5115,263
5116,263
5117,263
5118,263
5119,263
5120,263
5121,263
5122,263
5123,263
5124,263
5125,257
5126,257
5127,257
5128,257
5129,257
5130,257
5131,257
5132,257
5133,257
5134,257
5135,257
5136,257
5137,257
5138,257
5139,257
5140,257
5141,257
5142,257
5143,257
5144,257
5145,257
5146,257
5147,257
5148,257
5149,257
5150,262
5151,262
5152,262
5153,262
5154,262
5155,262
5156,262
5157,262
5158,262
5159,262
5160,262
5161,262
5162,262
5163,262
5164,262
5165,262
5166,262
5167,262
5168,262
5169,262
5170,262
5171,262
5172,262
5173,262
5174,262
5175,258
5176,258
5177,258
5178,258
5179,258
5180,258
5181,258
5182,258
5183,258
5184,258
5185,258
5186,258
5187,258
5188,258
5189,258
5190,258
5191,258
5192,258
5193,258
5194,258
5195,258
5196,258
5197,258
5198,258
5199,258
5200,264
5201,264
5202,264
5203,264
5204,264
5205,264
5206,264
5207,264
5208,264
5209,264
5210,264
5211,264
5212,264
5213,264
5214,264
5215,264
5216,264
5217,264
5218,264
5219,264
5220,264
5221,264
5222,264
5223,264
5224,264
5225,259
5226,259
5227,259
5228,259
5229,259
5230,259
5231,259
5232,259
5233,259
5234,259
5235,259
5236,259
5237,259
5238,259
5239,259
5240,259
5241,259
5242,259
5243,259
5244,259
5245,259
5246,259
5247,259
5248,259
5249,259
5250,263
5251,263
5252,263
5253,263
5254,263
5255,263
5256,263
5257,263
5258,263
5259,263
5260,263
5261,263
5262,263
5263,263
5264,263
5265,263
5266,263
5267,263
5268,263
5269,263
5270,263
5271,263
5272,263
5273,263
5274,263
5275,260
5276,260
5277,260
5278,260
5279,260
5280,260
5281,260
5282,260
5283,260
5284,260
5285,260
5286,260
5287,260
5288,260
5289,260
5290,260
5291,260
5292,260
5293,260
5294,260
5295,260
5296,260
5297,260
5298,260
5299,260
5300,266
5301,266
5302,266
5303,266
5304,266
5305,266
5306,266
5307,266
5308,266
5309,266
5310,266
5311,266
5312,266
5313,266
5314,266
5315,266
5316,266
5317,266
5318,266
5319,266
5320,266
5321,266
5322,266
5323,266
5324,266
5325,261
5326,261
5327,261
5328,261
5329,261
5330,261
5331,261
5332,261
5333,261
5334,261
5335,261
5336,261
5337,261
5338,261
5339,261
5340,261
5341,261
5342,261
5343,261
5344,261
5345,261
5346,261
5347,261
5348,261
5349,261
5350,265
5351,265
5352,265
5353,265
5354,265
5355,265
5356,265
5357,265
5358,265
5359,265
5360,265
5361,265
5362,265
5363,265
5364,265
5365,265
5366,265
5367,265
5368,265
5369,265
5370,265
5371,265
5372,265
5373,265
5374,265
5375,263
5376,263
5377,263
5378,263
5379,263
5380,263
5381,263
5382,263
5383,263
5384,263
5385,263
5386,263
5387,263
5388,263
5389,263
5390,263
5391,263
5392,263
5393,263
5394,263
5395,263
5396,263
5397,263
5398,263
5399,263
5400,266
5401,266
5402,266
5403,266
5404,266
5405,266
5406,266
5407,266
5408,266
5409,266
5410,266
5411,266
5412,266
5413,266
5414,266
5415,266
5416,266
5417,266
5418,266
5419,266
5420,266
5421,266
5422,266
5423,266
5424,266
5425,264
5426,264
5427,264
5428,264
5429,264
5430,264
5431,264
5432,264
5433,264
5434,264
5435,264
5436,264
5437,264
5438,264
5439,264
5440,264
5441,264
5442,264
5443,264
5444,264
5445,264
5446,264
5447,264
5448,264
5449,264
5450,265
5451,265
5452,265
5453,265
5454,265
5455,265
5456,265
5457,265
5458,265
5459,265
5460,265
5461,265
5462,265
5463,265
5464,265
5465,265
5466,265
5467,265
5468,265
5469,265
5470,265
5471,265
5472,265
5473,265
5474,265
5475,264
5476,264
5477,264
5478,264
5479,264
5480,264
5481,264
5482,264
5483,264
5484,264
5485,264
5486,264
5487,264
5488,264
5489,264
5490,264
5491,264
5492,264
5493,264
5494,264
5495,264
5496,264
5497,264
5498,264
5499,264
5500,266
5501,266
5502,266
5503,266
5504,266
5505,266
5506,266
5507,266
5508,266
5509,266
5510,266
5511,266
5512,266
5513,266
5514,266
5515,266
5516,266
5517,266
5518,266
5519,266
5520,266
5521,266
5522,266
5523,266
5524,266
5525,264
5526,264
5527,264
5528,264
5529,264
5530,264
5531,264
5532,264
5533,264
5534,264
5535,264
5536,264
5537,264
5538,264
5539,264
5540,264
5541,264
5542,264
5543,264
5544,264
5545,264
5546,264
5547,264
5548,264
5549,264
5550,264
5551,264
5552,264
5553,264
5554,264
5555,264
5556,264
5557,264
5558,264
5559,264
5560,264
5561,264
5562,264
5563,264
5564,264
5565,264
5566,264
5567,264
5568,264
5569,264
5570,264
5571,264
5572,264
5573,264
5574,264
5575,265
5576,265
5577,265
5578,265
5579,265
5580,265
5581,265
5582,265
5583,265
5584,265
5585,265
5586,265
5587,265
5588,265
5589,265
5590,265
5591,265
5592,265
5593,265
5594,265
5595,265
5596,265
5597,265
5598,265
5599,265
5600,265
5601,265
5602,265
5603,265
5604,265
5605,265
5606,265
5607,265
5608,265
5609,265
5610,265
5611,265
5612,265
5613,265
5614,265
5615,265
5616,265
5617,265
5618,265
5619,265
5620,265
5621,265
5622,265
5623,265
5624,265
5625,265
5626,265
5627,265
5628,265
5629,265
5630,265
5631,265
5632,265
5633,265
5634,265
5635,265
5636,265
5637,265
5638,265
5639,265
5640,265
5641,265
5642,265
5643,265
5644,265
5645,265
5646,265
5647,265
5648,265
5649,265
5650,264
5651,264
5652,264
5653,264
5654,264
5655,264
5656,264
5657,264
5658,264
5659,264
5660,264
5661,264
5662,264
5663,264
5664,264
5665,264
5666,264
5667,264
5668,264
5669,264
5670,264
5671,264
5672,264
5673,264
5674,264
5675,265
5676,265
5677,265
5678,265
5679,265
5680,265
5681,265
5682,265
5683,265
5684,265
5685,265
5686,265
5687,265
5688,265
5689,265
5690,265
5691,265
5692,265
5693,265
5694,265
5695,265
5696,265
5697,265
5698,265
5699,265
5700,263
5701,263
5702,263
5703,263
5704,263
5705,263
5706,263
5707,263
5708,263
5709,263
5710,263
5711,263
5712,263
5713,263
5714,263
5715,263
5716,263
5717,263
5718,263
5719,263
5720,263
5721,263
5722,263
5723,263
5724,263
5725,264
5726,264
5727,264
5728,264
5729,264
5730,264
5731,264
5732,264
5733,264
5734,264
5735,264
5736,264
5737,264
5738,264
5739,264
5740,264
5741,264
5742,264
5743,264
5744,264
5745,264
5746,264
5747,264
5748,264
5749,264
5750,262
5751,262
5752,262
5753,262
5754,262
5755,262
5756,262
5757,262
5758,262
5759,262
5760,262
5761,262
5762,262
5763,262
5764,262
5765,262
5766,262
5767,262
5768,262
5769,262
5770,262
5771,262
5772,262
5773,262
5774,262
5775,264
5776,264
5777,264
5778,264
5779,264
5780,264
5781,264
5782,264
5783,264
5784,264
5785,264
5786,264
5787,264
5788,264
5789,264
5790,264
5791,264
5792,264
5793,264
5794,264
5795,264
5796,264
5797,264
5798,264
5799,264
5800,261
5801,261
5802,261
5803,261
5804,261
5805,261
5806,261
5807,261
5808,261
5809,261
5810,261
5811,261
5812,261
5813,261
5814,261
5815,261
5816,261
5817,261
5818,261
5819,261
5820,261
5821,261
5822,261
5823,261
5824,261
5825,262
5826,262
5827,262
5828,262
5829,262
5830,262
5831,262
5832,262
5833,262
5834,262
5835,262
5836,262
5837,262
5838,262
5839,262
5840,262
5841,262
5842,262
5843,262
5844,262
5845,262
5846,262
5847,262
5848,262
5849,262
5850,259
5851,259
5852,259
5853,259
5854,259
5855,259
5856,259
5857,259
5858,259
5859,259
5860,259
5861,259
5862,259
5863,259
5864,259
5865,259
5866,259
5867,259
5868,259
5869,259
5870,259
5871,259
5872,259
5873,259
5874,259
5875,262
5876,262
5877,262
5878,262
5879,262
5880,262
5881,262
5882,262
5883,262
5884,262
5885,262
5886,262
5887,262
5888,262
5889,262
5890,262
5891,262
5892,262
5893,262
5894,262
5895,262
5896,262
5897,262
5898,262
5899,262
5900,259
5901,259
5902,259
5903,259
5904,259
5905,259
5906,259
5907,259
5908,259
5909,259
5910,259
5911,259
5912,259
5913,259
5914,259
5915,259
5916,259
5917,259
5918,259
5919,259
5920,259
5921,259
5922,259
5923,259
5924,259
5925,261
5926,261
5927,261
5928,261
5929,261
5930,261
5931,261
5932,261
5933,261
5934,261
5935,261
5936,261
5937,261
5938,261
5939,261
5940,261
5941,261
5942,261
5943,261
5944,261
5945,261
5946,261
5947,261
5948,261
5949,261
5950,257
5951,257
5952,257
5953,257
5954,257
5955,257
5956,257
5957,257
5958,257
5959,257
5960,257
5961,257
5962,257
5963,257
5964,257
5965,257
5966,257
5967,257
5968,257
5969,257
5970,257
5971,257
5972,257
5973,257
5974,257
5975,262
5976,262
5977,262
5978,262
5979,262
5980,262
5981,262
5982,262
5983,262
5984,262
5985,262
5986,262
5987,262
5988,262
5989,262
5990,262
5991,262
5992,262
5993,262
5994,262
5995,262
5996,262
5997,262
5998,262
5999,262
6000,258
6001,258
6002,258
6003,258
6004,258
6005,258
6006,258
6007,258
6008,258
6009,258
6010,258
6011,258
6012,258
6013,258
6014,258
6015,258
6016,258
6017,258
6018,258
6019,258
6020,258
6021,258
6022,258
6023,258
6024,258
6025,261
6026,261
6027,261
6028,261
6029,261
6030,261
6031,261
6032,261
6033,261
6034,261
6035,261
6036,261
6037,261
6038,261
6039,261
6040,261
6041,261
6042,261
6043,261
6044,261
6045,261
6046,261
6047,261
6048,261
6049,261
6050,256
6051,256
6052,256
6053,256
6054,256
6055,256
6056,256
6057,256
6058,256
6059,256
6060,256
6061,256
6062,256
6063,256
6064,256
6065,256
6066,256
6067,256
6068,256
6069,256
6070,256
6071,256
6072,256
6073,256
6074,256
6075,263
6076,263
6077,263
6078,263
6079,263
6080,263
6081,263
6082,263
6083,263
6084,263
6085,263
6086,263
6087,263
6088,263
6089,263
6090,263
6091,263
6092,263
6093,263
6094,263
6095,263
6096,263
6097,263
6098,263
6099,263
6100,257
6101,257
6102,257
6103,257
6104,257
6105,257
6106,257
6107,257
6108,257
6109,257
6110,257
6111,257
6112,257
6113,257
6114,257
6115,257
6116,257
6117,257
6118,257
6119,257
6120,257
6121,257
6122,257
6123,257
6124,257
6125,262
6126,262
6127,262
6128,262
6129,262
6130,262
6131,262
6132,262
6133,262
6134,262
6135,262
6136,262
6137,262
6138,262
6139,262
6140,262
6141,262
6142,262
6143,262
6144,262
6145,262
6146,262
6147,262
6148,262
6149,262
6150,256
6151,256
6152,256
6153,256
6154,256
6155,256
6156,256
6157,256
6158,256
6159,256
6160,256
6161,256
6162,256
6163,256
6164,256
6165,256
6166,256
6167,256
6168,256
6169,256
6170,256
6171,256
6172,256
6173,256
6174,256
6175,263
6176,263
6177,263
6178,263
6179,263
6180,263
6181,263
6182,263
6183,263
6184,263
6185,263
6186,263
6187,263
6188,263
6189,263
6190,263
6191,263
6192,263
6193,263
6194,263
6195,263
6196,263
6197,263
6198,263
6199,263
6200,257
6201,257
6202,257
6203,257
6204,257
6205,257
6206,257
6207,257
6208,257
6209,257
6210,257
6211,257
6212,257
6213,257
6214,257
6215,257
6216,257
6217,257
6218,257
6219,257
6220,257
6221,257
6222,257
6223,257
6224,257
6225,263
6226,263
6227,263
6228,263
6229,263
6230,263
6231,263
6232,263
6233,263
6234,263
6235,263
6236,263
6237,263
6238,263
6239,263
6240,263
6241,263
6242,263
6243,263
6244,263
6245,263
6246,263
6247,263
6248,263
6249,263
6250,258
6251,258
6252,258
6253,258
6254,258
6255,258
6256,258
6257,258
6258,258
6259,258
6260,258
6261,258
6262,258
6263,258
6264,258
6265,258
6266,258
6267,258
6268,258
6269,258
6270,258
6271,258
6272,258
6273,258
6274,258
6275,265
6276,265
6277,265
6278,265
6279,265
6280,265
6281,265
6282,265
6283,265
6284,265
6285,265
6286,265
6287,265
6288,265
6289,265
6290,265
6291,265
6292,265
6293,265
6294,265
6295,265
6296,265
6297,265
6298,265
6299,265
6300,259
6301,259
6302,259
6303,259
6304,259
6305,259
6306,259
6307,259
6308,259
6309,259
6310,259
6311,259
6312,259
6313,259
6314,259
6315,259
6316,259
6317,259
6318,259
6319,259
6320,259
6321,259
6322,259
6323,259
6324,259
6325,265
6326,265
6327,265
6328,265
6329,265
6330,265
6331,265
6332,265
6333,265
6334,265
6335,265
6336,265
6337,265
6338,265
6339,265
6340,265
6341,265
6342,265
6343,265
6344,265
6345,265
6346,265
6347,265
6348,265
6349,265
6350,260
6351,260
6352,260
6353,260
6354,260
6355,260
6356,260
6357,260
6358,260
6359,260
6360,260
6361,260
6362,260
6363,260
6364,260
6365,260
6366,260
6367,260
6368,260
6369,260
6370,260
6371,260
6372,260
6373,260
6374,260
6375,267
6376,267
6377,267
6378,267
6379,267
6380,267
6381,267
6382,267
6383,267
6384,267
6385,267
6386,267
6387,267
6388,267
6389,267
6390,267
6391,267
6392,267
6393,267
6394,267
6395,267
6396,267
6397,267
6398,267
6399,267
6400,262
6401,262
6402,262
6403,262
6404,262
6405,262
6406,262
6407,262
6408,262
6409,262
6410,262
6411,262
6412,262
6413,262
6414,262
6415,262
6416,262
6417,262
6418,262
6419,262
6420,262
6421,262
6422,262
6423,262
6424,262
6425,267
6426,267
6427,267
6428,267
6429,267
6430,267
6431,267
6432,267
6433,267
6434,267
6435,267
6436,267
6437,267
6438,267
6439,267
6440,267
6441,267
6442,267
6443,267
6444,267
6445,267
6446,267
6447,267
6448,267
6449,267
6450,262
6451,262
6452,262
6453,262
6454,262
6455,262
6456,262
6457,262
6458,262
6459,262
6460,262
6461,262
6462,262
6463,262
6464,262
6465,262
6466,262
6467,262
6468,262
6469,262
6470,262
6471,262
6472,262
6473,262
6474,262
6475,268
6476,268
6477,268
6478,268
6479,268
6480,268
6481,268
6482,268
6483,268
6484,268
6485,268
6486,268
6487,268
6488,268
6489,268
6490,268
6491,268
6492,268
6493,268
6494,268
6495,268
6496,268
6497,268
6498,268
6499,268
6500,263
6501,263
6502,263
6503,263
6504,263
6505,263
6506,263
6507,263
6508,263
6509,263
6510,263
6511,263
6512,263
6513,263
6514,263
6515,263
6516,263
6517,263
6518,263
6519,263
6520,263
6521,263
6522,263
6523,263
6524,263
6525,266
6526,266
6527,266
6528,266
6529,266
6530,266
6531,266
6532,266
6533,266
6534,266
6535,266
6536,266
6537,266
6538,266
6539,266
6540,266
6541,266
6542,266
6543,266
6544,266
6545,266
6546,266
6547,266
6548,266
6549,266
6550,263
6551,263
6552,263
6553,263
6554,263
6555,263
6556,263
6557,263
6558,263
6559,263
6560,263
6561,263
6562,263
6563,263
6564,263
6565,263
6566,263
6567,263
6568,263
6569,263
6570,263
6571,263
6572,263
6573,263
6574,263
6575,267
6576,267
6577,267
6578,267
6579,267
6580,267
6581,267
6582,267
6583,267
6584,267
6585,267
6586,267
6587,267
6588,267
6589,267
6590,267
6591,267
6592,267
6593,267
6594,267
6595,267
6596,267
6597,267
6598,267
6599,267
6600,263
6601,263
6602,263
6603,263
6604,263
6605,263
6606,263
6607,263
6608,263
6609,263
6610,263
6611,263
6612,263
6613,263
6614,263
6615,263
6616,263
6617,263
6618,263
6619,263
6620,263
6621,263
6622,263
6623,263
6624,263
6625,266
6626,266
6627,266
6628,266
6629,266
6630,266
6631,266
6632,266
6633,266
6634,266
6635,266
6636,266
6637,266
6638,266
6639,266
6640,266
6641,266
6642,266
6643,266
6644,266
6645,266
6646,266
6647,266
6648,266
6649,266
6650,263
6651,263
6652,263
6653,263
6654,263
6655,263
6656,263
6657,263
6658,263
6659,263
6660,263
6661,263
6662,263
6663,263
6664,263
6665,263
6666,263
6667,263
6668,263
6669,263
6670,263
6671,263
6672,263
6673,263
6674,263
6675,267
6676,267
6677,267
6678,267
6679,267
6680,267
6681,267
6682,267
6683,267
6684,267
6685,267
6686,267
6687,267
6688,267
6689,267
6690,267
6691,267
6692,267
6693,267
6694,267
6695,267
6696,267
6697,267
6698,267
6699,267
6700,264
6701,264
6702,264
6703,264
6704,264
6705,264
6706,264
6707,264
6708,264
6709,264
6710,264
6711,264
6712,264
6713,264
6714,264
6715,264
6716,264
6717,264
6718,264
6719,264
6720,264
6721,264
6722,264
6723,264
6724,264
6725,265
6726,265
6727,265
6728,265
6729,265
6730,265
6731,265
6732,265
6733,265
6734,265
6735,265
6736,265
6737,265
6738,265
6739,265
6740,265
6741,265
6742,265
6743,265
6744,265
6745,265
6746,265
6747,265
6748,265
6749,265
6750,262
6751,262
6752,262
6753,262
6754,262
6755,262
6756,262
6757,262
6758,262
6759,262
6760,262
6761,262
6762,262
6763,262
6764,262
6765,262
6766,262
6767,262
6768,262
6769,262
6770,262
6771,262
6772,262
6773,262
6774,262
6775,264
6776,264
6777,264
6778,264
6779,264
6780,264
6781,264
6782,264
6783,264
6784,264
6785,264
6786,264
6787,264
6788,264
6789,264
6790,264
6791,264
6792,264
6793,264
6794,264
6795,264
6796,264
6797,264
6798,264
6799,264
6800,263
6801,263
6802,263
6803,263
6804,263
6805,263
6806,263
6807,263
6808,263
6809,263
6810,263
6811,263
6812,263
6813,263
6814,263
6815,263
6816,263
6817,263
6818,263
6819,263
6820,263
6821,263
6822,263
6823,263
6824,263
6825,262
6826,262
6827,262
6828,262
6829,262
6830,262
6831,262
6832,262
6833,262
6834,262
6835,262
6836,262
6837,262
6838,262
6839,262
6840,262
6841,262
6842,262
6843,262
6844,262
6845,262
6846,262
6847,262
6848,262
6849,262
6850,261
6851,261
6852,261
6853,261
6854,261
6855,261
6856,261
6857,261
6858,261
6859,261
6860,261
6861,261
6862,261
6863,261
6864,261
6865,261
6866,261
6867,261
6868,261
6869,261
6870,261
6871,261
6872,261
6873,261
6874,261
6875,262
6876,262
6877,262
6878,262
6879,262
6880,262
6881,262
6882,262
6883,262
6884,262
6885,262
6886,262
6887,262
6888,262
6889,262
6890,262
6891,262
6892,262
6893,262
6894,262
6895,262
6896,262
6897,262
6898,262
6899,262
6900,261
6901,261
6902,261
6903,261
6904,261
6905,261
6906,261
6907,261
6908,261
6909,261
6910,261
6911,261
6912,261
6913,261
6914,261
6915,261
6916,261
6917,261
6918,261
6919,261
6920,261
6921,261
6922,261
6923,261
6924,261
6925,259
6926,259
6927,259
6928,259
6929,259
6930,259
6931,259
6932,259
6933,259
6934,259
6935,259
6936,259
6937,259
6938,259
6939,259
6940,259
6941,259
6942,259
6943,259
6944,259
6945,259
6946,259
6947,259
6948,259
6949,259
6950,260
6951,260
6952,260
6953,260
6954,260
6955,260
6956,260
6957,260
6958,260
6959,260
6960,260
6961,260
6962,260
6963,260
6964,260
6965,260
6966,260
6967,260
6968,260
6969,260
6970,260
6971,260
6972,260
6973,260
6974,260
6975,260
6976,260
6977,260
6978,260
6979,260
6980,260
6981,260
6982,260
6983,260
6984,260
6985,260
6986,260
6987,260
6988,260
6989,260
6990,260
6991,260
6992,260
6993,260
6994,260
6995,260
6996,260
6997,260
6998,260
6999,260
7000,260
