1,271
2,270
3,266
4,382
5,430
6,465
7,490
8,500
9,522
10,514
11,538
12,516
13,546
14,517
15,557
16,521
17,569
18,521
19,575
20,515
21,578
22,508
23,585
24,515
25,594
26,523
27,599
28,524
29,602
30,525
31,606
32,532
33,608
34,539
35,607
36,542
37,603
38,542
39,602
40,547
41,602
42,556
43,601
44,558
45,597
46,558
47,594
48,563
49,594
50,570
51,594
52,574
53,589
54,574
55,584
56,579
57,583
58,586
59,583
60,590
61,579
62,591
63,572
64,595
65,570
66,602
67,570
68,607
69,565
70,609
71,556
72,612
73,553
74,619
75,552
76,624
77,549
78,628
79,548
80,627
81,552
82,628
83,559
84,631
85,564
86,626
87,562
88,621
89,566
90,621
91,573
92,623
93,577
94,620
95,578
96,616
97,580
98,615
99,586
100,615
101,592
102,613
103,594
104,607
105,595
106,606
107,601
108,606
109,607
110,604
111,609
112,598
113,611
114,594
115,615
116,594
117,623
118,593
119,626
120,587
121,627
122,581
123,632
124,580
125,640
126,578
127,643
128,573
129,641
130,565
131,640
132,570
133,642
134,576
135,640
136,578
137,636
138,578
139,635
140,583
141,635
142,590
143,635
144,592
145,632
146,592
147,628
148,596
149,628
150,603
151,629
152,606
153,625
154,606
155,622
156,609
157,620
158,617
159,621
160,620
161,617
162,621
163,613
164,625
165,611
166,630
167,611
168,635
169,608
170,637
171,601
172,641
173,599
174,647
175,599
176,653
177,596
178,652
179,587
180,649
181,584
182,649
183,583
184,650
185,586
186,648
187,588
188,644
189,589
190,644
191,595
192,645
193,600
194,643
195,600
196,639
197,602
198,638
199,608
200,640
201,612
202,637
203,614
204,632
205,616
206,631
207,620
208,631
209,627
210,629
211,629
212,624
213,629
214,622
215,634
216,621
217,641
218,620
219,644
220,615
221,645
222,612
223,649
224,610
225,656
226,608
227,658
228,603
229,656
230,597
231,654
232,596
233,655
234,593
235,655
236,592
237,651
238,592
239,648
240,596
241,649
242,602
243,649
244,604
245,645
246,603
247,642
248,607
249,642
250,614
251,642
252,616
253,639
254,616
255,635
256,619
257,634
258,625
259,634
260,629
261,631
262,629
263,626
264,632
265,624
266,638
267,625
268,642
269,622
270,644
271,615
272,646
273,614
274,652
275,613
276,657
277,610
278,658
279,603
280,656
281,600
282,656
283,598
284,656
285,593
286,654
287,590
288,650
289,592
290,650
291,598
292,651
293,601
294,648
295,602
296,644
297,604
298,643
299,609
300,644
301,613
302,641
303,614
304,637
305,615
306,635
307,620
308,636
309,625
310,634
311,627
312,628
313,628
314,625
315,632
316,625
317,638
318,624
319,641
320,619
321,641
322,614
323,645
324,612
325,653
326,610
327,654
328,605
329,655
330,598
331,654
332,595
333,655
334,593
335,654
336,587
337,650
338,585
339,648
340,590
341,648
342,595
343,647
344,597
345,643
346,595
347,640
348,599
349,640
350,604
351,639
352,607
353,637
354,607
355,632
356,610
357,631
358,616
359,630
360,619
361,626
362,618
363,621
364,621
365,619
366,626
367,619
368,630
369,614
370,631
371,608
372,633
373,605
374,638
375,604
376,642
377,599
378,645
379,591
380,646
381,588
382,649
383,584
384,650
385,578
386,647
387,575
388,643
389,576
390,642
391,582
392,643
393,586
394,640
395,585
396,635
397,586
398,633
399,591
400,633
401,595
402,630
403,595
404,624
405,596
406,622
407,599
408,622
409,605
410,619
411,606
412,613
413,605
414,609
415,611
416,608
417,615
418,605
419,617
420,599
421,617
422,593
423,620
424,590
425,626
426,588
427,629
428,579
429,630
430,571
431,632
432,567
433,637
434,563
435,640
436,563
437,636
438,561
439,633
440,565
441,633
442,570
443,632
444,571
445,627
446,569
447,623
448,572
449,622
450,578
451,621
452,579
453,616
454,578
455,610
456,580
457,609
458,585
459,608
460,589
461,603
462,588
463,596
464,589
465,593
466,594
467,592
468,598
469,586
470,597
471,576
472,599
473,572
474,602
475,569
476,607
477,563
478,608
479,551
480,608
481,544
482,613
483,543
484,618
485,545
486,620
487,543
488,620
489,544
490,621
491,548
492,621
493,552
494,617
495,551
496,611
497,551
498,608
499,555
500,608
501,558
502,604
503,559
504,596
505,557
506,593
507,562
508,592
509,566
510,588
511,566
512,580
513,565
514,573
515,568
516,571
517,574
518,567
519,576
520,558
521,573
522,550
523,576
524,546
525,582
526,541
527,583
528,530
529,582
530,519
531,584
532,518
533,591
534,522
535,593
536,523
537,593
538,521
539,595
540,524
541,600
542,529
543,604
544,530
545,598
546,526
547,593
548,528
549,592
550,535
551,589
552,536
553,583
554,533
555,576
556,535
557,573
558,540
559,570
560,543
561,564
562,541
563,554
564,541
565,549
566,546
567,547
568,548
569,539
570,548
571,527
572,547
573,519
574,551
575,516
576,556
577,506
578,554
579,490
580,555
581,492
582,559
583,498
584,564
585,500
586,565
587,497
588,563
589,497
590,567
591,503
592,573
593,507
594,575
595,503
596,574
597,502
598,576
599,507
600,573
601,510
602,568
603,509
604,558
605,507
606,553
607,510
608,551
609,516
610,545
611,515
612,535
613,512
614,528
615,515
616,524
617,522
618,518
619,522
620,506
621,519
622,494
623,521
624,488
625,528
626,482
627,529
628,470
629,526
630,467
631,527
632,470
633,533
634,477
635,536
636,475
637,534
638,472
639,534
640,475
641,540
642,482
643,543
644,481
645,543
646,476
647,542
648,478
649,548
650,485
651,552
652,485
653,545
654,480
655,535
656,482
657,533
658,488
659,529
660,491
661,522
662,486
663,510
664,487
665,502
666,493
667,499
668,496
669,490
670,494
671,473
672,493
673,464
674,498
675,459
676,503
677,451
678,501
679,445
680,499
681,447
682,504
683,454
684,509
685,456
686,509
687,451
688,506
689,450
690,510
691,456
692,517
693,461
694,517
695,456
696,515
697,455
698,518
699,460
700,525
701,465
702,527
703,463
704,524
705,460
706,519
707,464
708,516
709,469
710,510
711,469
712,497
713,466
714,488
715,468
716,484
717,476
718,479
719,476
720,467
721,472
722,450
723,474
724,442
725,481
726,436
727,482
728,435
729,479
730,430
731,480
732,433
733,487
734,439
735,490
736,440
737,488
738,434
739,488
740,438
741,495
742,445
743,498
744,445
745,497
746,439
747,497
748,442
749,503
750,450
751,509
752,451
753,509
754,446
755,509
756,448
757,508
758,455
759,506
760,457
761,498
762,453
763,484
764,453
765,477
766,459
767,474
768,464
769,466
770,463
771,450
772,461
773,437
774,467
775,433
776,471
777,427
778,471
779,420
780,469
781,423
782,474
783,431
784,481
785,433
786,481
787,429
788,479
789,429
790,483
791,435
792,491
793,440
794,492
795,437
796,490
797,435
798,493
799,441
800,501
801,447
802,504
803,445
804,503
805,443
806,506
807,447
808,509
809,453
810,503
811,454
812,493
813,450
814,483
815,454
816,479
817,462
818,474
819,462
820,460
821,458
822,449
823,463
824,443
825,471
826,436
827,473
828,426
829,469
830,422
831,472
832,427
833,480
834,434
835,483
836,433
837,482
838,430
839,483
840,434
841,491
842,443
843,496
844,442
845,495
846,438
847,494
848,440
849,502
850,450
851,509
852,452
853,510
854,447
855,510
856,449
857,518
858,458
859,517
860,462
861,511
862,459
863,500
864,461
865,496
866,468
867,494
868,473
869,485
870,471
871,471
872,471
873,464
874,478
875,461
876,484
877,451
878,483
879,433
880,484
881,434
882,490
883,442
884,496
885,447
886,498
887,442
888,496
889,443
890,501
891,450
892,510
893,455
894,513
895,453
896,510
897,452
898,516
899,460
900,525
901,465
902,530
903,466
904,528
905,464
906,534
907,470
908,537
909,477
910,533
911,478
912,524
913,476
914,517
915,480
916,516
917,490
918,513
919,491
920,503
921,488
922,494
923,493
924,490
925,501
926,487
927,504
928,476
929,502
930,463
931,505
932,457
933,514
934,462
935,519
936,462
937,518
938,459
939,521
940,464
941,529
942,473
943,535
944,475
945,535
946,471
947,537
948,475
949,545
950,484
951,552
952,486
953,555
954,484
955,557
956,488
957,557
958,495
959,557
960,500
961,553
962,498
963,545
964,501
965,543
966,507
967,542
968,513
969,536
970,513
971,527
972,515
973,522
974,521
975,522
976,527
977,516
978,528
979,505
980,529
981,498
982,535
983,496
984,542
985,491
986,545
987,481
988,545
989,483
990,551
991,491
992,559
993,495
994,562
995,495
996,562
997,495
998,567
999,502
1000,577
1001,508
1002,581
1003,509
1004,581
1005,508
1006,580
1007,514
1008,581
1009,521
1010,578
1011,523
1012,571
1013,522
1014,567
1015,528
1016,568
1017,535
1018,565
1019,538
1020,559
1021,536
1022,553
1023,541
1024,553
1025,550
1026,551
1027,554
1028,544
1029,552
1030,538
1031,557
1032,534
1033,564
1034,532
1035,569
1036,526
1037,570
1038,515
1039,573
1040,510
1041,581
1042,516
1043,586
1044,517
1045,588
1046,516
1047,591
1048,520
1049,598
1050,528
1051,604
1052,530
1053,605
1054,529
1055,600
1056,533
1057,600
1058,539
1059,600
1060,544
1061,597
1062,543
1063,591
1064,546
1065,591
1066,553
1067,591
1068,559
1069,588
1070,559
1071,581
1072,561
1073,580
1074,568
1075,580
1076,574
1077,577
1078,576
1079,569
1080,578
1081,566
1082,583
1083,565
1084,590
1085,562
1086,593
1087,555
1088,594
1089,548
1090,599
1091,547
1092,606
1093,544
1094,609
1095,535
1096,611
1097,537
1098,616
1099,543
1100,625
1101,549
1102,624
1103,550
1104,618
1105,550
1106,618
1107,555
1108,619
1109,562
1110,617
1111,564
1112,613
1113,564
1114,610
1115,569
1116,611
1117,577
1118,610
1119,579
1120,605
1121,579
1122,602
1123,584
1124,601
1125,591
1126,601
1127,595
1128,597
1129,594
1130,591
1131,599
1132,589
1133,606
1134,590
1135,610
1136,585
1137,611
1138,578
1139,615
1140,575
1141,621
1142,577
1143,627
1144,570
1145,629
1146,561
1147,632
1148,558
1149,637
1150,562
1151,638
1152,565
1153,635
1154,564
1155,632
1156,568
1157,632
1158,575
1159,633
1160,578
1161,631
1162,578
1163,626
1164,582
1165,626
1166,588
1167,627
1168,593
1169,624
1170,593
1171,619
1172,596
1173,618
1174,601
1175,619
1176,607
1177,617
1178,609
1179,610
1180,610
1181,608
1182,616
1183,609
1184,622
1185,607
1186,625
1187,602
1188,626
1189,597
1190,631
1191,596
1192,638
1193,594
1194,642
1195,588
1196,643
1197,584
1198,647
1199,582
1200,648
1201,579
1202,648
1203,576
1204,643
1205,577
1206,642
1207,582
1208,644
1209,588
1210,642
1211,590
1212,639
1213,591
1214,636
1215,595
1216,637
1217,602
1218,637
1219,605
1220,633
1221,605
1222,630
1223,608
1224,630
1225,615
1226,631
1227,619
1228,628
1229,618
1230,622
1231,623
1232,622
1233,629
1234,622
1235,633
1236,618
1237,634
1238,614
1239,637
1240,611
1241,644
1242,611
1243,649
1244,608
1245,651
1246,601
1247,654
1248,598
1249,654
1250,598
1251,655
1252,593
1253,652
1254,584
1255,649
1256,587
1257,649
1258,592
1259,650
1260,597
1261,648
1262,596
1263,644
1264,598
1265,643
1266,605
1267,645
1268,609
1269,642
1270,610
1271,638
1272,611
1273,636
1274,617
1275,638
1276,622
1277,635
1278,623
1279,630
1280,624
1281,629
1282,630
1283,629
1284,636
1285,627
1286,637
1287,622
1288,639
1289,619
1290,643
1291,618
1292,650
1293,616
1294,653
1295,610
1296,654
1297,605
1298,656
1299,604
1300,657
1301,604
1302,656
1303,596
1304,654
1305,589
1306,651
1307,591
1308,652
1309,596
1310,651
1311,597
1312,648
1313,597
1314,645
1315,602
1316,646
1317,609
1318,646
1319,610
1320,642
1321,610
1322,639
1323,613
1324,639
1325,620
1326,639
1327,622
1328,635
1329,622
1330,631
1331,626
1332,630
1333,632
1334,630
1335,636
1336,628
1337,636
1338,622
1339,639
1340,620
1341,645
1342,621
1343,649
1344,616
1345,651
1346,608
1347,654
1348,606
1349,657
1350,605
1351,657
1352,602
1353,655
1354,593
1355,652
1356,588
1357,652
1358,592
1359,653
1360,595
1361,650
1362,594
1363,646
1364,596
1365,645
1366,601
1367,647
1368,607
1369,644
1370,606
1371,639
1372,607
1373,637
1374,612
1375,638
1376,616
1377,636
1378,618
1379,630
1380,619
1381,628
1382,623
1383,628
1384,629
1385,626
1386,631
1387,620
1388,631
1389,618
1390,635
1391,615
1392,641
1393,615
1394,644
1395,607
1396,644
1397,601
1398,648
1399,599
1400,655
1401,597
1402,654
1403,590
1404,649
1405,582
1406,648
1407,581
1408,650
1409,587
1410,647
1411,587
1412,643
1413,587
1414,641
1415,590
1416,641
1417,596
1418,640
1419,598
1420,636
1421,596
1422,633
1423,600
1424,631
1425,605
1426,630
1427,607
1428,627
1429,607
1430,621
1431,610
1432,620
1433,615
1434,620
1435,619
1436,615
1437,619
1438,608
1439,621
1440,606
1441,626
1442,606
1443,629
1444,601
1445,631
1446,592
1447,633
1448,589
1449,638
1450,587
1451,643
1452,581
1453,645
1454,570
1455,642
1456,566
1457,641
1458,572
1459,642
1460,575
1461,639
1462,573
1463,634
1464,573
1465,632
1466,580
1467,633
1468,584
1469,630
1470,583
1471,623
1472,584
1473,621
1474,589
1475,622
1476,592
1477,619
1478,593
1479,612
1480,593
1481,608
1482,597
1483,608
1484,602
1485,607
1486,604
1487,597
1488,602
1489,592
1490,607
1491,591
1492,612
1493,587
1494,614
1495,579
1496,614
1497,571
1498,616
1499,568
1500,623
1501,564
1502,625
1503,554
1504,625
1505,549
1506,628
1507,553
1508,632
1509,557
1510,630
1511,558
1512,625
1513,557
1514,622
1515,560
1516,621
1517,566
1518,620
1519,566
1520,614
1521,563
1522,609
1523,567
1524,608
1525,573
1526,607
1527,575
1528,601
1529,573
1530,594
1531,575
1532,592
1533,580
1534,590
1535,583
1536,585
1537,582
1538,576
1539,583
1540,571
1541,588
1542,570
1543,592
1544,562
1545,591
1546,551
1547,591
1548,546
1549,597
1550,542
1551,601
1552,533
1553,603
1554,529
1555,603
1556,531
1557,607
1558,536
1559,612
1560,539
1561,614
1562,536
1563,609
1564,537
1565,607
1566,542
1567,607
1568,546
1569,602
1570,544
1571,595
1572,543
1573,592
1574,547
1575,591
1576,552
1577,587
1578,552
1579,578
1580,550
1581,573
1582,554
1583,572
1584,559
1585,566
1586,559
1587,557
1588,557
1589,550
1590,560
1591,547
1592,567
1593,541
1594,567
1595,530
1596,565
1597,519
1598,568
1599,513
1600,575
1601,509
1602,576
1603,509
1604,574
1605,506
1606,576
1607,510
1608,583
1609,516
1610,585
1611,515
1612,584
1613,512
1614,587
1615,515
1616,590
1617,521
1618,588
1619,522
1620,581
1621,518
1622,575
1623,520
1624,572
1625,526
1626,570
1627,527
1628,562
1629,523
1630,555
1631,525
1632,550
1633,531
1634,547
1635,534
1636,539
1637,531
1638,527
1639,531
1640,521
1641,536
1642,518
1643,539
1644,508
1645,539
1646,493
1647,539
1648,483
1649,543
1650,487
1651,547
1652,487
1653,547
1654,482
1655,545
1656,483
1657,550
1658,491
1659,555
1660,492
1661,556
1662,488
1663,554
1664,487
1665,558
1666,494
1667,564
1668,497
1669,565
1670,494
1671,560
1672,492
1673,553
1674,496
1675,552
1676,502
1677,546
1678,500
1679,535
1680,497
1681,529
1682,501
1683,526
1684,507
1685,520
1686,506
1687,508
1688,503
1689,500
1690,506
1691,493
1692,513
1693,486
1694,513
1695,470
1696,509
1697,456
1698,512
1699,460
1700,518
1701,465
1702,520
1703,463
1704,517
1705,459
1706,519
1707,463
1708,525
1709,469
1710,527
1711,468
1712,526
1713,463
1714,525
1715,466
1716,531
1717,474
1718,534
1719,472
1720,534
1721,468
1722,534
1723,469
1724,535
1725,477
1726,532
1727,478
1728,524
1729,472
1730,514
1731,474
1732,508
1733,481
1734,506
1735,485
1736,496
1737,480
1738,481
1739,480
1740,474
1741,487
1742,470
1743,490
1744,457
1745,488
1746,438
1747,486
1748,438
1749,491
1750,445
1751,496
1752,446
1753,495
1754,440
1755,493
1756,441
1757,497
1758,448
1759,503
1760,451
1761,503
1762,446
1763,500
1764,445
1765,504
1766,451
1767,512
1768,456
1769,512
1770,452
1771,509
1772,450
1773,513
1774,455
1775,521
1776,460
1777,517
1778,459
1779,505
1780,455
1781,497
1782,460
1783,495
1784,466
1785,488
1786,466
1787,475
1788,462
1789,463
1790,465
1791,457
1792,471
1793,450
1794,473
1795,433
1796,468
1797,422
1798,471
1799,428
1800,479
1801,433
1802,481
1803,432
1804,476
1805,427
1806,478
1807,431
1808,485
1809,438
1810,489
1811,437
1812,486
1813,432
1814,487
1815,436
1816,494
1817,444
1818,499
1819,444
1820,498
1821,439
1822,498
1823,442
1824,505
1825,450
1826,511
1827,452
1828,508
1829,447
1830,497
1831,448
1832,492
1833,457
1834,490
1835,460
1836,480
1837,456
1838,466
1839,456
1840,459
1841,463
1842,456
1843,467
1844,444
1845,466
1846,424
1847,464
1848,420
1849,470
1850,429
1851,477
1852,430
1853,476
1854,424
1855,475
1856,426
1857,479
1858,434
1859,487
1860,437
1861,486
1862,432
1863,483
1864,432
1865,487
1866,438
1867,496
1868,443
1869,498
1870,440
1871,497
1872,440
1873,501
1874,446
1875,510
1876,452
1877,514
1878,451
1879,506
1880,448
1881,500
1882,453
1883,500
1884,461
1885,495
1886,461
1887,482
1888,458
1889,471
1890,462
1891,467
1892,471
1893,462
1894,472
1895,448
1896,469
1897,436
1898,472
1899,429
1900,481
1901,435
1902,483
1903,433
1904,481
1905,431
1906,484
1907,436
1908,491
1909,443
1910,496
1911,443
1912,495
1913,439
1914,496
1915,444
1916,504
1917,453
1918,509
1919,453
1920,510
1921,449
1922,511
1923,452
1924,518
1925,461
1926,526
1927,464
1928,526
1929,460
1930,517
1931,462
1932,514
1933,471
1934,513
1935,475
1936,505
1937,472
1938,496
1939,474
1940,489
1941,482
1942,489
1943,487
1944,480
1945,486
1946,465
1947,486
1948,457
1949,492
1950,454
1951,499
1952,449
1953,500
1954,443
1955,500
1956,447
1957,505
1958,455
1959,513
1960,458
1961,515
1962,456
1963,514
1964,456
1965,520
1966,464
1967,529
1968,469
1969,532
1970,468
1971,532
1972,468
1973,537
1974,475
1975,545
1976,481
1977,549
1978,481
1979,541
1980,480
1981,538
1982,485
1983,537
1984,494
1985,534
1986,496
1987,525
1988,493
1989,518
1990,498
1991,516
1992,508
1993,514
1994,509
1995,503
1996,507
1997,494
1998,511
1999,490
2000,521
2001,487
2002,524
2003,476
2004,523
2005,465
2006,525
2007,470
2008,534
2009,478
2010,538
2011,478
2012,539
2013,476
2014,543
2015,481
2016,550
2017,490
2018,557
2019,492
2020,558
2021,488
2022,561
2023,493
2024,567
2025,501
2026,573
2027,504
2028,568
2029,502
2030,563
2031,506
2032,561
2033,513
2034,561
2035,518
2036,556
2037,516
2038,547
2039,519
2040,545
2041,526
2042,545
2043,532
2044,539
2045,532
2046,530
2047,533
2048,527
2049,540
2050,526
2051,547
2052,520
2053,548
2054,508
2055,550
2056,501
2057,555
2058,499
2059,563
2060,500
2061,566
2062,499
2063,567
2064,500
2065,573
2066,508
2067,581
2068,513
2069,585
2070,512
2071,586
2072,513
2073,591
2074,519
2075,594
2076,526
2077,592
2078,526
2079,586
2080,526
2081,583
2082,532
2083,583
2084,540
2085,582
2086,542
2087,575
2088,541
2089,571
2090,546
2091,572
2092,554
2093,570
2094,556
2095,564
2096,556
2097,559
2098,561
2099,557
2100,569
2101,556
2102,573
2103,549
2104,572
2105,542
2106,577
2107,539
2108,584
2109,537
2110,589
2111,531
2112,591
2113,519
2114,594
2115,523
2116,600
2117,532
2118,607
2119,534
2120,610
2121,531
2122,612
2123,537
2124,612
2125,544
2126,612
2127,548
2128,608
2129,546
2130,604
2131,550
2132,604
2133,557
2134,605
2135,561
2136,601
2137,561
2138,597
2139,564
2140,595
2141,570
2142,596
2143,576
2144,592
2145,578
2146,585
2147,579
2148,583
2149,585
2150,584
2151,592
2152,581
2153,594
2154,573
2155,595
2156,569
2157,601
2158,570
2159,609
2160,567
2161,611
2162,557
2163,612
2164,552
2165,618
2166,550
2167,626
2168,551
2169,630
2170,551
2171,628
2172,552
2173,627
2174,558
2175,628
2176,563
2177,627
2178,564
2179,622
2180,565
2181,621
2182,571
2183,622
2184,578
2185,621
2186,580
2187,616
2188,579
2189,613
2190,585
2191,614
2192,592
2193,614
2194,594
2195,609
2196,594
2197,604
2198,599
2199,604
2200,606
2201,604
2202,610
2203,600
2204,610
2205,594
2206,614
2207,592
2208,621
2209,594
2210,626
2211,588
2212,627
2213,580
2214,631
2215,578
2216,638
2217,577
2218,643
2219,572
2220,642
2221,564
2222,639
2223,568
2224,640
2225,575
2226,641
2227,578
2228,637
2229,577
2230,634
2231,581
2232,634
2233,588
2234,635
2235,592
2236,632
2237,593
2238,628
2239,595
2240,627
2241,601
2242,629
2243,606
2244,626
2245,607
2246,621
2247,609
2248,620
2249,615
2250,620
2251,620
2252,618
2253,623
2254,612
2255,624
2256,610
2257,629
2258,610
2259,636
2260,608
2261,639
2262,602
2263,640
2264,598
2265,646
2266,598
2267,653
2268,595
2269,652
2270,589
2271,648
2272,582
2273,648
2274,582
2275,650
2276,587
2277,648
2278,588
2279,644
2280,589
2281,643
2282,593
2283,644
2284,599
2285,643
2286,602
2287,639
2288,601
2289,637
2290,605
2291,638
2292,613
2293,637
2294,615
2295,633
2296,615
2297,630
2298,619
2299,630
2300,625
2301,629
2302,629
2303,625
2304,629
2305,621
2306,633
2307,620
2308,639
2309,620
2310,643
2311,616
2312,645
2313,610
2314,648
2315,608
2316,654
2317,609
2318,658
2319,604
2320,655
2321,596
2322,653
2323,592
2324,653
2325,592
2326,654
2327,592
2328,651
2329,591
2330,648
2331,594
2332,648
2333,600
2334,649
2335,604
2336,646
2337,604
2338,641
2339,606
2340,641
2341,612
2342,642
2343,616
2344,640
2345,617
2346,634
2347,618
2348,633
2349,624
2350,634
2351,629
2352,632
2353,631
2354,627
2355,632
2356,625
2357,637
2358,625
2359,643
2360,622
2361,645
2362,616
2363,646
2364,613
2365,650
2366,611
2367,657
2368,612
2369,659
2370,604
2371,655
2372,598
2373,654
2374,596
2375,656
2376,594
2377,654
2378,592
2379,649
2380,592
2381,649
2382,596
2383,650
2384,602
2385,649
2386,604
2387,645
2388,603
2389,642
2390,607
2391,643
2392,614
2393,642
2394,616
2395,638
2396,615
2397,634
2398,619
2399,634
2400,624
2401,634
2402,628
2403,630
2404,628
2405,625
2406,631
2407,624
2408,637
2409,623
2410,641
2411,619
2412,641
2413,613
2414,644
2415,611
2416,650
2417,612
2418,655
2419,606
2420,656
2421,598
2422,653
2423,594
2424,654
2425,594
2426,655
2427,588
2428,651
2429,586
2430,647
2431,588
2432,648
2433,594
2434,648
2435,598
2436,645
2437,597
2438,641
2439,599
2440,640
2441,604
2442,640
2443,608
2444,637
2445,608
2446,631
2447,609
2448,629
2449,614
2450,630
2451,619
2452,627
2453,620
2454,622
2455,621
2456,618
2457,625
2458,618
2459,631
2460,616
2461,635
2462,609
2463,632
2464,604
2465,637
2466,603
2467,645
2468,601
2469,645
2470,594
2471,646
2472,586
2473,648
2474,583
2475,650
2476,580
2477,648
2478,578
2479,643
2480,577
2481,641
2482,581
2483,641
2484,586
2485,640
2486,587
2487,636
2488,587
2489,633
2490,590
2491,632
2492,596
2493,631
2494,597
2495,626
2496,596
2497,622
2498,599
2499,621
2500,605
2501,620
2502,606
2503,616
2504,607
2505,609
2506,610
2507,607
2508,615
2509,607
2510,619
2511,601
2512,618
2513,593
2514,620
2515,590
2516,625
2517,589
2518,630
2519,582
2520,630
2521,572
2522,631
2523,566
2524,637
2525,563
2526,641
2527,564
2528,637
2529,561
2530,633
2531,563
2532,631
2533,569
2534,632
2535,572
2536,628
2537,571
2538,623
2539,572
2540,621
2541,577
2542,622
2543,581
2544,618
2545,580
2546,611
2547,580
2548,608
2549,585
2550,608
2551,590
2552,604
2553,590
2554,597
2555,590
2556,593
2557,594
2558,591
2559,599
2560,588
2561,600
2562,579
2563,599
2564,572
2565,603
2566,569
2567,608
2568,565
2569,610
2570,555
2571,609
2572,546
2573,613
2574,542
2575,619
2576,546
2577,622
2578,546
2579,621
2580,544
2581,620
2582,548
2583,620
2584,553
2585,618
2586,553
2587,612
2588,551
2589,609
2590,555
2591,607
2592,560
2593,605
2594,560
2595,600
2596,558
2597,593
2598,561
2599,592
2600,567
2601,589
2602,569
2603,583
2604,567
2605,574
2606,568
2607,571
2608,574
2609,569
2610,577
2611,561
2612,575
2613,551
2614,577
2615,546
2616,582
2617,543
2618,585
2619,534
2620,585
2621,519
2622,585
2623,518
2624,590
2625,524
2626,594
2627,525
2628,595
2629,521
2630,596
2631,523
2632,600
2633,529
2634,605
2635,532
2636,601
2637,529
2638,594
2639,530
2640,591
2641,535
2642,591
2643,538
2644,586
2645,537
2646,576
2647,535
2648,572
2649,540
2650,571
2651,544
2652,566
2653,544
2654,556
2655,542
2656,549
2657,545
2658,547
2659,551
2660,542
2661,551
2662,530
2663,549
2664,520
2665,551
2666,516
2667,558
2668,508
2669,558
2670,495
2671,556
2672,493
2673,559
2674,497
2675,566
2676,503
2677,567
2678,500
2679,566
2680,498
2681,567
2682,502
2683,574
2684,508
2685,577
2686,507
2687,575
2688,503
2689,574
2690,506
2691,572
2692,513
2693,569
2694,512
2695,561
2696,508
2697,553
2698,510
2699,550
2700,517
2701,547
2702,518
2703,539
2704,514
2705,528
2706,516
2707,524
2708,522
2709,519
2710,524
2711,510
2712,522
2713,496
2714,522
2715,490
2716,527
2717,483
2718,531
2719,473
2720,530
2721,468
2722,528
2723,471
2724,533
2725,478
2726,538
2727,478
2728,538
2729,474
2730,535
2731,474
2732,540
2733,481
2734,547
2735,483
2736,547
2737,480
2738,544
2739,478
2740,548
2741,484
2742,554
2743,488
2744,549
2745,485
2746,538
2747,483
2748,531
2749,488
2750,530
2751,492
2752,524
2753,491
2754,510
2755,487
2756,502
2757,492
2758,500
2759,498
2760,493
2761,498
2762,477
2763,494
2764,467
2765,498
2766,458
2767,505
2768,454
2769,505
2770,450
2771,501
2772,448
2773,505
2774,452
2775,510
2776,458
2777,512
2778,455
2779,508
2780,452
2781,511
2782,456
2783,516
2784,462
2785,520
2786,461
2787,519
2788,457
2789,518
2790,459
2791,526
2792,466
2793,528
2794,466
2795,527
2796,460
2797,518
2798,463
2799,515
2800,471
2801,511
2802,472
2803,501
2804,467
2805,489
2806,468
2807,485
2808,475
2809,479
2810,478
2811,467
2812,474
2813,450
2814,474
2815,441
2816,480
2817,437
2818,484
2819,437
2820,482
2821,430
2822,481
2823,432
2824,486
2825,440
2826,491
2827,441
2828,490
2829,435
2830,488
2831,436
2832,493
2833,443
2834,500
2835,446
2836,499
2837,442
2838,496
2839,440
2840,500
2841,447
2842,509
2843,451
2844,510
2845,449
2846,508
2847,447
2848,507
2849,452
2850,504
2851,457
2852,497
2853,456
2854,483
2855,452
2856,477
2857,457
2858,472
2859,464
2860,465
2861,464
2862,449
2863,460
2864,436
2865,464
2866,430
2867,472
2868,428
2869,473
2870,424
2871,468
2872,422
2873,472
2874,427
2875,480
2876,434
2877,483
2878,432
2879,479
2880,428
2881,481
2882,432
2883,488
2884,440
2885,493
2886,439
2887,491
2888,435
2889,492
2890,438
2891,499
2892,447
2893,504
2894,447
2895,504
2896,442
2897,504
2898,445
2899,506
2900,453
2901,503
2902,455
2903,494
2904,451
2905,482
2906,451
2907,477
2908,460
2909,473
2910,463
2911,463
2912,460
2913,447
2914,460
2915,438
2916,466
2917,435
2918,474
2919,427
2920,471
2921,421
2922,470
2923,424
2924,477
2925,433
2926,482
2927,435
2928,483
2929,429
2930,480
2931,430
2932,487
2933,439
2934,495
2935,443
2936,496
2937,439
2938,494
2939,439
2940,498
2941,446
2942,509
2943,451
2944,511
2945,449
2946,509
2947,448
2948,514
2949,454
2950,516
2951,461
2952,511
2953,461
2954,498
2955,458
2956,491
2957,463
2958,490
2959,472
2960,486
2961,472
2962,472
2963,470
2964,460
2965,473
2966,457
2967,484
2968,451
2969,484
2970,435
2971,480
2972,431
2973,484
2974,437
2975,494
2976,445
2977,497
2978,444
2979,495
2980,440
2981,498
2982,446
2983,506
2984,454
2985,510
2986,454
2987,511
2988,450
2989,512
2990,455
2991,522
2992,465
2993,527
2994,466
2995,528
2996,461
2997,530
2998,466
2999,532
3000,474
3001,531
3002,477
3003,524
3004,474
3005,516
3006,478
3007,512
3008,485
3009,511
3010,490
3011,504
3012,489
3013,493
3014,490
3015,486
3016,496
3017,485
3018,503
3019,475
3020,502
3021,460
3022,503
3023,454
3024,510
3025,459
3026,517
3027,463
3028,518
3029,458
3030,519
3031,461
3032,524
3033,469
3034,533
3035,474
3036,536
3037,471
3038,536
3039,472
3040,540
3041,480
3042,550
3043,486
3044,554
3045,484
3046,554
3047,484
3048,554
3049,491
3050,555
3051,498
3052,551
3053,498
3054,543
3055,498
3056,538
3057,503
3058,538
3059,511
3060,535
3061,513
3062,526
3063,511
3064,520
3065,516
3066,519
3067,525
3068,515
3069,527
3070,505
3071,526
3072,496
3073,530
3074,490
3075,539
3076,488
3077,544
3078,482
3079,542
3080,480
3081,547
3082,486
3083,555
3084,494
3085,560
3086,495
3087,562
3088,493
3089,564
3090,497
3091,572
3092,507
3093,579
3094,508
3095,582
3096,506
3097,577
3098,510
3099,576
3100,518
3101,576
3102,522
3103,572
3104,520
3105,565
3106,524
3107,563
3108,531
3109,564
3110,536
3111,558
3112,535
3113,550
3114,538
3115,548
3116,545
3117,549
3118,552
3119,544
3120,552
3121,535
3122,554
3123,530
3124,560
3125,529
3126,567
3127,524
3128,570
3129,512
3130,570
3131,505
3132,577
3133,513
3134,584
3135,517
3136,587
3137,515
3138,589
3139,517
3140,594
3141,524
3142,602
3143,528
3144,604
3145,529
3146,598
3147,529
3148,597
3149,536
3150,599
3151,542
3152,596
3153,544
3154,590
3155,544
3156,587
3157,549
3158,588
3159,558
3160,586
3161,559
3162,580
3163,559
3164,576
3165,565
3166,576
3167,573
3168,575
3169,575
3170,568
3171,575
3172,562
3173,579
3174,562
3175,588
3176,560
3177,592
3178,554
3179,592
3180,545
3181,596
3182,542
3183,604
3184,541
3185,608
3186,536
3187,611
3188,535
3189,614
3190,538
3191,621
3192,547
3193,623
3194,550
3195,619
3196,548
3197,615
3198,552
3199,615
3200,559
3201,616
3202,563
3203,613
3204,563
3205,608
3206,567
3207,608
3208,574
3209,609
3210,578
3211,605
3212,578
3213,600
3214,581
3215,598
3216,587
3217,600
3218,593
3219,596
3220,594
3221,588
3222,595
3223,586
3224,602
3225,587
3226,609
3227,583
3228,611
3229,576
3230,612
3231,573
3232,618
3233,572
3234,625
3235,568
3236,628
3237,560
3238,630
3239,554
3240,635
3241,559
3242,637
3243,564
3244,635
3245,564
3246,630
3247,566
3248,629
3249,572
3250,631
3251,577
3252,630
3253,579
3254,625
3255,580
3256,623
3257,585
3258,624
3259,592
3260,623
3261,594
3262,619
3263,594
3264,616
3265,599
3266,616
3267,606
3268,615
3269,609
3270,610
3271,609
3272,606
3273,614
3274,607
3275,621
3276,606
3277,624
3278,601
3279,625
3280,595
3281,628
3282,593
3283,636
3284,594
3285,641
3286,589
3287,643
3288,582
3289,645
3290,579
3291,646
3292,578
3293,646
3294,577
3295,644
3296,575
3297,641
3298,580
3299,641
3300,586
3301,642
3302,592
3303,639
3304,590
3305,635
3306,593
3307,635
3308,600
3309,636
3310,604
3311,634
3312,605
3313,629
3314,607
3315,628
3316,612
3317,629
3318,618
3319,627
3320,619
3321,620
3322,621
3323,619
3324,627
3325,620
3326,633
3327,618
3328,634
3329,612
3330,636
3331,609
3332,642
3333,609
3334,648
3335,607
3336,651
3337,600
3338,653
3339,596
3340,652
3341,595
3342,654
3343,592
3344,652
3345,585
3346,648
3347,585
3348,647
3349,590
3350,649
3351,596
3352,647
3353,597
3354,643
3355,597
3356,642
3357,602
3358,642
3359,608
3360,642
3361,610
3362,639
3363,610
3364,635
3365,615
3366,635
3367,621
3368,635
3369,623
3370,631
3371,623
3372,626
3373,627
3374,626
3375,634
3376,627
3377,638
3378,622
3379,638
3380,617
3381,642
3382,616
3383,648
3384,616
3385,652
3386,611
3387,654
3388,605
3389,655
3390,603
3391,656
3392,602
3393,657
3394,597
3395,653
3396,588
3397,650
3398,589
3399,651
3400,595
3401,651
3402,598
3403,649
3404,597
3405,645
3406,600
3407,645
3408,606
3409,646
3410,610
3411,644
3412,609
3413,640
3414,612
3415,637
3416,618
3417,639
3418,623
3419,636
3420,625
3421,630
3422,625
3423,629
3424,630
3425,629
3426,635
3427,627
3428,637
3429,621
3430,639
3431,618
3432,644
3433,618
3434,650
3435,616
3436,653
3437,611
3438,653
3439,606
3440,656
3441,605
3442,658
3443,601
3444,656
3445,595
3446,651
3447,587
3448,651
3449,590
3450,652
3451,595
3452,651
3453,595
3454,647
3455,596
3456,645
3457,600
3458,645
3459,606
3460,644
3461,607
3462,639
3463,607
3464,636
3465,611
3466,636
3467,617
3468,635
3469,619
3470,631
3471,619
3472,627
3473,623
3474,627
3475,628
3476,626
3477,631
3478,621
3479,631
3480,616
3481,635
3482,617
3483,640
3484,614
3485,644
3486,609
3487,645
3488,602
3489,648
3490,599
3491,653
3492,598
3493,655
3494,592
3495,651
3496,582
3497,648
3498,580
3499,648
3500,586
3501,648
3502,589
3503,645
3504,587
3505,640
3506,589
3507,641
3508,595
3509,640
3510,598
3511,637
3512,598
3513,632
3514,599
3515,631
3516,605
3517,631
3518,609
3519,628
3520,609
3521,621
3522,610
3523,619
3524,615
3525,619
3526,619
3527,616
3528,621
3529,610
3530,622
3531,605
3532,625
3533,605
3534,632
3535,602
3536,634
3537,594
3538,633
3539,588
3540,637
3541,586
3542,643
3543,584
3544,645
3545,573
3546,642
3547,566
3548,641
3549,571
3550,642
3551,576
3552,640
3553,576
3554,634
3555,575
3556,632
3557,579
3558,632
3559,585
3560,630
3561,585
3562,625
3563,584
3564,621
3565,588
3566,621
3567,594
3568,619
3569,595
3570,614
3571,593
3572,609
3573,596
3574,608
3575,603
3576,606
3577,605
3578,601
3579,604
3580,594
3581,606
3582,590
3583,612
3584,590
3585,616
3586,582
3587,616
3588,572
3589,617
3590,569
3591,622
3592,565
3593,626
3594,559
3595,628
3596,549
3597,629
3598,552
3599,631
3600,558
3601,631
3602,560
3603,627
3604,558
3605,622
3606,559
3607,620
3608,564
3609,621
3610,568
3611,616
3612,565
3613,610
3614,567
3615,607
3616,572
3617,608
3618,576
3619,603
3620,575
3621,595
3622,575
3623,591
3624,580
3625,590
3626,585
3627,587
3628,585
3629,577
3630,584
3631,572
3632,588
3633,569
3634,594
3635,564
3636,594
3637,554
3638,594
3639,547
3640,597
3641,541
3642,603
3643,537
3644,605
3645,532
3646,603
3647,531
3648,607
3649,535
3650,613
3651,540
3652,616
3653,539
3654,610
3655,537
3656,606
3657,541
3658,607
3659,547
3660,604
3661,547
3662,597
3663,544
3664,592
3665,548
3666,590
3667,553
3668,588
3669,554
3670,581
3671,551
3672,573
3673,554
3674,570
3675,559
3676,568
3677,561
3678,561
3679,559
3680,551
3681,561
3682,546
3683,566
3684,543
3685,568
3686,534
3687,568
3688,521
3689,568
3690,513
3691,574
3692,512
3693,578
3694,512
3695,577
3696,507
3697,576
3698,509
3699,582
3700,517
3701,588
3702,518
3703,588
3704,514
3705,588
3706,515
3707,590
3708,521
3709,590
3710,524
3711,584
3712,521
3713,575
3714,520
3715,571
3716,524
3717,571
3718,529
3719,565
3720,527
3721,554
3722,526
3723,550
3724,530
3725,548
3726,535
3727,542
3728,533
3729,530
3730,532
3731,521
3732,536
3733,517
3734,541
3735,511
3736,542
3737,496
3738,539
3739,484
3740,543
3741,485
3742,548
3743,488
3744,550
3745,486
3746,547
3747,483
3748,549
3749,489
3750,556
3751,494
3752,558
3753,492
3754,556
3755,489
3756,559
3757,493
3758,564
3759,499
3760,568
3761,497
3762,561
3763,493
3764,554
3765,496
3766,551
3767,503
3768,548
3769,503
3770,539
3771,498
3772,530
3773,500
3774,527
3775,508
3776,522
3777,509
3778,512
3779,505
3780,499
3781,506
3782,492
3783,512
3784,488
3785,515
3786,477
3787,512
3788,458
3789,513
3790,459
3791,517
3792,466
3793,521
3794,466
3795,520
3796,460
3797,519
3798,462
3799,523
3800,469
3801,528
3802,471
3803,528
3804,465
3805,527
3806,466
3807,531
3808,472
3809,537
3810,475
3811,539
3812,471
3813,536
3814,470
3815,535
3816,476
3817,533
3818,479
3819,526
3820,477
3821,514
3822,474
3823,509
3824,479
3825,505
3826,485
3827,499
3828,484
3829,483
3830,480
3831,473
3832,484
3833,468
3834,491
3835,459
3836,490
3837,441
3838,487
3839,437
3840,489
3841,442
3842,497
3843,446
3844,498
3845,444
3846,494
3847,441
3848,496
3849,445
3850,503
3851,451
3852,505
3853,450
3854,502
3855,446
3856,503
3857,449
3858,510
3859,456
3860,514
3861,455
3862,513
3863,451
3864,512
3865,453
3866,519
3867,461
3868,518
3869,461
3870,508
3871,456
3872,497
3873,457
3874,492
3875,465
3876,489
3877,467
3878,477
3879,464
3880,463
3881,463
3882,456
3883,472
3884,454
3885,473
3886,436
3887,471
3888,422
3889,470
3890,425
3891,477
3892,434
3893,482
3894,434
3895,480
3896,426
3897,477
3898,429
3899,482
3900,436
3901,489
3902,438
3903,488
3904,433
3905,486
3906,434
3907,491
3908,441
3909,499
3910,445
3911,500
3912,441
3913,498
3914,440
3915,502
3916,447
3917,510
3918,452
3919,509
3920,450
3921,496
3922,448
3923,490
3924,453
3925,488
3926,459
3927,481
3928,458
3929,467
3930,455
3931,457
3932,460
3933,452
3934,467
3935,444
3936,468
3937,429
3938,463
3939,418
3940,467
3941,425
3942,476
3943,430
3944,477
3945,427
3946,473
3947,424
3948,476
3949,430
3950,484
3951,436
3952,487
3953,435
3954,484
3955,431
3956,485
3957,435
3958,493
3959,443
3960,498
3961,443
3962,497
3963,438
3964,497
3965,441
3966,506
3967,451
3968,512
3969,452
3970,508
3971,447
3972,498
3973,450
3974,496
3975,458
3976,491
3977,460
3978,482
3979,458
3980,469
3981,460
3982,463
3983,467
3984,460
3985,471
3986,448
3987,469
3988,432
3989,470
3990,425
3991,477
3992,434
3993,483
3994,435
3995,482
3996,428
3997,481
3998,431
3999,488
4000,441
4001,495
4002,444
4003,495
4004,439
4005,494
4006,440
4007,500
4008,448
4009,508
4010,453
4011,510
4012,449
4013,508
4014,449
4015,514
4016,458
4017,524
4018,462
4019,527
4020,462
4021,516
4022,460
4023,511
4024,466
4025,511
4026,474
4027,506
4028,474
4029,494
4030,471
4031,488
4032,477
4033,484
4034,486
4035,478
4036,486
4037,465
4038,484
4039,456
4040,488
4041,448
4042,497
4043,447
4044,500
4045,446
4046,497
4047,444
4048,501
4049,449
4050,510
4051,457
4052,514
4053,457
4054,514
4055,455
4056,516
4057,460
4058,526
4059,469
4060,531
4061,469
4062,531
4063,465
4064,534
4065,472
4066,541
4067,479
4068,548
4069,481
4070,541
4071,478
4072,534
4073,482
4074,532
4075,490
4076,531
4077,494
4078,525
4079,492
4080,515
4081,494
4082,510
4083,502
4084,510
4085,506
4086,504
4087,506
4088,490
4089,508
4090,485
4091,515
4092,483
4093,521
4094,474
4095,522
4096,461
4097,523
4098,465
4099,529
4100,474
4101,537
4102,478
4103,539
4104,475
4105,540
4106,478
4107,546
4108,485
4109,555
4110,490
4111,557
4112,488
4113,558
4114,489
4115,564
4116,496
4117,570
4118,503
4119,568
4120,503
4121,560
4122,503
4123,557
4124,509
4125,557
4126,516
4127,554
4128,517
4129,547
4130,516
4131,542
4132,522
4133,541
4134,530
4135,539
4136,532
4137,529
4138,530
4139,522
4140,536
4141,520
4142,545
4143,517
4144,548
4145,508
4146,547
4147,499
4148,552
4149,494
4150,560
4151,498
4152,565
4153,499
4154,565
4155,498
4156,569
4157,504
4158,576
4159,510
4160,582
4161,512
4162,585
4163,511
4164,588
4165,515
4166,591
4167,523
4168,590
4169,526
4170,586
4171,524
4172,582
4173,529
4174,580
4175,536
4176,580
4177,540
4178,576
4179,539
4180,569
4181,542
4182,568
4183,550
4184,568
4185,555
4186,563
4187,555
4188,556
4189,558
4190,554
4191,565
4192,553
4193,570
4194,548
4195,572
4196,537
4197,574
4198,534
4199,582
4200,533
4201,587
4202,528
4203,590
4204,518
4205,591
4206,521
4207,597
4208,528
4209,605
4210,532
4211,609
4212,531
4213,610
4214,534
4215,609
4216,540
4217,611
4218,546
4219,608
4220,546
4221,602
4222,547
4223,601
4224,553
4225,602
4226,559
4227,601
4228,562
4229,595
4230,562
4231,592
4232,567
4233,592
4234,575
4235,591
4236,579
4237,585
4238,577
4239,581
4240,582
4241,580
4242,589
4243,579
4244,593
4245,573
4246,593
4247,567
4248,598
4249,565
4250,605
4251,564
4252,610
4253,558
4254,610
4255,549
4256,615
4257,546
4258,623
4259,550
4260,627
4261,551
4262,628
4263,550
4264,625
4265,554
4266,626
4267,562
4268,626
4269,565
4270,622
4271,565
4272,620
4273,568
4274,620
4275,575
4276,620
4277,579
4278,616
4279,578
4280,612
4281,582
4282,613
4283,589
4284,612
4285,593
4286,609
4287,594
4288,605
4289,597
4290,602
4291,604
4292,603
4293,609
4294,600
4295,610
4296,592
4297,613
4298,590
4299,618
4300,590
4301,625
4302,587
4303,626
4304,579
4305,630
4306,575
4307,635
4308,574
4309,642
4310,571
4311,642
4312,564
4313,638
4314,566
4315,637
4316,572
4317,639
4318,578
4319,638
4320,578
4321,632
4322,579
4323,632
4324,585
4325,633
4326,591
4327,632
4328,593
4329,627
4330,592
4331,626
4332,599
4333,626
4334,605
4335,625
4336,607
4337,620
4338,608
4339,617
4340,612
4341,617
4342,619
4343,617
4344,622
4345,612
4346,622
4347,608
4348,626
4349,607
4350,634
4351,606
4352,637
4353,602
4354,639
4355,596
4356,642
4357,594
4358,649
4359,594
4360,652
4361,588
4362,649
4363,580
4364,646
4365,578
4366,647
4367,586
4368,647
4369,588
4370,644
4371,587
4372,641
4373,591
4374,642
4375,598
4376,642
4377,601
4378,639
4379,600
4380,635
4381,604
4382,635
4383,610
4384,636
4385,614
4386,633
4387,615
4388,628
4389,618
4390,629
4391,623
4392,628
4393,627
4394,626
4395,630
4396,619
4397,632
4398,618
4399,637
4400,618
4401,643
4402,616
4403,645
4404,609
4405,647
4406,606
4407,653
4408,606
4409,658
4410,604
4411,656
4412,597
4413,652
4414,591
4415,652
4416,589
4417,653
4418,592
4419,651
4420,592
4421,647
4422,593
4423,646
4424,598
4425,649
4426,605
4427,647
4428,605
4429,642
4430,606
4431,640
4432,610
4433,641
4434,616
4435,640
4436,618
4437,635
4438,618
4439,632
4440,622
4441,632
4442,629
4443,632
4444,632
4445,627
4446,631
4447,623
4448,635
4449,622
4450,642
4451,623
4452,646
4453,618
4454,646
4455,612
4456,650
4457,610
4458,656
4459,609
4460,659
4461,606
4462,656
4463,598
4464,653
4465,594
4466,654
4467,593
4468,655
4469,592
4470,651
4471,591
4472,648
4473,594
4474,648
4475,601
4476,649
4477,604
4478,646
4479,604
4480,642
4481,606
4482,641
4483,612
4484,642
4485,616
4486,639
4487,616
4488,634
4489,617
4490,632
4491,623
4492,633
4493,628
4494,631
4495,629
4496,625
4497,630
4498,623
4499,636
4500,623
4501,640
4502,620
4503,643
4504,613
4505,643
4506,610
4507,649
4508,610
4509,655
4510,607
4511,657
4512,599
4513,653
4514,593
4515,652
4516,591
4517,654
4518,588
4519,652
4520,588
4521,647
4522,588
4523,646
4524,592
4525,647
4526,597
4527,645
4528,599
4529,642
4530,598
4531,639
4532,602
4533,638
4534,608
4535,637
4536,610
4537,633
4538,609
4539,629
4540,613
4541,629
4542,619
4543,628
4544,621
4545,623
4546,621
4547,618
4548,624
4549,617
4550,630
4551,616
4552,633
4553,611
4554,634
4555,605
4556,637
4557,601
4558,642
4559,601
4560,647
4561,597
4562,647
4563,587
4564,648
4565,582
4566,648
4567,581
4568,648
4569,579
4570,644
4571,577
4572,641
4573,580
4574,640
4575,586
4576,641
4577,589
4578,637
4579,586
4580,632
4581,589
4582,632
4583,594
4584,632
4585,598
4586,628
4587,597
4588,622
4589,599
4590,620
4591,603
4592,620
4593,608
4594,616
4595,609
4596,609
4597,609
4598,607
4599,614
4600,606
4601,619
4602,602
4603,620
4604,594
4605,620
4606,590
4607,624
4608,589
4609,631
4610,585
4611,632
4612,574
4613,632
4614,567
4615,636
4616,562
4617,641
4618,565
4619,639
4620,564
4621,633
4622,563
4623,631
4624,568
4625,632
4626,573
4627,630
4628,573
4629,624
4630,572
4631,621
4632,575
4633,621
4634,581
4635,619
4636,583
4637,613
4638,581
4639,608
4640,584
4641,607
4642,590
4643,605
4644,592
4645,599
4646,590
4647,592
4648,593
4649,590
4650,599
4651,589
4652,602
4653,583
4654,601
4655,573
4656,603
4657,568
4658,608
4659,566
4660,612
4661,558
4662,611
4663,548
4664,613
4665,541
4666,618
4667,547
4668,623
4669,548
4670,624
4671,544
4672,620
4673,547
4674,619
4675,553
4676,619
4677,555
4678,615
4679,553
4680,609
4681,554
4682,606
4683,559
4684,606
4685,563
4686,601
4687,561
4688,594
4689,562
4690,591
4691,566
4692,591
4693,570
4694,585
4695,570
4696,575
4697,568
4698,572
4699,573
4700,569
4701,579
4702,564
4703,578
4704,554
4705,578
4706,546
4707,581
4708,542
4709,587
4710,538
4711,588
4712,524
4713,586
4714,517
4715,590
4716,523
4717,596
4718,527
4719,597
4720,525
4721,597
4722,524
4723,601
4724,528
4725,605
4726,533
4727,602
4728,533
4729,595
4730,530
4731,592
4732,534
4733,590
4734,539
4735,587
4736,539
4737,579
4738,536
4739,573
4740,539
4741,571
4742,545
4743,567
4744,546
4745,559
4746,542
4747,550
4748,545
4749,546
4750,551
4751,543
4752,554
4753,533
4754,551
4755,522
4756,552
4757,515
4758,557
4759,511
4760,561
4761,499
4762,560
4763,494
4764,560
4765,496
4766,564
4767,504
4768,569
4769,504
4770,570
4771,499
4772,570
4773,501
4774,574
4775,508
4776,579
4777,510
4778,580
4779,505
4780,576
4781,506
4782,572
4783,511
4784,572
4785,514
4786,565
4787,512
4788,555
4789,511
4790,550
4791,516
4792,549
4793,520
4794,542
4795,519
4796,530
4797,517
4798,523
4799,520
4800,521
4801,526
4802,512
4803,525
4804,499
4805,523
4806,489
4807,527
4808,483
4809,533
4810,476
4811,533
4812,472
4813,530
4814,471
4815,533
4816,476
4817,540
4818,481
4819,541
4820,479
4821,538
4822,476
4823,540
4824,480
4825,546
4826,485
4827,549
4828,484
4829,547
4830,480
4831,549
4832,483
4833,553
4834,490
4835,550
4836,488
4837,540
4838,484
4839,533
4840,487
4841,530
4842,494
4843,525
4844,495
4845,515
4846,489
4847,503
4848,492
4849,498
4850,499
4851,493
4852,501
4853,482
4854,497
4855,466
4856,497
4857,457
4858,503
4859,455
4860,507
4861,454
4862,505
4863,448
4864,503
4865,451
4866,508
4867,458
4868,513
4869,459
4870,512
4871,452
4872,510
4873,454
4874,515
4875,461
4876,520
4877,463
4878,521
4879,458
4880,519
4881,457
4882,522
4883,464
4884,530
4885,468
4886,530
4887,464
4888,519
4889,462
4890,513
4891,468
4892,511
4893,473
4894,504
4895,471
4896,491
4897,468
4898,481
4899,473
4900,478
4901,479
4902,470
4903,479
4904,453
4905,474
4906,440
4907,478
4908,434
4909,485
4910,439
4911,485
4912,433
4913,480
4914,431
4915,484
4916,437
4917,492
4918,442
4919,494
4920,440
4921,488
4922,436
4923,491
4924,440
4925,498
4926,447
4927,502
4928,446
4929,499
4930,442
4931,500
4932,445
4933,506
4934,452
4935,511
4936,451
4937,511
4938,447
4939,506
4940,450
4941,503
4942,458
4943,499
4944,459
4945,488
4946,453
4947,475
4948,455
4949,469
4950,462
4951,465
4952,466
4953,453
4954,461
4955,436
4956,463
4957,427
4958,469
4959,428
4960,474
4961,427
4962,471
4963,422
4964,471
4965,425
4966,477
4967,433
4968,483
4969,434
4970,482
4971,428
4972,481
4973,430
4974,486
4975,438
4976,492
4977,441
4978,495
4979,436
4980,491
4981,437
4982,496
4983,444
4984,504
4985,448
4986,506
4987,445
4988,504
4989,443
4990,504
4991,450
4992,504
4993,455
4994,495
4995,453
4996,482
4997,451
4998,474
4999,456
5000,471
5001,463
5002,465
5003,463
5004,448
5005,459
5006,436
5007,464
5008,430
5009,472
5010,427
5011,473
5012,424
5013,470
5014,422
5015,474
5016,429
5017,482
5018,435
5019,484
5020,433
5021,480
5022,430
5023,483
5024,435
5025,491
5026,441
5027,496
5028,442
5029,495
5030,438
5031,497
5032,443
5033,504
5034,451
5035,509
5036,451
5037,512
5038,447
5039,514
5040,450
5041,513
5042,459
5043,510
5044,461
5045,499
5046,457
5047,490
5048,460
5049,486
5050,468
5051,483
5052,471
5053,473
5054,469
5055,460
5056,471
5057,452
5058,478
5059,450
5060,484
5061,437
5062,484
5063,431
5064,483
5065,434
5066,489
5067,443
5068,496
5069,445
5070,497
5071,440
5072,496
5073,443
5074,503
5075,451
5076,509
5077,455
5078,511
5079,451
5080,511
5081,453
5082,516
5083,460
5084,525
5085,465
5086,529
5087,463
5088,529
5089,463
5090,529
5091,470
5092,530
5093,476
5094,524
5095,476
5096,514
5097,475
5098,509
5099,480
5100,508
5101,489
5102,503
5103,490
5104,491
5105,488
5106,483
5107,493
5108,479
5109,501
5110,475
5111,504
5112,463
5113,501
5114,449
5115,506
5116,454
5117,515
5118,461
5119,517
5120,459
5121,517
5122,459
5123,521
5124,464
5125,529
5126,472
5127,534
5128,472
5129,534
5130,470
5131,537
5132,475
5133,545
5134,484
5135,552
5136,485
5137,554
5138,483
5139,552
5140,486
5141,551
5142,496
5143,550
5144,498
5145,544
5146,496
5147,536
5148,499
5149,534
5150,507
5151,533
5152,511
5153,526
5154,510
5155,516
5156,513
5157,513
5158,521
5159,514
5160,525
5161,504
5162,527
5163,491
5164,527
5165,486
5166,535
5167,484
5168,541
5169,482
5170,543
5171,478
5172,545
5173,482
5174,550
5175,490
5176,559
5177,496
5178,562
5179,493
5180,561
5181,494
5182,569
5183,502
5184,577
5185,507
5186,581
5187,507
5188,575
5189,507
5190,573
5191,514
5192,574
5193,521
5194,571
5195,521
5196,563
5197,522
5198,560
5199,527
5200,561
5201,534
5202,558
5203,536
5204,549
5205,536
5206,545
5207,542
5208,545
5209,550
5210,543
5211,552
5212,536
5213,552
5214,528
5215,556
5216,524
5217,565
5218,522
5219,570
5220,512
5221,568
5222,502
5223,574
5224,508
5225,580
5226,515
5227,586
5228,516
5229,588
5230,515
5231,591
5232,520
5233,598
5234,528
5235,603
5236,529
5237,599
5238,528
5239,595
5240,533
5241,595
5242,541
5243,595
5244,544
5245,590
5246,542
5247,588
5248,546
5249,585
5250,555
5251,585
5252,558
5253,580
5254,559
5255,574
5256,562
5257,572
5258,568
5259,573
5260,574
5261,568
5262,575
5263,560
5264,577
5265,559
5266,584
5267,558
5268,590
5269,553
5270,593
5271,543
5272,594
5273,540
5274,600
5275,537
5276,607
5277,536
5278,610
5279,534
5280,612
5281,536
5282,618
5283,544
5284,622
5285,549
5286,619
5287,548
5288,614
5289,550
5290,613
5291,556
5292,614
5293,562
5294,612
5295,563
5296,607
5297,564
5298,606
5299,570
5300,607
5301,576
5302,605
5303,578
5304,601
5305,579
5306,596
5307,585
5308,596
5309,592
5310,595
5311,594
5312,589
5313,595
5314,585
5315,600
5316,584
5317,607
5318,582
5319,610
5320,577
5321,611
5322,570
5323,615
5324,568
5325,623
5326,566
5327,627
5328,560
5329,629
5330,551
5331,633
5332,555
5333,634
5334,563
5335,634
5336,565
5337,630
5338,564
5339,628
5340,568
5341,629
5342,576
5343,629
5344,579
5345,626
5346,578
5347,622
5348,582
5349,621
5350,591
5351,622
5352,593
5353,619
5354,593
5355,615
5356,597
5357,614
5358,603
5359,614
5360,608
5361,611
5362,609
5363,605
5364,611
5365,603
5366,618
5367,604
5368,623
5369,601
5370,626
5371,594
5372,628
5373,592
5374,634
5375,592
5376,639
5377,588
5378,643
5379,581
5380,644
5381,576
5382,644
5383,575
5384,646
5385,576
5386,644
5387,577
5388,640
5389,577
5390,639
5391,585
5392,641
5393,589
5394,639
5395,591
5396,634
5397,592
5398,633
5399,597
5400,635
5401,603
5402,634
5403,605
5404,629
5405,605
5406,626
5407,611
5408,627
5409,617
5410,626
5411,620
5412,622
5413,620
5414,618
5415,625
5416,618
5417,631
5418,617
5419,634
5420,613
5421,635
5422,608
5423,639
5424,606
5425,646
5426,607
5427,651
5428,601
5429,653
5430,594
5431,651
5432,592
5433,652
5434,592
5435,652
5436,586
5437,649
5438,584
5439,646
5440,588
5441,647
5442,595
5443,647
5444,597
5445,644
5446,596
5447,641
5448,600
5449,641
5450,607
5451,641
5452,610
5453,638
5454,611
5455,634
5456,613
5457,633
5458,620
5459,635
5460,623
5461,631
5462,625
5463,626
5464,626
5465,624
5466,632
5467,626
5468,638
5469,623
5470,640
5471,617
5472,642
5473,614
5474,647
5475,615
5476,653
5477,612
5478,655
5479,606
5480,655
5481,601
5482,655
5483,600
5484,657
5485,597
5486,654
5487,590
5488,650
5489,588
5490,650
5491,593
5492,651
5493,598
5494,649
5495,599
5496,644
5497,600
5498,644
5499,604
5500,645
5501,610
5502,643
5503,611
5504,639
5505,612
5506,636
5507,616
5508,637
5509,623
5510,636
5511,625
5512,632
5513,625
5514,628
5515,629
5516,627
5517,635
5518,627
5519,638
5520,623
5521,640
5522,618
5523,643
5524,616
5525,649
5526,616
5527,653
5528,611
5529,654
5530,605
5531,655
5532,603
5533,657
5534,603
5535,656
5536,596
5537,653
5538,589
5539,650
5540,589
5541,651
5542,594
5543,651
5544,598
5545,648
5546,596
5547,644
5548,599
5549,644
5550,605
5551,644
5552,608
5553,641
5554,608
5555,636
5556,610
5557,636
5558,616
5559,636
5560,620
5561,633
5562,620
5563,627
5564,622
5565,626
5566,627
5567,626
5568,631
5569,623
5570,633
5571,616
5572,634
5573,615
5574,639
5575,613
5576,645
5577,610
5578,647
5579,603
5580,648
5581,598
5582,653
5583,597
5584,654
5585,593
5586,652
5587,585
5588,648
5589,580
5590,647
5591,585
5592,648
5593,591
5594,646
5595,589
5596,641
5597,589
5598,639
5599,594
5600,640
5601,599
5602,638
5603,600
5604,633
5605,599
5606,631
5607,604
5608,630
5609,610
5610,629
5611,611
5612,624
5613,611
5614,619
5615,614
5616,618
5617,620
5618,617
5619,623
5620,612
5621,622
5622,606
5623,625
5624,604
5625,631
5626,602
5627,634
5628,597
5629,635
5630,589
5631,637
5632,586
5633,643
5634,584
5635,648
5636,576
5637,644
5638,567
5639,640
5640,570
5641,640
5642,576
5643,640
5644,579
5645,637
5646,575
5647,632
5648,578
5649,631
5650,584
5651,631
5652,587
5653,627
5654,586
5655,622
5656,587
5657,620
5658,593
5659,621
5660,597
5661,616
5662,596
5663,610
5664,597
5665,607
5666,602
5667,607
5668,607
5669,603
5670,608
5671,595
5672,608
5673,590
5674,612
5675,589
5676,617
5677,585
5678,618
5679,575
5680,617
5681,568
5682,622
5683,565
5684,628
5685,561
5686,631
5687,554
5688,630
5689,552
5690,631
5691,557
5692,631
5693,561
5694,629
5695,561
5696,623
5697,560
5698,620
5699,563
5700,621
5701,569
5702,618
5703,569
5704,611
5705,568
5706,608
5707,572
5708,607
5709,579
5710,605
5711,579
5712,598
5713,578
5714,593
5715,580
5716,590
5717,586
5718,588
5719,588
5720,582
5721,585
5722,573
5723,588
5724,568
5725,594
5726,566
5727,597
5728,558
5729,596
5730,547
5731,597
5732,541
5733,602
5734,538
5735,606
5736,535
5737,607
5738,532
5739,608
5740,535
5741,613
5742,541
5743,617
5744,542
5745,613
5746,539
5747,607
5748,541
5749,605
5750,547
5751,605
5752,549
5753,600
5754,546
5755,593
5756,547
5757,590
5758,553
5759,590
5760,556
5761,584
5762,555
5763,575
5764,554
5765,571
5766,558
5767,570
5768,563
5769,563
5770,563
5771,552
5772,562
5773,546
5774,565
5775,544
5776,571
5777,537
5778,571
5779,524
5780,570
5781,514
5782,574
5783,511
5784,580
5785,514
5786,581
5787,512
5788,579
5789,511
5790,583
5791,516
5792,589
5793,520
5794,591
5795,518
5796,590
5797,516
5798,590
5799,520
5800,589
5801,526
5802,586
5803,525
5804,578
5805,521
5806,573
5807,524
5808,570
5809,532
5810,567
5811,531
5812,558
5813,528
5814,551
5815,530
5816,548
5817,536
5818,543
5819,537
5820,534
5821,533
5822,524
5823,536
5824,517
5825,542
5826,513
5827,545
5828,501
5829,542
5830,486
5831,543
5832,484
5833,548
5834,491
5835,552
5836,490
5837,551
5838,485
5839,551
5840,488
5841,556
5842,495
5843,561
5844,496
5845,560
5846,490
5847,560
5848,493
5849,564
5850,498
5851,570
5852,501
5853,564
5854,496
5855,554
5856,496
5857,550
5858,501
5859,549
5860,505
5861,542
5862,502
5863,531
5864,501
5865,525
5866,505
5867,523
5868,511
5869,515
5870,509
5871,501
5872,507
5873,495
5874,511
5875,488
5876,517
5877,479
5878,517
5879,462
5880,513
5881,458
5882,517
5883,465
5884,523
5885,467
5886,524
5887,465
5888,521
5889,463
5890,524
5891,468
5892,529
5893,472
5894,532
5895,470
5896,529
5897,467
5898,531
5899,471
5900,538
5901,477
5902,540
5903,475
5904,539
5905,471
5906,535
5907,474
5908,532
5909,481
5910,528
5911,481
5912,519
5913,475
5914,509
5915,479
5916,504
5917,486
5918,499
5919,488
5920,488
5921,482
5922,475
5923,484
5924,467
5925,490
5926,461
5927,494
5928,447
5929,490
5930,438
5931,490
5932,441
5933,495
5934,449
5935,501
5936,448
5937,497
5938,441
5939,497
5940,444
5941,502
5942,452
5943,506
5944,452
5945,506
5946,446
5947,505
5948,448
5949,510
5950,456
5951,515
5952,458
5953,516
5954,453
5955,514
5956,453
5957,519
5958,459
5959,519
5960,463
5961,510
5962,460
5963,498
5964,458
5965,491
5966,464
5967,490
5968,468
5969,479
5970,466
5971,463
5972,464
5973,454
5974,468
5975,449
5976,475
5977,439
5978,474
5979,424
5980,470
5981,423
5982,474
5983,430
5984,482
5985,434
5986,482
5987,431
5988,479
5989,429
5990,482
5991,435
5992,489
5993,439
5994,491
5995,437
5996,487
5997,434
5998,490
5999,438
6000,497
6001,445
6002,503
6003,445
6004,499
6005,440
6006,501
6007,444
6008,510
6009,453
6010,510
6011,452
6012,499
6013,447
6014,490
6015,451
6016,487
6017,459
6018,481
6019,460
6020,470
6021,456
6022,457
6023,458
6024,450
6025,466
6026,445
6027,469
6028,430
6029,466
6030,418
6031,466
6032,422
6033,473
6034,431
6035,478
6036,430
6037,476
6038,424
6039,475
6040,428
6041,481
6042,436
6043,487
6044,437
6045,487
6046,431
6047,486
6048,433
6049,491
6050,441
6051,497
6052,444
6053,499
6054,440
6055,498
6056,440
6057,502
6058,447
6059,513
6060,452
6061,510
6062,450
6063,498
6064,449
6065,492
6066,455
6067,492
6068,461
6069,483
6070,460
6071,469
6072,459
6073,463
6074,464
6075,458
6076,471
6077,449
6078,472
6079,432
6080,469
6081,422
6082,473
6083,429
6084,482
6085,435
6086,484
6087,432
6088,480
6089,430
6090,484
6091,436
6092,491
6093,441
6094,496
6095,442
6096,493
6097,439
6098,497
6099,444
6100,504
6101,451
6102,510
6103,452
6104,509
6105,448
6106,511
6107,452
6108,520
6109,462
6110,526
6111,463
6112,518
6113,458
6114,511
6115,463
6116,507
6117,471
6118,505
6119,473
6120,497
6121,471
6122,485
6123,474
6124,480
6125,482
6126,477
6127,487
6128,467
6129,484
6130,452
6131,486
6132,444
6133,494
6134,448
6135,499
6136,448
6137,498
6138,443
6139,500
6140,447
6141,506
6142,455
6143,512
6144,457
6145,515
6146,453
6147,513
6148,456
6149,521
6150,465
6151,529
6152,469
6153,532
6154,466
6155,532
6156,467
6157,538
6158,475
6159,547
6160,481
6161,542
6162,480
6163,533
6164,480
6165,528
6166,486
6167,530
6168,493
6169,524
6170,493
6171,514
6172,493
6173,508
6174,498
6175,509
6176,506
6177,502
6178,508
6179,491
6180,506
6181,482
6182,512
6183,478
6184,520
6185,473
6186,522
6187,464
6188,520
6189,463
6190,526
6191,470
6192,535
6193,477
6194,539
6195,476
6196,538
6197,475
6198,543
6199,481
6200,551
6201,489
6202,557
6203,489
6204,557
6205,488
6206,560
6207,493
6208,567
6209,501
6210,567
6211,503
6212,560
6213,501
6214,555
6215,506
6216,556
6217,514
6218,553
6219,518
6220,547
6221,515
6222,539
6223,519
6224,537
6225,527
6226,536
6227,531
6228,529
6229,530
6230,519
6231,533
6232,516
6233,541
6234,516
6235,547
6236,508
6237,548
6238,496
6239,550
6240,491
6241,556
6242,497
6243,563
6244,500
6245,565
6246,496
6247,566
6248,500
6249,573
6250,507
6251,581
6252,512
6253,584
6254,511
6255,586
6256,513
6257,589
6258,519
6259,590
6260,525
6261,586
6262,525
6263,580
6264,526
6265,577
6266,533
6267,579
6268,539
6269,575
6270,540
6271,568
6272,540
6273,565
6274,547
6275,565
6276,554
6277,562
6278,556
6279,555
6280,556
6281,550
6282,561
6283,550
6284,570
6285,547
6286,572
6287,539
6288,572
6289,532
6290,577
6291,529
6292,585
6293,526
6294,590
6295,520
6296,590
6297,518
6298,594
6299,525
6300,602
6301,531
6302,608
6303,533
6304,610
6305,532
6306,607
6307,537
6308,608
6309,545
6310,607
6311,547
6312,603
6313,546
6314,599
6315,551
6316,600
6317,558
6318,599
6319,561
6320,596
6321,561
6322,590
6323,564
6324,589
6325,572
6326,591
6327,576
6328,586
6329,577
6330,579
6331,580
6332,578
6333,587
6334,578
6335,592
6336,573
6337,594
6338,565
6339,596
6340,561
6341,601
6342,562
6343,609
6344,556
6345,611
6346,548
6347,613
6348,542
6349,620
6350,547
6351,627
6352,551
6353,628
6354,550
6355,624
6356,552
6357,623
6358,559
6359,625
6360,564
6361,622
6362,564
6363,618
6364,566
6365,616
6366,573
6367,618
6368,578
6369,616
6370,581
6371,611
6372,581
6373,610
6374,586
6375,612
6376,593
6377,608
6378,595
6379,603
6380,596
6381,599
6382,601
6383,600
6384,608
6385,598
6386,610
6387,592
6388,611
6389,587
6390,616
6391,587
6392,623
6393,585
6394,627
6395,580
6396,628
6397,573
6398,632
6399,572
6400,639
6401,569
6402,642
6403,565
6404,638
6405,565
6406,636
6407,570
6408,637
6409,577
6410,637
6411,578
6412,634
6413,578
6414,631
6415,583
6416,631
6417,590
6418,632
6419,592
6420,628
6421,593
6422,624
6423,597
6424,624
6425,602
6426,625
6427,607
6428,622
6429,608
6430,616
6431,610
6432,617
6433,617
6434,616
6435,622
6436,613
6437,624
6438,607
6439,626
6440,605
6441,631
6442,606
6443,638
6444,603
6445,640
6446,595
6447,643
6448,593
6449,648
6450,591
6451,652
6452,589
6453,649
6454,581
6455,646
6456,578
6457,646
6458,583
6459,649
6460,588
6461,645
6462,588
6463,641
6464,590
6465,640
6466,596
6467,641
6468,601
6469,639
6470,603
6471,635
6472,603
6473,634
6474,608
6475,635
6476,614
6477,633
6478,616
6479,628
6480,616
6481,626
6482,622
6483,626
6484,628
6485,625
6486,631
6487,620
6488,630
6489,618
6490,636
6491,617
6492,642
6493,616
6494,645
6495,611
6496,646
6497,605
6498,651
6499,604
6500,657
6501,603
6502,656
6503,598
6504,652
6505,590
6506,651
6507,588
6508,652
6509,592
6510,651
6511,594
6512,648
6513,592
6514,645
6515,597
6516,646
6517,603
6518,646
6519,607
6520,643
6521,606
6522,640
6523,609
6524,639
6525,615
6526,640
6527,619
6528,637
6529,619
6530,633
6531,621
6532,631
6533,627
6534,632
6535,631
6536,629
6537,633
6538,623
6539,635
6540,621
6541,640
6542,622
6543,645
6544,618
6545,648
6546,612
6547,650
6548,609
6549,655
6550,609
6551,659
6552,605
6553,656
6554,598
6555,653
6556,594
6557,653
6558,591
6559,654
6560,593
6561,652
6562,593
6563,648
6564,593
6565,647
6566,599
6567,648
6568,604
6569,646
6570,605
6571,642
6572,605
6573,640
6574,611
6575,641
6576,616
6577,640
6578,618
6579,635
6580,618
6581,632
6582,622
6583,632
6584,627
6585,631
6586,630
6587,626
6588,630
6589,622
6590,634
6591,621
6592,641
6593,620
6594,644
6595,615
6596,644
6597,610
6598,648
6599,608
6600,656
6601,607
6602,657
6603,602
6604,654
6605,594
6606,652
6607,590
6608,652
6609,590
6610,652
6611,589
6612,649
6613,588
6614,645
6615,592
6616,647
6617,598
6618,647
6619,600
6620,642
6621,599
6622,639
6623,602
6624,638
6625,608
6626,638
6627,611
6628,634
6629,611
6630,630
6631,613
6632,628
6633,618
6634,628
6635,622
6636,625
6637,623
6638,618
6639,624
6640,616
6641,629
6642,616
6643,635
6644,612
6645,636
6646,605
6647,637
6648,601
6649,642
6650,600
6651,647
6652,596
6653,650
6654,589
6655,648
6656,583
6657,648
6658,579
6659,649
6660,580
6661,646
6662,579
6663,641
6664,580
6665,640
6666,585
6667,640
6668,589
6669,638
6670,590
6671,633
6672,588
6673,631
6674,594
6675,631
6676,599
6677,629
6678,600
6679,624
6680,600
6681,620
6682,603
6683,619
6684,610
6685,618
6686,611
6687,612
6688,611
6689,607
6690,614
6691,606
6692,619
6693,604
6694,622
6695,597
6696,622
6697,590
6698,624
6699,587
6700,630
6701,586
6702,633
6703,578
6704,634
6705,568
6706,637
6707,564
6708,640
6709,566
6710,640
6711,567
6712,635
6713,564
6714,631
6715,568
6716,631
6717,574
6718,631
6719,576
6720,627
6721,573
6722,621
6723,575
6724,620
6725,581
6726,620
6727,585
6728,616
6729,583
6730,609
6731,585
6732,607
6733,589
6734,606
6735,593
6736,602
6737,593
6738,594
6739,594
6740,590
6741,599
6742,589
6743,602
6744,584
6745,603
6746,574
6747,604
6748,569
6749,607
6750,566
6751,613
6752,561
6753,615
6754,550
6755,615
6756,540
6757,618
6758,546
6759,625
6760,550
6761,627
6762,548
6763,621
6764,547
6765,619
6766,552
6767,620
6768,557
6769,617
6770,556
6771,610
6772,555
6773,607
6774,559
6775,606
6776,564
6777,603
6778,564
6779,596
6780,563
6781,592
6782,565
6783,590
6784,572
6785,587
6786,573
6787,580
6788,571
6789,572
6790,573
6791,570
6792,579
6793,566
6794,580
6795,558
6796,580
6797,548
6798,581
6799,542
6800,586
6801,539
6802,590
6803,528
6804,589
6805,519
6806,591
6807,522
6808,598
6809,529
6810,601
6811,529
6812,601
6813,525
6814,602
6815,528
6816,605
6817,534
6818,604
6819,536
6820,599
6821,533
6822,592
6823,534
6824,589
6825,540
6826,588
6827,542
6828,583
6829,540
6830,574
6831,539
6832,570
6833,545
6834,569
6835,548
6836,562
6837,547
6838,552
6839,546
6840,547
6841,551
6842,544
6843,556
6844,537
6845,555
6846,524
6847,553
6848,517
6849,559
6850,512
6851,562
6852,503
6853,563
6854,497
6855,561
6856,497
6857,565
6858,502
6859,571
6860,506
6861,573
6862,504
6863,571
6864,502
6865,575
6866,507
6867,580
6868,512
6869,583
6870,510
6871,577
6872,507
6873,572
6874,510
6875,570
6876,516
6877,567
6878,516
6879,557
6880,512
6881,551
6882,515
6883,548
6884,522
6885,543
6886,521
6887,534
6888,518
6889,524
6890,520
6891,519
6892,527
6893,515
6894,528
6895,504
6896,525
6897,491
6898,527
6899,484
6900,533
6901,478
6902,535
6903,477
6904,533
6905,472
6906,533
6907,475
6908,539
6909,482
6910,542
6911,481
6912,541
6913,478
6914,541
6915,478
6916,545
6917,485
6918,551
6919,486
6920,551
6921,482
6922,550
6923,483
6924,552
6925,489
6926,550
6927,491
6928,544
6929,488
6930,534
6931,487
6932,528
6933,493
6934,527
6935,496
6936,518
6937,494
6938,505
6939,493
6940,498
6941,497
6942,495
6943,503
6944,485
6945,500
6946,469
6947,499
6948,458
6949,503
6950,454
6951,509
6952,457
6953,509
6954,452
6955,505
6956,451
6957,508
6958,457
6959,515
6960,460
6961,515
6962,457
6963,513
6964,455
6965,514
6966,459
6967,522
6968,464
6969,525
6970,463
6971,521
6972,459
6973,523
6974,463
6975,531
6976,470
6977,532
6978,468
6979,522
6980,464
6981,514
6982,467
6983,510
6984,474
6985,505
6986,474
6987,494
6988,469
6989,483
6990,473
6991,478
6992,479
6993,471
6994,481
6995,458
6996,477
6997,441
6998,477
6999,433
7000,483
7001,439
7002,488
7003,438
7004,485
7005,433
7006,483
7007,435
7008,490
7009,443
7010,494
7011,443
7012,493
7013,437
7014,491
7015,439
7016,496
7017,446
7018,502
7019,448
7020,502
7021,443
7022,501
7023,445
7024,506
7025,451
7026,512
7027,453
7028,513
7029,449
7030,506
7031,449
7032,502
7033,455
7034,499
7035,460
7036,491
7037,459
7038,479
7039,457
7040,470
7041,460
7042,465
7043,466
7044,455
7045,465
7046,440
7047,463
7048,427
7049,467
7050,425
7051,474
7052,429
7053,474
7054,424
7055,471
7056,424
7057,475
7058,430
7059,483
7060,435
7061,484
7062,431
7063,481
7064,430
7065,483
7066,435
7067,492
7068,440
7069,494
7070,440
7071,492
7072,436
7073,495
7074,441
7075,502
7076,448
7077,507
7078,448
7079,506
7080,443
7081,503
7082,447
7083,500
7084,455
7085,496
7086,456
7087,485
7088,451
7089,476
7090,454
7091,469
7092,462
7093,466
7094,464
7095,453
7096,460
7097,436
7098,462
7099,428
7100,469
7101,427
7102,473
7103,426
7104,470
7105,421
7106,472
7107,426
7108,479
7109,435
7110,484
7111,435
7112,484
7113,429
7114,482
7115,432
7116,489
7117,440
7118,495
7119,443
7120,497
7121,438
7122,496
7123,440
7124,502
7125,448
7126,509
7127,451
7128,511
7129,448
7130,511
7131,449
7132,509
7133,455
7134,512
7135,462
7136,501
7137,460
7138,489
7139,460
7140,483
7141,465
7142,483
7143,472
7144,474
7145,471
7146,459
7147,470
7148,450
7149,476
7150,446
7151,483
7152,436
7153,484
7154,432
7155,481
7156,431
7157,486
7158,439
7159,495
7160,444
7161,496
7162,442
7163,495
7164,441
7165,499
7166,447
7167,507
7168,453
7169,512
7170,454
7171,510
7172,450
7173,513
7174,456
7175,522
7176,464
7177,528
7178,465
7179,529
7180,462
7181,527
7182,466
7183,526
7184,475
7185,524
7186,477
7187,514
7188,474
7189,507
7190,478
7191,504
7192,487
7193,501
7194,489
7195,492
7196,488
7197,481
7198,490
7199,475
7200,497
7201,472
7202,503
7203,462
7204,502
7205,446
7206,504
7207,451
7208,511
7209,460
7210,517
7211,461
7212,518
7213,457
7214,519
7215,462
7216,526
7217,470
7218,533
7219,474
7220,535
7221,470
7222,536
7223,473
7224,542
7225,480
7226,550
7227,484
7228,554
7229,482
7230,550
7231,483
7232,548
7233,491
7234,548
7235,498
7236,544
7237,497
7238,534
7239,496
7240,530
7241,503
7242,530
7243,510
7244,526
7245,511
7246,516
7247,511
7248,509
7249,517
7250,508
7251,525
7252,503
7253,526
7254,492
7255,527
7256,482
7257,531
7258,479
7259,540
7260,481
7261,543
7262,480
7263,543
7264,480
7265,548
7266,487
7267,556
7268,494
7269,561
7270,494
7271,561
7272,493
7273,566
7274,498
7275,573
7276,507
7277,580
7278,507
7279,575
7280,505
7281,571
7282,510
7283,571
7284,519
7285,570
7286,521
7287,566
7288,520
7289,558
7290,524
7291,557
7292,532
7293,557
7294,536
7295,550
7296,534
7297,543
7298,539
7299,542
7300,547
7301,541
7302,551
7303,535
7304,552
7305,525
7306,554
7307,520
7308,561
7309,520
7310,567
7311,512
7312,569
7313,500
7314,571
7315,505
7316,577
7317,512
7318,585
7319,516
7320,586
7321,513
7322,589
7323,517
7324,595
7325,524
7326,602
7327,528
7328,599
7329,528
7330,593
7331,530
7332,592
7333,537
7334,594
7335,543
7336,591
7337,543
7338,584
7339,544
7340,581
7341,550
7342,582
7343,557
7344,580
7345,558
7346,573
7347,560
7348,570
7349,565
7350,570
7351,573
7352,567
7353,575
7354,560
7355,576
7356,555
7357,581
7358,554
7359,589
7360,551
7361,592
7362,544
7363,592
7364,537
7365,597
7366,532
7367,605
7368,534
7369,610
7370,535
7371,610
7372,535
7373,617
7374,540
7375,619
7376,548
7377,618
7378,549
7379,614
7380,548
7381,611
7382,553
7383,612
7384,561
7385,611
7386,564
7387,608
7388,563
7389,604
7390,567
7391,603
7392,575
7393,603
7394,578
7395,599
7396,578
7397,594
7398,583
7399,593
7400,589
7401,594
7402,595
7403,590
7404,595
7405,584
7406,598
7407,581
7408,605
7409,582
7410,609
7411,576
7412,611
7413,568
7414,613
7415,566
7416,620
7417,565
7418,627
7419,561
7420,629
7421,552
7422,632
7423,554
7424,633
7425,561
7426,633
7427,565
7428,631
7429,565
7430,627
7431,567
7432,626
7433,573
7434,628
7435,579
7436,626
7437,580
7438,621
7439,581
7440,620
7441,587
7442,621
7443,593
7444,620
7445,595
7446,614
7447,595
7448,612
7449,600
7450,612
7451,608
7452,611
7453,610
7454,606
7455,611
7456,602
7457,615
7458,602
7459,623
7460,600
7461,626
7462,595
7463,627
7464,590
7465,631
7466,588
7467,639
7468,588
7469,643
7470,582
7471,644
7472,575
7473,643
7474,572
7475,644
7476,577
7477,644
7478,578
7479,640
7480,578
7481,638
7482,582
7483,641
7484,590
7485,639
7486,592
7487,636
7488,592
7489,633
7490,594
7491,633
7492,601
7493,633
7494,605
7495,630
7496,607
7497,625
7498,608
7499,624
7500,614
7501,625
7502,619
7503,622
7504,620
7505,617
7506,623
7507,616
7508,629
7509,617
7510,634
7511,613
7512,636
7513,606
7514,639
7515,604
7516,644
7517,604
7518,650
7519,601
7520,653
7521,594
7522,651
7523,590
7524,650
7525,589
7526,651
7527,585
7528,649
7529,584
7530,645
7531,587
7532,645
7533,592
7534,646
7535,598
7536,645
7537,597
7538,640
7539,600
7540,639
7541,605
7542,640
7543,610
7544,639
7545,612
7546,634
7547,612
7548,634
7549,617
7550,632
7551,624
7552,633
7553,626
7554,627
7555,627
7556,624
7557,631
7558,624
7559,637
7560,624
7561,640
7562,618
7563,641
7564,614
7565,646
7566,613
7567,652
7568,612
7569,655
7570,607
7571,655
7572,601
7573,654
7574,599
7575,655
7576,598
7577,656
7578,592
7579,652
7580,588
7581,649
7582,592
7583,650
7584,598
7585,650
7586,601
7587,646
7588,600
7589,643
7590,603
7591,645
7592,610
7593,643
7594,613
7595,640
7596,612
7597,636
7598,615
7599,635
7600,621
7601,638
7602,625
7603,632
7604,626
7605,628
7606,628
7607,626
7608,634
7609,627
7610,638
7611,624
7612,640
7613,618
7614,642
7615,615
7616,647
7617,616
7618,653
7619,613
7620,655
7621,606
7622,655
7623,602
7624,655
7625,601
7626,656
7627,598
7628,655
7629,589
7630,650
7631,588
7632,650
7633,593
7634,651
7635,597
7636,648
7637,598
7638,644
7639,598
7640,644
7641,603
7642,644
7643,608
7644,642
7645,609
7646,637
7647,609
7648,635
7649,615
7650,635
7651,620
7652,634
7653,622
7654,629
7655,622
7656,625
7657,626
7658,625
7659,632
7660,624
7661,635
7662,618
7663,634
7664,613
7665,638
7666,612
7667,644
7668,611
7669,648
7670,606
7671,649
7672,599
7673,652
7674,596
7675,653
7676,594
7677,652
7678,588
7679,649
7680,579
7681,646
7682,583
7683,646
7684,590
7685,646
7686,591
7687,643
7688,590
7689,639
7690,593
7691,641
7692,598
7693,639
7694,601
7695,636
7696,600
7697,631
7698,603
7699,629
7700,609
7701,629
7702,613
7703,625
7704,612
7705,620
7706,614
7707,618
7708,619
7709,618
7710,623
7711,614
7712,624
7713,607
7714,626
7715,604
7716,630
7717,603
7718,635
7719,599
7720,637
7721,591
7722,637
7723,585
7724,643
7725,584
7726,648
7727,578
7728,645
7729,569
7730,641
7731,570
7732,640
7733,575
7734,641
7735,579
7736,638
7737,579
7738,633
7739,579
7740,631
7741,583
7742,631
7743,587
7744,629
7745,589
7746,623
7747,588
7748,620
7749,592
7750,620
7751,597
7752,618
7753,599
7754,611
7755,598
7756,607
7757,601
7758,606
7759,607
7760,603
7761,609
7762,597
7763,608
7764,591
7765,611
7766,588
7767,617
7768,585
7769,620
7770,578
7771,619
7772,570
7773,622
7774,565
7775,628
7776,562
7777,632
7778,555
7779,632
7780,553
7781,631
7782,557
7783,630
7784,563
7785,630
7786,563
7787,625
7788,561
7789,621
7790,562
7791,619
7792,570
7793,619
7794,572
7795,614
7796,570
7797,608
7798,571
7799,606
7800,578
7801,606
7802,580
7803,601
7804,578
7805,594
7806,580
7807,590
7808,584
7809,589
7810,589
7811,584
7812,589
7813,574
7814,589
7815,570
7816,594
7817,568
7818,598
7819,561
7820,599
7821,550
7822,599
7823,542
7824,602
7825,538
7826,608
7827,537
7828,610
7829,535
7830,609
7831,536
7832,612
7833,540
7834,618
7835,544
7836,615
7837,543
7838,609
7839,541
7840,606
7841,546
7842,605
7843,551
7844,602
7845,550
7846,595
7847,549
7848,590
7849,552
7850,589
7851,557
7852,586
7853,558
7854,578
7855,556
7856,571
7857,558
7858,568
7859,564
7860,566
7861,566
7862,557
7863,564
7864,547
7865,566
7866,543
7867,570
7868,539
7869,574
7870,529
7871,572
7872,516
7873,573
7874,510
7875,580
7876,515
7877,583
7878,516
7879,582
7880,513
7881,584
7882,516
7883,589
7884,522
7885,593
7886,521
7887,594
7888,518
7889,590
7890,520
7891,589
7892,526
7893,587
7894,527
7895,581
7896,524
7897,573
7898,525
7899,570
7900,530
7901,568
7902,533
7903,562
7904,531
7905,552
7906,530
7907,547
7908,535
7909,545
7910,539
7911,537
7912,538
7913,526
7914,537
7915,517
7916,541
7917,513
7918,546
7919,505
7920,546
7921,490
7922,545
7923,484
7924,548
7925,490
7926,554
7927,493
7928,555
7929,489
7930,553
7931,489
7932,556
7933,493
7934,562
7935,497
7936,563
7937,495
7938,561
7939,493
7940,565
7941,497
7942,571
7943,502
7944,566
7945,500
7946,557
7947,497
7948,551
7949,501
7950,549
7951,507
7952,544
7953,506
7954,535
7955,503
7956,526
7957,505
7958,522
7959,513
7960,517
7961,513
7962,506
7963,509
7964,495
7965,512
7966,488
7967,518
7968,482
7969,520
7970,468
7971,516
7972,460
7973,518
7974,464
7975,523
7976,470
7977,527
7978,469
7979,524
7980,464
7981,524
7982,467
7983,529
7984,474
7985,534
7986,474
7987,533
7988,467
7989,533
7990,470
7991,535
7992,476
7993,542
7994,478
7995,544
7996,474
7997,536
7998,474
7999,532
8000,480
8001,529
8002,483
8003,522
8004,480
8005,510
8006,479
8007,503
8008,484
8009,501
8010,489
8011,492
8012,488
8013,476
8014,484
8015,466
8016,489
8017,462
8018,494
8019,450
8020,494
8021,440
8022,491
8023,440
8024,496
8025,447
8026,501
8027,450
8028,502
8029,446
8030,497
8031,444
8032,500
8033,449
8034,508
8035,454
8036,510
8037,452
8038,505
8039,448
8040,508
8041,453
8042,516
8043,458
8044,518
8045,457
8046,515
8047,453
8048,518
8049,456
8050,518
8051,463
8052,513
8053,463
8054,500
8055,458
8056,490
8057,461
8058,486
8059,469
8060,481
8061,470
8062,468
8063,465
8064,456
8065,466
8066,447
8067,474
8068,443
8069,477
8070,429
8071,474
8072,425
8073,473
8074,428
8075,480
8076,435
8077,484
8078,434
8079,481
8080,430
8081,483
8082,432
8083,488
8084,441
8085,493
8086,441
8087,491
8088,435
8089,490
8090,436
8091,495
8092,444
8093,501
8094,446
8095,503
8096,441
8097,501
8098,443
8099,506
8100,449
8101,510
8102,453
8103,502
8104,450
8105,491
8106,449
8107,483
8108,455
8109,481
8110,461
8111,472
8112,459
8113,456
8114,457
8115,447
8116,462
8117,443
8118,468
8119,432
8120,469
8121,419
8122,466
8123,420
8124,470
8125,427
8126,478
8127,431
8128,478
8129,427
8130,476
8131,426
8132,479
8133,432
8134,487
8135,438
8136,489
8137,435
8138,485
8139,433
8140,489
8141,438
8142,497
8143,444
8144,500
8145,443
8146,498
8147,440
8148,501
8149,444
8150,508
8151,451
8152,511
8153,453
8154,502
8155,449
8156,491
8157,452
8158,487
8159,460
8160,483
8161,462
8162,472
8163,458
8164,459
8165,460
8166,454
8167,469
8168,448
8169,473
8170,436
8171,469
8172,422
8173,471
8174,426
8175,478
8176,434
8177,482
8178,433
8179,482
8180,430
8181,482
8182,433
8183,489
8184,442
8185,495
8186,443
8187,496
8188,438
8189,496
8190,441
8191,501
8192,449
8193,508
8194,452
8195,511
8196,449
8197,511
8198,449
8199,515
8200,457
8201,525
8202,462
8203,519
8204,461
8205,508
8206,460
8207,503
8208,467
8209,503
8210,473
8211,496
8212,473
8213,482
8214,471
8215,476
8216,478
8217,474
8218,485
8219,466
8220,485
8221,451
8222,486
8223,441
8224,489
8225,442
8226,496
8227,446
8228,501
8229,444
8230,498
8231,444
8232,502
8233,450
8234,511
8235,457
8236,514
8237,455
8238,512
8239,455
8240,517
8241,460
8242,526
8243,468
8244,530
8245,468
8246,530
8247,465
8248,534
8249,471
8250,542
8251,478
8252,541
8253,480
8254,533
8255,478
8256,527
8257,483
8258,527
8259,491
8260,523
8261,493
8262,515
8263,490
8264,507
8265,494
8266,502
8267,503
8268,500
8269,507
8270,491
8271,506
8272,479
8273,508
8274,474
8275,516
8276,472
8277,521
8278,465
8279,522
8280,463
8281,523
8282,466
8283,531
8284,475
8285,537
8286,477
8287,538
8288,473
8289,540
8290,477
8291,547
8292,486
8293,553
8294,489
8295,557
8296,486
8297,558
8298,489
8299,564
8300,497
8301,565
8302,502
8303,561
8304,501
8305,554
8306,502
8307,550
8308,509
8309,551
8310,516
8311,546
8312,516
8313,537
8314,516
8315,533
8316,522
8317,533
8318,529
8319,528
8320,530
8321,518
8322,531
8323,512
8324,537
8325,510
8326,545
8327,506
8328,548
8329,497
8330,548
8331,485
8332,552
8333,492
8334,561
8335,498
8336,564
8337,497
8338,564
8339,498
8340,569
8341,503
8342,577
8343,510
8344,584
8345,512
8346,584
8347,511
8348,585
8349,515
8350,586
8351,523
8352,585
8353,525
8354,580
8355,525
8356,575
8357,529
8358,575
8359,537
8360,574
8361,540
8362,568
8363,539
8364,563
8365,543
8366,561
8367,551
8368,561
8369,555
8370,556
8371,555
8372,548
8373,558
8374,545
8375,566
8376,546
8377,570
8378,538
8379,572
8380,529
8381,575
8382,525
8383,581
8384,524
8385,587
8386,519
8387,590
8388,517
8389,592
8390,521
8391,598
8392,529
8393,605
8394,532
8395,610
8396,531
8397,606
8398,534
8399,605
8400,541
8401,606
8402,546
8403,603
8404,546
8405,597
8406,548
8407,596
8408,554
8409,598
8410,560
8411,595
8412,561
8413,589
8414,562
8415,586
8416,568
8417,587
8418,575
8419,585
8420,578
8421,578
8422,578
8423,574
8424,583
8425,575
8426,591
8427,572
8428,594
8429,565
8430,595
8431,559
8432,600
8433,558
8434,606
8435,555
8436,611
8437,548
8438,611
8439,540
8440,617
8441,543
8442,624
8443,549
8444,628
8445,551
8446,623
8447,550
8448,622
8449,555
8450,622
8451,562
8452,622
8453,565
8454,617
8455,564
8456,615
8457,569
8458,615
8459,576
8460,615
8461,580
8462,611
8463,579
8464,607
8465,583
8466,607
8467,590
8468,609
8469,595
8470,604
8471,595
8472,598
8473,598
8474,596
8475,605
8476,597
8477,610
8478,593
8479,611
8480,586
8481,614
8482,584
8483,620
8484,585
8485,626
8486,580
8487,629
8488,572
8489,632
8490,569
8491,638
8492,566
8493,640
8494,565
8495,639
8496,565
8497,635
8498,568
8499,635
8500,575
8501,636
8502,578
8503,634
8504,579
8505,631
8506,581
8507,629
8508,587
8509,631
8510,592
8511,629
8512,594
8513,623
8514,595
8515,622
8516,601
8517,623
8518,606
8519,621
8520,609
8521,616
8522,610
8523,613
8524,615
8525,614
8526,621
8527,612
8528,624
8529,607
8530,624
8531,603
8532,630
8533,603
8534,638
8535,601
8536,640
8537,596
8538,641
8539,590
8540,646
8541,589
8542,650
8543,588
8544,650
8545,581
8546,646
8547,576
8548,644
8549,581
8550,646
8551,587
8552,646
8553,589
8554,643
8555,588
8556,638
8557,593
8558,639
8559,600
8560,639
8561,603
8562,636
8563,602
8564,632
8565,606
8566,632
8567,613
8568,632
8569,616
8570,630
8571,618
8572,625
8573,619
8574,624
8575,626
8576,626
8577,630
8578,621
8579,632
8580,615
8581,634
8582,613
8583,640
8584,615
8585,645
8586,612
8587,648
8588,605
8589,650
8590,602
8591,655
8592,601
8593,655
8594,597
8595,653
8596,591
8597,650
8598,587
8599,650
8600,590
8601,651
8602,594
8603,649
8604,594
8605,645
8606,596
8607,644
8608,601
8609,646
8610,606
8611,644
8612,608
8613,640
8614,609
8615,638
8616,613
8617,639
8618,619
8619,637
8620,620
8621,633
8622,621
8623,630
8624,626
8625,631
8626,632
8627,629
8628,634
8629,624
8630,635
8631,620
8632,639
8633,620
8634,646
8635,619
8636,649
8637,614
8638,649
8639,608
8640,653
8641,606
8642,658
8643,606
8644,657
8645,601
8646,653
8647,593
8648,652
8649,589
8650,652
8651,593
8652,653
8653,595
8654,649
8655,594
8656,646
8657,598
8658,647
8659,604
8660,647
8661,607
8662,643
8663,606
8664,640
8665,609
8666,640
8667,615
8668,640
8669,618
8670,637
8671,619
8672,632
8673,622
8674,631
8675,627
8676,631
8677,631
8678,628
8679,632
8680,622
8681,634
8682,620
8683,639
8684,621
8685,645
8686,617
8687,646
8688,611
8689,648
8690,607
8691,654
8692,606
8693,657
8694,603
8695,655
8696,595
8697,652
8698,590
8699,651
8700,588
8701,653
8702,591
8703,650
8704,590
8705,648
8706,590
8707,645
8708,596
8709,646
8710,600
8711,643
8712,601
8713,638
8714,601
8715,637
8716,607
8717,637
8718,611
8719,635
8720,613
8721,630
8722,613
8723,627
8724,617
8725,627
8726,623
8727,625
8728,624
8729,620
8730,625
8731,616
8732,629
8733,615
8734,635
8735,613
8736,638
8737,608
8738,637
8739,603
8740,641
8741,600
8742,647
8743,598
8744,651
8745,591
8746,649
8747,583
8748,647
8749,578
8750,648
8751,580
8752,647
8753,582
8754,643
8755,580
8756,639
8757,584
8758,639
8759,590
8760,639
8761,592
8762,635
8763,590
8764,631
8765,593
8766,630
8767,598
8768,630
8769,601
8770,626
8771,601
8772,620
8773,602
8774,619
8775,609
8776,619
8777,611
8778,614
8779,612
8780,607
8781,614
8782,605
8783,618
8784,605
8785,623
8786,601
8787,624
8788,591
8789,626
8790,587
8791,630
8792,585
8793,634
8794,580
8795,637
8796,570
8797,637
8798,563
8799,639
8800,564
8801,640
8802,569
8803,638
8804,567
8805,632
8806,568
8807,631
8808,572
8809,632
8810,576
8811,629
8812,577
8813,622
8814,576
8815,620
8816,580
8817,619
8818,584
8819,617
8820,586
8821,611
8822,585
8823,608
8824,589
8825,606
8826,594
8827,603
8828,596
8829,596
8830,595
8831,591
8832,598
8833,588
8834,605
8835,585
8836,606
8837,577
8838,605
8839,570
8840,608
8841,565
8842,614
8843,562
8844,616
8845,554
8846,617
8847,543
8848,618
8849,545
8850,624
8851,550
8852,629
8853,551
8854,623
8855,549
8856,620
8857,552
8858,619
8859,558
8860,618
8861,559
8862,613
8863,556
8864,607
8865,558
8866,605
8867,564
8868,605
8869,567
8870,599
8871,565
8872,593
8873,566
8874,590
8875,572
8876,589
8877,575
8878,583
8879,574
8880,573
8881,574
8882,568
8883,579
8884,567
8885,583
8886,561
8887,583
8888,549
8889,583
8890,543
8891,586
8892,541
8893,591
8894,532
8895,592
8896,521
8897,593
8898,522
8899,596
8900,528
8901,603
8902,531
8903,604
8904,529
8905,604
8906,529
8907,605
8908,533
8909,604
8910,536
8911,601
8912,537
8913,593
8914,535
8915,589
8916,538
8917,589
8918,544
8919,585
8920,543
8921,576
8922,541
8923,571
8924,544
8925,569
8926,550
8927,564
8928,550
8929,556
8930,548
8931,547
8932,550
8933,544
8934,557
8935,539
8936,558
8937,529
8938,555
8939,519
8940,557
8941,511
8942,563
8943,505
8944,565
8945,501
8946,564
8947,498
8948,566
8949,501
8950,571
8951,508
8952,575
8953,508
8954,574
8955,504
8956,575
8957,506
8958,580
8959,512
8960,584
8961,512
8962,579
8963,509
8964,573
8965,511
8966,570
8967,516
8968,568
8969,519
8970,561
8971,515
8972,552
8973,515
8974,547
8975,521
8976,545
8977,523
8978,539
8979,522
8980,526
8981,521
8982,519
8983,526
8984,518
8985,530
8986,509
8987,530
8988,492
8989,528
8990,483
8991,532
8992,479
8993,537
8994,479
8995,537
8996,475
8997,535
8998,475
8999,539
9000,481
9001,544
9002,484
9003,545
9004,481
9005,544
9006,479
9007,547
9008,485
9009,552
9010,488
9011,555
9012,487
9013,551
9014,483
9015,553
9016,488
9017,551
9018,493
9019,546
9020,492
9021,536
9022,489
9023,529
9024,492
9025,526
9026,498
9027,521
9028,498
9029,509
9030,494
9031,498
9032,497
9033,494
9034,504
9035,488
9036,505
9037,475
9038,501
9039,459
9040,502
9041,452
9042,508
9043,458
9044,512
9045,457
9046,508
9047,453
9048,509
9049,456
9050,514
9051,462
9052,518
9053,462
9054,515
9055,456
9056,516
9057,459
9058,521
9059,466
9060,525
9061,466
9062,526
9063,461
9064,525
9065,463
9066,528
9067,469
9068,534
9069,471
9070,526
9071,465
9072,514
9073,466
9074,510
9075,473
9076,507
9077,477
9078,497
9079,473
9080,483
9081,473
9082,476
9083,478
9084,471
9085,481
9086,461
9087,480
9088,445
9089,478
9090,431
9091,482
9092,437
9093,487
9094,439
9095,488
9096,434
9097,485
9098,434
9099,488
9100,440
9101,494
9102,444
9103,496
9104,440
9105,493
9106,439
9107,497
9108,445
9109,502
9110,449
9111,504
9112,447
9113,501
9114,443
9115,504
9116,448
9117,512
9118,455
9119,515
9120,455
9121,508
9122,449
9123,500
9124,452
9125,497
9126,461
9127,492
9128,461
9129,480
9130,457
9131,469
9132,460
9133,462
9134,466
9135,456
9136,467
9137,442
9138,463
9139,425
9140,465
9141,422
9142,472
9143,429
9144,476
9145,428
9146,473
9147,423
9148,473
9149,427
9150,480
9151,435
9152,485
9153,435
9154,484
9155,431
9156,484
9157,432
9158,489
9159,441
9160,495
9161,442
9162,495
9163,436
9164,494
9165,438
9166,500
9167,446
9168,506
9169,449
9170,509
9171,444
9172,503
9173,446
9174,499
9175,452
9176,497
9177,456
9178,487
9179,454
9180,474
9181,453
9182,466
9183,458
9184,464
9185,464
9186,454
9187,464
9188,438
9189,462
9190,425
9191,466
9192,425
9193,473
9194,428
9195,473
9196,423
9197,471
9198,423
9199,475
9200,430
9201,484
9202,435
9203,486
9204,432
9205,483
9206,431
9207,486
9208,437
9209,495
9210,442
9211,497
9212,441
9213,494
9214,438
9215,499
9216,444
9217,507
9218,451
9219,512
9220,451
9221,511
9222,448
9223,507
9224,452
9225,505
9226,461
9227,501
9228,462
9229,493
9230,458
9231,481
9232,461
9233,477
9234,472
9235,475
9236,474
9237,462
9238,468
9239,448
9240,471
9241,440
9242,479
9243,434
9244,484
9245,434
9246,482
9247,431
9248,483
9249,435
9250,491
9251,444
9252,496
9253,444
9254,495
9255,440
9256,496
9257,444
9258,504
9259,452
9260,509
9261,454
9262,512
9263,450
9264,513
9265,453
9266,518
9267,461
9268,527
9269,465
9270,530
9271,462
9272,526
9273,463
9274,523
9275,471
9276,522
9277,475
9278,516
9279,476
9280,507
9281,476
9282,501
9283,481
9284,500
9285,489
9286,493
9287,489
9288,481
9289,488
9290,472
9291,494
9292,469
9293,501
9294,462
9295,503
9296,448
9297,502
9298,448
9299,506
9300,455
9301,515
9302,460
9303,518
9304,459
9305,517
9306,459
9307,521
9308,465
9309,531
9310,471
9311,534
9312,471
9313,534
9314,470
9315,538
9316,475
9317,547
9318,483
9319,552
9320,484
9321,550
9322,483
9323,545
9324,487
9325,545
9326,496
9327,543
9328,498
9329,535
9330,496
9331,528
9332,500
9333,527
9334,508
9335,524
9336,512
9337,517
9338,509
9339,507
9340,513
9341,504
9342,522
9343,501
9344,526
9345,493
9346,526
9347,480
9348,528
9349,473
9350,536
9351,480
9352,542
9353,482
9354,543
9355,479
9356,545
9357,483
9358,552
9359,491
9360,558
9361,494
9362,561
9363,491
9364,563
9365,495
9366,569
9367,502
9368,577
9369,507
9370,576
9371,505
9372,569
9373,507
9374,568
9375,515
9376,569
9377,520
9378,564
9379,520
9380,557
9381,521
9382,554
9383,528
9384,554
9385,535
9386,550
9387,536
9388,541
9389,537
9390,538
9391,543
9392,538
9393,550
9394,533
9395,552
9396,523
9397,552
9398,517
9399,558
9400,515
9401,566
9402,510
9403,569
9404,501
9405,570
9406,503
9407,573
9408,509
9409,583
9410,515
9411,586
9412,515
9413,587
9414,515
9415,592
9416,520
9417,600
9418,527
9419,598
9420,529
9421,593
9422,529
9423,590
9424,533
9425,591
9426,542
9427,589
9428,543
9429,584
9430,543
9431,579
9432,546
9433,579
9434,555
9435,579
9436,559
9437,575
9438,559
9439,568
9440,562
9441,566
9442,570
9443,567
9444,574
9445,560
9446,575
9447,553
9448,578
9449,550
9450,585
9451,551
9452,591
9453,543
9454,592
9455,534
9456,595
9457,528
9458,601
9459,533
9460,607
9461,535
9462,611
9463,533
9464,613
9465,537
9466,617
9467,545
9468,617
9469,548
9470,614
9471,548
9472,612
9473,551
9474,609
9475,557
9476,610
9477,562
9478,608
9479,564
9480,603
9481,565
9482,601
9483,571
9484,601
9485,577
9486,599
9487,579
9488,593
9489,580
9490,590
9491,586
9492,591
9493,592
9494,589
9495,595
9496,582
9497,597
9498,578
9499,603
9500,577
9501,608
9502,578
9503,611
9504,569
9505,613
9506,563
9507,618
9508,561
9509,625
9510,559
9511,629
9512,552
9513,631
9514,553
9515,630
9516,557
9517,632
9518,564
9519,633
9520,566
9521,627
9522,566
9523,625
9524,571
9525,628
9526,578
9527,625
9528,580
9529,622
9530,580
9531,619
9532,584
9533,618
9534,591
9535,619
9536,595
9537,615
9538,594
9539,611
9540,599
9541,610
9542,605
9543,610
9544,610
9545,606
9546,610
9547,601
9548,615
9549,599
9550,620
9551,600
9552,625
9553,596
9554,627
9555,590
9556,630
9557,586
9558,635
9559,586
9560,642
9561,582
9562,645
9563,574
9564,642
9565,569
9566,642
9567,575
9568,643
9569,579
9570,641
9571,578
9572,638
9573,581
9574,637
9575,587
9576,638
9577,591
9578,636
9579,592
9580,632
9581,594
9582,631
9583,600
9584,632
9585,605
9586,630
9587,607
9588,624
9589,608
9590,623
9591,612
9592,624
9593,618
9594,624
9595,623
9596,617
9597,622
9598,616
9599,627
9600,614
9601,633
9602,612
9603,637
9604,607
9605,638
9606,602
9607,642
9608,602
9609,650
9610,601
9611,654
9612,595
9613,650
9614,589
9615,649
9616,588
9617,651
9618,585
9619,650
9620,586
9621,646
9622,586
9623,644
9624,591
9625,646
9626,597
9627,645
9628,599
9629,641
9630,599
9631,639
9632,604
9633,638
9634,609
9635,639
9636,612
9637,637
9638,612
9639,631
9640,616
9641,631
9642,622
9643,631
9644,627
9645,629
9646,627
9647,624
9648,632
9649,622
9650,636
9651,623
9652,640
9653,619
9654,642
9655,613
9656,643
9657,611
9658,650
9659,612
9660,656
9661,608
9662,656
9663,600
9664,654
9665,598
9666,654
9667,597
9668,655
9669,592
9670,653
9671,589
9672,649
9673,591
9674,649
9675,596
9676,649
9677,600
9678,648
9679,601
9680,643
9681,602
9682,642
9683,608
9684,643
9685,613
9686,641
9687,614
9688,636
9689,615
9690,635
9691,621
9692,635
9693,625
9694,633
9695,627
9696,629
9697,627
9698,626
9699,632
9700,626
9701,639
9702,624
9703,641
9704,619
9705,642
9706,615
9707,646
9708,614
9709,653
9710,612
9711,656
9712,607
9713,655
9714,602
9715,655
9716,600
9717,656
9718,598
9719,655
9720,592
9721,651
9722,590
9723,649
9724,592
9725,650
9726,598
9727,649
9728,601
9729,646
9730,599
9731,642
9732,603
9733,643
9734,608
9735,643
9736,611
9737,639
9738,610
9739,635
9740,614
9741,634
9742,620
9743,634
9744,623
9745,631
9746,623
9747,625
9748,625
9749,624
9750,631
9751,624
9752,635
9753,621
9754,637
9755,617
9756,639
9757,612
9758,643
9759,611
9760,648
9761,607
9762,651
9763,600
9764,652
9765,595
9766,652
9767,594
9768,653
9769,589
9770,651
9771,582
9772,647
9773,583
9774,646
9775,588
9776,647
9777,591
9778,644
9779,592
9780,639
9781,592
9782,638
9783,598
9784,639
9785,603
9786,637
9787,604
9788,631
9789,604
9790,629
9791,608
9792,629
9793,613
9794,627
9795,615
9796,622
9797,615
9798,618
9799,618
9800,617
9801,624
9802,615
9803,627
9804,609
9805,626
9806,604
9807,630
9808,602
9809,636
9810,600
9811,638
9812,594
9813,640
9814,586
9815,642
9816,583
9817,648
9818,579
9819,647
9820,572
9821,642
9822,571
9823,640
9824,574
9825,640
9826,580
9827,639
9828,581
9829,635
9830,580
9831,631
9832,583
9833,631
9834,589
9835,630
9836,590
9837,625
9838,589
9839,621
9840,592
9841,619
9842,598
9843,619
9844,601
9845,615
9846,600
9847,608
9848,601
9849,606
9850,607
9851,605
9852,610
9853,600
9854,611
9855,592
9856,612
9857,588
9858,617
9859,587
9860,622
9861,583
9862,623
9863,572
9864,624
9865,566
9866,628
9867,562
9868,632
9869,557
9870,635
9871,556
9872,631
9873,556
9874,630
9875,562
9876,631
9877,565
9878,628
9879,564
9880,622
9881,564
9882,619
9883,569
9884,620
9885,573
9886,616
9887,574
9888,609
9889,573
9890,606
9891,576
9892,606
9893,582
9894,602
9895,582
9896,596
9897,582
9898,590
9899,585
9900,589
9901,590
9902,585
9903,591
9904,578
9905,591
9906,571
9907,594
9908,567
9909,599
9910,564
9911,601
9912,554
9913,600
9914,544
9915,603
9916,538
9917,609
9918,539
9919,612
9920,538
9921,612
9922,537
9923,614
9924,540
9925,618
9926,545
9927,616
9928,546
9929,611
9930,543
9931,606
9932,546
9933,605
9934,552
9935,604
9936,553
9937,598
9938,551
9939,592
9940,552
9941,589
9942,558
9943,587
9944,561
9945,581
9946,559
9947,573
9948,559
9949,569
9950,565
9951,567
9952,568
9953,560
9954,568
9955,550
9956,567
9957,545
9958,571
9959,542
9960,577
9961,533
9962,576
9963,519
9964,576
9965,510
9966,579
9967,515
9968,585
9969,518
9970,586
9971,515
9972,586
9973,516
9974,589
9975,520
9976,595
9977,523
9978,597
9979,522
9980,592
9981,520
9982,588
9983,526
9984,589
9985,529
9986,584
9987,528
9988,575
9989,526
9990,570
9991,530
9992,569
9993,536
9994,565
9995,535
9996,555
9997,533
9998,547
9999,535
10000,544

