1,0
2,0
3,0
4,0
5,0
6,0
7,0
8,0
9,0
10,395
11,395
12,395
13,395
14,395
15,395
16,395
17,395
18,395
19,395
20,391
21,391
22,391
23,391
24,391
25,391
26,391
27,391
28,391
29,391
30,391
31,391
32,391
33,391
34,391
35,391
36,391
37,391
38,391
39,391
40,386
41,386
42,386
43,386
44,386
45,386
46,386
47,386
48,386
49,386
50,385
51,385
52,385
53,385
54,385
55,385
56,385
57,385
58,385
59,385
60,382
61,382
62,382
63,382
64,382
65,382
66,382
67,382
68,382
69,382
70,379
71,379
72,379
73,379
74,379
75,379
76,379
77,379
78,379
79,379
80,379
81,379
82,379
83,379
84,379
85,379
86,379
87,379
88,379
89,379
90,375
91,375
92,375
93,375
94,375
95,375
96,375
97,375
98,375
99,375
100,374
101,374
102,374
103,374
104,374
105,374
106,374
107,374
108,374
109,374
110,372
111,372
112,372
113,372
114,372
115,372
116,372
117,372
118,372
119,372
120,368
121,368
122,368
123,368
124,368
125,368
126,368
127,368
128,368
129,368
130,369
131,369
132,369
133,369
134,369
135,369
136,369
137,369
138,369
139,369
140,364
141,364
142,364
143,364
144,364
145,364
146,364
147,364
148,364
149,364
150,364
151,364
152,364
153,364
154,364
155,364
156,364
157,364
158,364
159,364
160,362
161,362
162,362
163,362
164,362
165,362
166,362
167,362
168,362
169,362
170,358
171,358
172,358
173,358
174,358
175,358
176,358
177,358
178,358
179,358
180,359
181,359
182,359
183,359
184,359
185,359
186,359
187,359
188,359
189,359
190,354
191,354
192,354
193,354
194,354
195,354
196,354
197,354
198,354
199,354
200,354
201,354
202,354
203,354
204,354
205,354
206,354
207,354
208,354
209,354
210,352
211,352
212,352
213,352
214,352
215,352
216,352
217,352
218,352
219,352
220,348
221,348
222,348
223,348
224,348
225,348
226,348
227,348
228,348
229,348
230,349
231,349
232,349
233,349
234,349
235,349
236,349
237,349
238,349
239,349
240,345
241,345
242,345
243,345
244,345
245,345
246,345
247,345
248,345
249,345
250,345
251,345
252,345
253,345
254,345
255,345
256,345
257,345
258,345
259,345
260,342
261,342
262,342
263,342
264,342
265,342
266,342
267,342
268,342
269,342
270,339
271,339
272,339
273,339
274,339
275,339
276,339
277,339
278,339
279,339
280,339
281,339
282,339
283,339
284,339
285,339
286,339
287,339
288,339
289,339
290,335
291,335
292,335
293,335
294,335
295,335
296,335
297,335
298,335
299,335
300,335
301,335
302,335
303,335
304,335
305,335
306,335
307,335
308,335
309,335
310,333
311,333
312,333
313,333
314,333
315,333
316,333
317,333
318,333
319,333
320,330
321,330
322,330
323,330
324,330
325,330
326,330
327,330
328,330
329,330
330,330
331,330
332,330
333,330
334,330
335,330
336,330
337,330
338,330
339,330
340,326
341,326
342,326
343,326
344,326
345,326
346,326
347,326
348,326
349,326
350,326
351,326
352,326
353,326
354,326
355,326
356,326
357,326
358,326
359,326
360,324
361,324
362,324
363,324
364,324
365,324
366,324
367,324
368,324
369,324
370,321
371,321
372,321
373,321
374,321
375,321
376,321
377,321
378,321
379,321
380,321
381,321
382,321
383,321
384,321
385,321
386,321
387,321
388,321
389,321
390,317
391,317
392,317
393,317
394,317
395,317
396,317
397,317
398,317
399,317
400,317
401,317
402,317
403,317
404,317
405,317
406,317
407,317
408,317
409,317
410,315
411,315
412,315
413,315
414,315
415,315
416,315
417,315
418,315
419,315
420,312
421,312
422,312
423,312
424,312
425,312
426,312
427,312
428,312
429,312
430,313
431,313
432,313
433,313
434,313
435,313
436,313
437,313
438,313
439,313
440,309
441,309
442,309
443,309
444,309
445,309
446,309
447,309
448,309
449,309
450,310
451,310
452,310
453,310
454,310
455,310
456,310
457,310
458,310
459,310
460,308
461,308
462,308
463,308
464,308
465,308
466,308
467,308
468,308
469,308
470,305
471,305
472,305
473,305
474,305
475,305
476,305
477,305
478,305
479,305
480,306
481,306
482,306
483,306
484,306
485,306
486,306
487,306
488,306
489,306
490,301
491,301
492,301
493,301
494,301
495,301
496,301
497,301
498,301
499,301
500,301
501,301
502,301
503,301
504,301
505,301
506,301
507,301
508,301
509,301
510,300
511,300
512,300
513,300
514,300
515,300
516,300
517,300
518,300
519,300
520,297
521,297
522,297
523,297
524,297
525,297
526,297
527,297
528,297
529,297
530,298
531,298
532,298
533,298
534,298
535,298
536,298
537,298
538,298
539,298
540,293
541,293
542,293
543,293
544,293
545,293
546,293
547,293
548,293
549,293
550,293
551,293
552,293
553,293
554,293
555,293
556,293
557,293
558,293
559,293
560,292
561,292
562,292
563,292
564,292
565,292
566,292
567,292
568,292
569,292
570,289
571,289
572,289
573,289
574,289
575,289
576,289
577,289
578,289
579,289
580,290
581,290
582,290
583,290
584,290
585,290
586,290
587,290
588,290
589,290
590,285
591,285
592,285
593,285
594,285
595,285
596,285
597,285
598,285
599,285
600,285
601,285
602,285
603,285
604,285
605,285
606,285
607,285
608,285
609,285
610,284
611,284
612,284
613,284
614,284
615,284
616,284
617,284
618,284
619,284
620,281
621,281
622,281
623,281
624,281
625,281
626,281
627,281
628,281
629,281
630,282
631,282
632,282
633,282
634,282
635,282
636,282
637,282
638,282
639,282
640,278
641,278
642,278
643,278
644,278
645,278
646,278
647,278
648,278
649,278
650,278
651,278
652,278
653,278
654,278
655,278
656,278
657,278
658,278
659,278
660,277
661,277
662,277
663,277
664,277
665,277
666,277
667,277
668,277
669,277
670,274
671,274
672,274
673,274
674,274
675,274
676,274
677,274
678,274
679,274
680,275
681,275
682,275
683,275
684,275
685,275
686,275
687,275
688,275
689,275
690,270
691,270
692,270
693,270
694,270
695,270
696,270
697,270
698,270
699,270
700,271
701,271
702,271
703,271
704,271
705,271
706,271
707,271
708,271
709,271
710,269
711,269
712,269
713,269
714,269
715,269
716,269
717,269
718,269
719,269
720,266
721,266
722,266
723,266
724,266
725,266
726,266
727,266
728,266
729,266
730,267
731,267
732,267
733,267
734,267
735,267
736,267
737,267
738,267
739,267
740,263
741,263
742,263
743,263
744,263
745,263
746,263
747,263
748,263
749,263
750,264
751,264
752,264
753,264
754,264
755,264
756,264
757,264
758,264
759,264
760,263
761,263
762,263
763,263
764,263
765,263
766,263
767,263
768,263
769,263
770,260
771,260
772,260
773,260
774,260
775,260
776,260
777,260
778,260
779,260
780,261
781,261
782,261
783,261
784,261
785,261
786,261
787,261
788,261
789,261
790,257
791,257
792,257
793,257
794,257
795,257
796,257
797,257
798,257
799,257
800,258
801,258
802,258
803,258
804,258
805,258
806,258
807,258
808,258
809,258
810,256
811,256
812,256
813,256
814,256
815,256
816,256
817,256
818,256
819,256
820,253
821,253
822,253
823,253
824,253
825,253
826,253
827,253
828,253
829,253
830,254
831,254
832,254
833,254
834,254
835,254
836,254
837,254
838,254
839,254
840,251
841,251
842,251
843,251
844,251
845,251
846,251
847,251
848,251
849,251
850,251
851,251
852,251
853,251
854,251
855,251
856,251
857,251
858,251
859,251
860,250
861,250
862,250
863,250
864,250
865,250
866,250
867,250
868,250
869,250
870,247
871,247
872,247
873,247
874,247
875,247
876,247
877,247
878,247
879,247
880,249
881,249
882,249
883,249
884,249
885,249
886,249
887,249
888,249
889,249
890,245
891,245
892,245
893,245
894,245
895,245
896,245
897,245
898,245
899,245
900,246
901,246
902,246
903,246
904,246
905,246
906,246
907,246
908,246
909,246
910,244
911,244
912,244
913,244
914,244
915,244
916,244
917,244
918,244
919,244
920,242
921,242
922,242
923,242
924,242
925,242
926,242
927,242
928,242
929,242
930,243
931,243
932,243
933,243
934,243
935,243
936,243
937,243
938,243
939,243
940,240
941,240
942,240
943,240
944,240
945,240
946,240
947,240
948,240
949,240
950,240
951,240
952,240
953,240
954,240
955,240
956,240
957,240
958,240
959,240
960,240
961,240
962,240
963,240
964,240
965,240
966,240
967,240
968,240
969,240
970,237
971,237
972,237
973,237
974,237
975,237
976,237
977,237
978,237
979,237
980,239
981,239
982,239
983,239
984,239
985,239
986,239
987,239
988,239
989,239
990,235
991,235
992,235
993,235
994,235
995,235
996,235
997,235
998,235
999,235
1000,236
1001,236
1002,236
1003,236
1004,236
1005,236
1006,236
1007,236
1008,236
1009,236
1010,235
1011,235
1012,235
1013,235
1014,235
1015,235
1016,235
1017,235
1018,235
1019,235
1020,232
1021,232
1022,232
1023,232
1024,232
1025,232
1026,232
1027,232
1028,232
1029,232
1030,233
1031,233
1032,233
1033,233
1034,233
1035,233
1036,233
1037,233
1038,233
1039,233
1040,230
1041,230
1042,230
1043,230
1044,230
1045,230
1046,230
1047,230
1048,230
1049,230
1050,231
1051,231
1052,231
1053,231
1054,231
1055,231
1056,231
1057,231
1058,231
1059,231
1060,231
1061,231
1062,231
1063,231
1064,231
1065,231
1066,231
1067,231
1068,231
1069,231
1070,229
1071,229
1072,229
1073,229
1074,229
1075,229
1076,229
1077,229
1078,229
1079,229
1080,230
1081,230
1082,230
1083,230
1084,230
1085,230
1086,230
1087,230
1088,230
1089,230
1090,227
1091,227
1092,227
1093,227
1094,227
1095,227
1096,227
1097,227
1098,227
1099,227
1100,228
1101,228
1102,228
1103,228
1104,228
1105,228
1106,228
1107,228
1108,228
1109,228
1110,227
1111,227
1112,227
1113,227
1114,227
1115,227
1116,227
1117,227
1118,227
1119,227
1120,224
1121,224
1122,224
1123,224
1124,224
1125,224
1126,224
1127,224
1128,224
1129,224
1130,225
1131,225
1132,225
1133,225
1134,225
1135,225
1136,225
1137,225
1138,225
1139,225
1140,222
1141,222
1142,222
1143,222
1144,222
1145,222
1146,222
1147,222
1148,222
1149,222
1150,222
1151,222
1152,222
1153,222
1154,222
1155,222
1156,222
1157,222
1158,222
1159,222
1160,221
1161,221
1162,221
1163,221
1164,221
1165,221
1166,221
1167,221
1168,221
1169,221
1170,219
1171,219
1172,219
1173,219
1174,219
1175,219
1176,219
1177,219
1178,219
1179,219
1180,220
1181,220
1182,220
1183,220
1184,220
1185,220
1186,220
1187,220
1188,220
1189,220
1190,217
1191,217
1192,217
1193,217
1194,217
1195,217
1196,217
1197,217
1198,217
1199,217
1200,218
1201,218
1202,218
1203,218
1204,218
1205,218
1206,218
1207,218
1208,218
1209,218
1210,216
1211,216
1212,216
1213,216
1214,216
1215,216
1216,216
1217,216
1218,216
1219,216
1220,214
1221,214
1222,214
1223,214
1224,214
1225,214
1226,214
1227,214
1228,214
1229,214
1230,216
1231,216
1232,216
1233,216
1234,216
1235,216
1236,216
1237,216
1238,216
1239,216
1240,212
1241,212
1242,212
1243,212
1244,212
1245,212
1246,212
1247,212
1248,212
1249,212
1250,213
1251,213
1252,213
1253,213
1254,213
1255,213
1256,213
1257,213
1258,213
1259,213
1260,213
1261,213
1262,213
1263,213
1264,213
1265,213
1266,213
1267,213
1268,213
1269,213
1270,211
1271,211
1272,211
1273,211
1274,211
1275,211
1276,211
1277,211
1278,211
1279,211
1280,212
1281,212
1282,212
1283,212
1284,212
1285,212
1286,212
1287,212
1288,212
1289,212
1290,209
1291,209
1292,209
1293,209
1294,209
1295,209
1296,209
1297,209
1298,209
1299,209
1300,210
1301,210
1302,210
1303,210
1304,210
1305,210
1306,210
1307,210
1308,210
1309,210
1310,209
1311,209
1312,209
1313,209
1314,209
1315,209
1316,209
1317,209
1318,209
1319,209
1320,207
1321,207
1322,207
1323,207
1324,207
1325,207
1326,207
1327,207
1328,207
1329,207
1330,208
1331,208
1332,208
1333,208
1334,208
1335,208
1336,208
1337,208
1338,208
1339,208
1340,205
1341,205
1342,205
1343,205
1344,205
1345,205
1346,205
1347,205
1348,205
1349,205
1350,206
1351,206
1352,206
1353,206
1354,206
1355,206
1356,206
1357,206
1358,206
1359,206
1360,205
1361,205
1362,205
1363,205
1364,205
1365,205
1366,205
1367,205
1368,205
1369,205
1370,203
1371,203
1372,203
1373,203
1374,203
1375,203
1376,203
1377,203
1378,203
1379,203
1380,205
1381,205
1382,205
1383,205
1384,205
1385,205
1386,205
1387,205
1388,205
1389,205
1390,202
1391,202
1392,202
1393,202
1394,202
1395,202
1396,202
1397,202
1398,202
1399,202
1400,203
1401,203
1402,203
1403,203
1404,203
1405,203
1406,203
1407,203
1408,203
1409,203
1410,202
1411,202
1412,202
1413,202
1414,202
1415,202
1416,202
1417,202
1418,202
1419,202
1420,200
1421,200
1422,200
1423,200
1424,200
1425,200
1426,200
1427,200
1428,200
1429,200
1430,202
1431,202
1432,202
1433,202
1434,202
1435,202
1436,202
1437,202
1438,202
1439,202
1440,199
1441,199
1442,199
1443,199
1444,199
1445,199
1446,199
1447,199
1448,199
1449,199
1450,199
1451,199
1452,199
1453,199
1454,199
1455,199
1456,199
1457,199
1458,199
1459,199
1460,198
1461,198
1462,198
1463,198
1464,198
1465,198
1466,198
1467,198
1468,198
1469,198
1470,197
1471,197
1472,197
1473,197
1474,197
1475,197
1476,197
1477,197
1478,197
1479,197
1480,199
1481,199
1482,199
1483,199
1484,199
1485,199
1486,199
1487,199
1488,199
1489,199
1490,196
1491,196
1492,196
1493,196
1494,196
1495,196
1496,196
1497,196
1498,196
1499,196
1500,197
1501,197
1502,197
1503,197
1504,197
1505,197
1506,197
1507,197
1508,197
1509,197
1510,196
1511,196
1512,196
1513,196
1514,196
1515,196
1516,196
1517,196
1518,196
1519,196
1520,194
1521,194
1522,194
1523,194
1524,194
1525,194
1526,194
1527,194
1528,194
1529,194
1530,196
1531,196
1532,196
1533,196
1534,196
1535,196
1536,196
1537,196
1538,196
1539,196
1540,193
1541,193
1542,193
1543,193
1544,193
1545,193
1546,193
1547,193
1548,193
1549,193
1550,195
1551,195
1552,195
1553,195
1554,195
1555,195
1556,195
1557,195
1558,195
1559,195
1560,194
1561,194
1562,194
1563,194
1564,194
1565,194
1566,194
1567,194
1568,194
1569,194
1570,193
1571,193
1572,193
1573,193
1574,193
1575,193
1576,193
1577,193
1578,193
1579,193
1580,195
1581,195
1582,195
1583,195
1584,195
1585,195
1586,195
1587,195
1588,195
1589,195
1590,193
1591,193
1592,193
1593,193
1594,193
1595,193
1596,193
1597,193
1598,193
1599,193
1600,194
1601,194
1602,194
1603,194
1604,194
1605,194
1606,194
1607,194
1608,194
1609,194
1610,194
1611,194
1612,194
1613,194
1614,194
1615,194
1616,194
1617,194
1618,194
1619,194
1620,192
1621,192
1622,192
1623,192
1624,192
1625,192
1626,192
1627,192
1628,192
1629,192
1630,194
1631,194
1632,194
1633,194
1634,194
1635,194
1636,194
1637,194
1638,194
1639,194
1640,191
1641,191
1642,191
1643,191
1644,191
1645,191
1646,191
1647,191
1648,191
1649,191
1650,193
1651,193
1652,193
1653,193
1654,193
1655,193
1656,193
1657,193
1658,193
1659,193
1660,192
1661,192
1662,192
1663,192
1664,192
1665,192
1666,192
1667,192
1668,192
1669,192
1670,190
1671,190
1672,190
1673,190
1674,190
1675,190
1676,190
1677,190
1678,190
1679,190
1680,192
1681,192
1682,192
1683,192
1684,192
1685,192
1686,192
1687,192
1688,192
1689,192
1690,189
1691,189
1692,189
1693,189
1694,189
1695,189
1696,189
1697,189
1698,189
1699,189
1700,190
1701,190
1702,190
1703,190
1704,190
1705,190
1706,190
1707,190
1708,190
1709,190
1710,189
1711,189
1712,189
1713,189
1714,189
1715,189
1716,189
1717,189
1718,189
1719,189
1720,188
1721,188
1722,188
1723,188
1724,188
1725,188
1726,188
1727,188
1728,188
1729,188
1730,190
1731,190
1732,190
1733,190
1734,190
1735,190
1736,190
1737,190
1738,190
1739,190
1740,187
1741,187
1742,187
1743,187
1744,187
1745,187
1746,187
1747,187
1748,187
1749,187
1750,188
1751,188
1752,188
1753,188
1754,188
1755,188
1756,188
1757,188
1758,188
1759,188
1760,187
1761,187
1762,187
1763,187
1764,187
1765,187
1766,187
1767,187
1768,187
1769,187
1770,186
1771,186
1772,186
1773,186
1774,186
1775,186
1776,186
1777,186
1778,186
1779,186
1780,188
1781,188
1782,188
1783,188
1784,188
1785,188
1786,188
1787,188
1788,188
1789,188
1790,185
1791,185
1792,185
1793,185
1794,185
1795,185
1796,185
1797,185
1798,185
1799,185
1800,187
1801,187
1802,187
1803,187
1804,187
1805,187
1806,187
1807,187
1808,187
1809,187
1810,186
1811,186
1812,186
1813,186
1814,186
1815,186
1816,186
1817,186
1818,186
1819,186
1820,185
1821,185
1822,185
1823,185
1824,185
1825,185
1826,185
1827,185
1828,185
1829,185
1830,187
1831,187
1832,187
1833,187
1834,187
1835,187
1836,187
1837,187
1838,187
1839,187
1840,184
1841,184
1842,184
1843,184
1844,184
1845,184
1846,184
1847,184
1848,184
1849,184
1850,185
1851,185
1852,185
1853,185
1854,185
1855,185
1856,185
1857,185
1858,185
1859,185
1860,185
1861,185
1862,185
1863,185
1864,185
1865,185
1866,185
1867,185
1868,185
1869,185
1870,184
1871,184
1872,184
1873,184
1874,184
1875,184
1876,184
1877,184
1878,184
1879,184
1880,186
1881,186
1882,186
1883,186
1884,186
1885,186
1886,186
1887,186
1888,186
1889,186
1890,183
1891,183
1892,183
1893,183
1894,183
1895,183
1896,183
1897,183
1898,183
1899,183
1900,184
1901,184
1902,184
1903,184
1904,184
1905,184
1906,184
1907,184
1908,184
1909,184
1910,183
1911,183
1912,183
1913,183
1914,183
1915,183
1916,183
1917,183
1918,183
1919,183
1920,182
1921,182
1922,182
1923,182
1924,182
1925,182
1926,182
1927,182
1928,182
1929,182
1930,184
1931,184
1932,184
1933,184
1934,184
1935,184
1936,184
1937,184
1938,184
1939,184
1940,181
1941,181
1942,181
1943,181
1944,181
1945,181
1946,181
1947,181
1948,181
1949,181
1950,183
1951,183
1952,183
1953,183
1954,183
1955,183
1956,183
1957,183
1958,183
1959,183
1960,182
1961,182
1962,182
1963,182
1964,182
1965,182
1966,182
1967,182
1968,182
1969,182
1970,181
1971,181
1972,181
1973,181
1974,181
1975,181
1976,181
1977,181
1978,181
1979,181
1980,183
1981,183
1982,183
1983,183
1984,183
1985,183
1986,183
1987,183
1988,183
1989,183
1990,180
1991,180
1992,180
1993,180
1994,180
1995,180
1996,180
1997,180
1998,180
1999,180
2000,182
2001,182
2002,182
2003,182
2004,182
2005,182
2006,182
2007,182
2008,182
2009,182
2010,180
2011,180
2012,180
2013,180
2014,180
2015,180
2016,180
2017,180
2018,180
2019,180
2020,179
2021,179
2022,179
2023,179
2024,179
2025,179
2026,179
2027,179
2028,179
2029,179
2030,181
2031,181
2032,181
2033,181
2034,181
2035,181
2036,181
2037,181
2038,181
2039,181
2040,178
2041,178
2042,178
2043,178
2044,178
2045,178
2046,178
2047,178
2048,178
2049,178
2050,179
2051,179
2052,179
2053,179
2054,179
2055,179
2056,179
2057,179
2058,179
2059,179
2060,179
2061,179
2062,179
2063,179
2064,179
2065,179
2066,179
2067,179
2068,179
2069,179
2070,177
2071,177
2072,177
2073,177
2074,177
2075,177
2076,177
2077,177
2078,177
2079,177
2080,179
2081,179
2082,179
2083,179
2084,179
2085,179
2086,179
2087,179
2088,179
2089,179
2090,176
2091,176
2092,176
2093,176
2094,176
2095,176
2096,176
2097,176
2098,176
2099,176
2100,177
2101,177
2102,177
2103,177
2104,177
2105,177
2106,177
2107,177
2108,177
2109,177
2110,177
2111,177
2112,177
2113,177
2114,177
2115,177
2116,177
2117,177
2118,177
2119,177
2120,176
2121,176
2122,176
2123,176
2124,176
2125,176
2126,176
2127,176
2128,176
2129,176
2130,179
2131,179
2132,179
2133,179
2134,179
2135,179
2136,179
2137,179
2138,179
2139,179
2140,176
2141,176
2142,176
2143,176
2144,176
2145,176
2146,176
2147,176
2148,176
2149,176
2150,178
2151,178
2152,178
2153,178
2154,178
2155,178
2156,178
2157,178
2158,178
2159,178
2160,177
2161,177
2162,177
2163,177
2164,177
2165,177
2166,177
2167,177
2168,177
2169,177
2170,176
2171,176
2172,176
2173,176
2174,176
2175,176
2176,176
2177,176
2178,176
2179,176
2180,179
2181,179
2182,179
2183,179
2184,179
2185,179
2186,179
2187,179
2188,179
2189,179
2190,176
2191,176
2192,176
2193,176
2194,176
2195,176
2196,176
2197,176
2198,176
2199,176
2200,178
2201,178
2202,178
2203,178
2204,178
2205,178
2206,178
2207,178
2208,178
2209,178
2210,178
2211,178
2212,178
2213,178
2214,178
2215,178
2216,178
2217,178
2218,178
2219,178
2220,176
2221,176
2222,176
2223,176
2224,176
2225,176
2226,176
2227,176
2228,176
2229,176
2230,178
2231,178
2232,178
2233,178
2234,178
2235,178
2236,178
2237,178
2238,178
2239,178
2240,175
2241,175
2242,175
2243,175
2244,175
2245,175
2246,175
2247,175
2248,175
2249,175
2250,177
2251,177
2252,177
2253,177
2254,177
2255,177
2256,177
2257,177
2258,177
2259,177
2260,176
2261,176
2262,176
2263,176
2264,176
2265,176
2266,176
2267,176
2268,176
2269,176
2270,175
2271,175
2272,175
2273,175
2274,175
2275,175
2276,175
2277,175
2278,175
2279,175
2280,177
2281,177
2282,177
2283,177
2284,177
2285,177
2286,177
2287,177
2288,177
2289,177
2290,174
2291,174
2292,174
2293,174
2294,174
2295,174
2296,174
2297,174
2298,174
2299,174
2300,176
2301,176
2302,176
2303,176
2304,176
2305,176
2306,176
2307,176
2308,176
2309,176
2310,175
2311,175
2312,175
2313,175
2314,175
2315,175
2316,175
2317,175
2318,175
2319,175
2320,174
2321,174
2322,174
2323,174
2324,174
2325,174
2326,174
2327,174
2328,174
2329,174
2330,176
2331,176
2332,176
2333,176
2334,176
2335,176
2336,176
2337,176
2338,176
2339,176
2340,173
2341,173
2342,173
2343,173
2344,173
2345,173
2346,173
2347,173
2348,173
2349,173
2350,175
2351,175
2352,175
2353,175
2354,175
2355,175
2356,175
2357,175
2358,175
2359,175
2360,174
2361,174
2362,174
2363,174
2364,174
2365,174
2366,174
2367,174
2368,174
2369,174
2370,173
2371,173
2372,173
2373,173
2374,173
2375,173
2376,173
2377,173
2378,173
2379,173
2380,175
2381,175
2382,175
2383,175
2384,175
2385,175
2386,175
2387,175
2388,175
2389,175
2390,172
2391,172
2392,172
2393,172
2394,172
2395,172
2396,172
2397,172
2398,172
2399,172
2400,173
2401,173
2402,173
2403,173
2404,173
2405,173
2406,173
2407,173
2408,173
2409,173
2410,173
2411,173
2412,173
2413,173
2414,173
2415,173
2416,173
2417,173
2418,173
2419,173
2420,171
2421,171
2422,171
2423,171
2424,171
2425,171
2426,171
2427,171
2428,171
2429,171
2430,174
2431,174
2432,174
2433,174
2434,174
2435,174
2436,174
2437,174
2438,174
2439,174
2440,171
2441,171
2442,171
2443,171
2444,171
2445,171
2446,171
2447,171
2448,171
2449,171
2450,173
2451,173
2452,173
2453,173
2454,173
2455,173
2456,173
2457,173
2458,173
2459,173
2460,172
2461,172
2462,172
2463,172
2464,172
2465,172
2466,172
2467,172
2468,172
2469,172
2470,171
2471,171
2472,171
2473,171
2474,171
2475,171
2476,171
2477,171
2478,171
2479,171
2480,173
2481,173
2482,173
2483,173
2484,173
2485,173
2486,173
2487,173
2488,173
2489,173
2490,170
2491,170
2492,170
2493,170
2494,170
2495,170
2496,170
2497,170
2498,170
2499,170
2500,172
2501,172
2502,172
2503,172
2504,172
2505,172
2506,172
2507,172
2508,172
2509,172
2510,171
2511,171
2512,171
2513,171
2514,171
2515,171
2516,171
2517,171
2518,171
2519,171
2520,169
2521,169
2522,169
2523,169
2524,169
2525,169
2526,169
2527,169
2528,169
2529,169
2530,171
2531,171
2532,171
2533,171
2534,171
2535,171
2536,171
2537,171
2538,171
2539,171
2540,168
2541,168
2542,168
2543,168
2544,168
2545,168
2546,168
2547,168
2548,168
2549,168
2550,170
2551,170
2552,170
2553,170
2554,170
2555,170
2556,170
2557,170
2558,170
2559,170
2560,169
2561,169
2562,169
2563,169
2564,169
2565,169
2566,169
2567,169
2568,169
2569,169
2570,168
2571,168
2572,168
2573,168
2574,168
2575,168
2576,168
2577,168
2578,168
2579,168
2580,170
2581,170
2582,170
2583,170
2584,170
2585,170
2586,170
2587,170
2588,170
2589,170
2590,167
2591,167
2592,167
2593,167
2594,167
2595,167
2596,167
2597,167
2598,167
2599,167
2600,169
2601,169
2602,169
2603,169
2604,169
2605,169
2606,169
2607,169
2608,169
2609,169
2610,168
2611,168
2612,168
2613,168
2614,168
2615,168
2616,168
2617,168
2618,168
2619,168
2620,167
2621,167
2622,167
2623,167
2624,167
2625,167
2626,167
2627,167
2628,167
2629,167
2630,169
2631,169
2632,169
2633,169
2634,169
2635,169
2636,169
2637,169
2638,169
2639,169
2640,166
2641,166
2642,166
2643,166
2644,166
2645,166
2646,166
2647,166
2648,166
2649,166
2650,168
2651,168
2652,168
2653,168
2654,168
2655,168
2656,168
2657,168
2658,168
2659,168
2660,167
2661,167
2662,167
2663,167
2664,167
2665,167
2666,167
2667,167
2668,167
2669,167
2670,166
2671,166
2672,166
2673,166
2674,166
2675,166
2676,166
2677,166
2678,166
2679,166
2680,168
2681,168
2682,168
2683,168
2684,168
2685,168
2686,168
2687,168
2688,168
2689,168
2690,166
2691,166
2692,166
2693,166
2694,166
2695,166
2696,166
2697,166
2698,166
2699,166
2700,168
2701,168
2702,168
2703,168
2704,168
2705,168
2706,168
2707,168
2708,168
2709,168
2710,168
2711,168
2712,168
2713,168
2714,168
2715,168
2716,168
2717,168
2718,168
2719,168
2720,167
2721,167
2722,167
2723,167
2724,167
2725,167
2726,167
2727,167
2728,167
2729,167
2730,170
2731,170
2732,170
2733,170
2734,170
2735,170
2736,170
2737,170
2738,170
2739,170
2740,168
2741,168
2742,168
2743,168
2744,168
2745,168
2746,168
2747,168
2748,168
2749,168
2750,170
2751,170
2752,170
2753,170
2754,170
2755,170
2756,170
2757,170
2758,170
2759,170
2760,169
2761,169
2762,169
2763,169
2764,169
2765,169
2766,169
2767,169
2768,169
2769,169
2770,168
2771,168
2772,168
2773,168
2774,168
2775,168
2776,168
2777,168
2778,168
2779,168
2780,170
2781,170
2782,170
2783,170
2784,170
2785,170
2786,170
2787,170
2788,170
2789,170
2790,168
2791,168
2792,168
2793,168
2794,168
2795,168
2796,168
2797,168
2798,168
2799,168
2800,170
2801,170
2802,170
2803,170
2804,170
2805,170
2806,170
2807,170
2808,170
2809,170
2810,169
2811,169
2812,169
2813,169
2814,169
2815,169
2816,169
2817,169
2818,169
2819,169
2820,168
2821,168
2822,168
2823,168
2824,168
2825,168
2826,168
2827,168
2828,168
2829,168
2830,170
2831,170
2832,170
2833,170
2834,170
2835,170
2836,170
2837,170
2838,170
2839,170
2840,168
2841,168
2842,168
2843,168
2844,168
2845,168
2846,168
2847,168
2848,168
2849,168
2850,170
2851,170
2852,170
2853,170
2854,170
2855,170
2856,170
2857,170
2858,170
2859,170
2860,169
2861,169
2862,169
2863,169
2864,169
2865,169
2866,169
2867,169
2868,169
2869,169
2870,168
2871,168
2872,168
2873,168
2874,168
2875,168
2876,168
2877,168
2878,168
2879,168
2880,170
2881,170
2882,170
2883,170
2884,170
2885,170
2886,170
2887,170
2888,170
2889,170
2890,168
2891,168
2892,168
2893,168
2894,168
2895,168
2896,168
2897,168
2898,168
2899,168
2900,170
2901,170
2902,170
2903,170
2904,170
2905,170
2906,170
2907,170
2908,170
2909,170
2910,168
2911,168
2912,168
2913,168
2914,168
2915,168
2916,168
2917,168
2918,168
2919,168
2920,167
2921,167
2922,167
2923,167
2924,167
2925,167
2926,167
2927,167
2928,167
2929,167
2930,169
2931,169
2932,169
2933,169
2934,169
2935,169
2936,169
2937,169
2938,169
2939,169
2940,167
2941,167
2942,167
2943,167
2944,167
2945,167
2946,167
2947,167
2948,167
2949,167
2950,168
2951,168
2952,168
2953,168
2954,168
2955,168
2956,168
2957,168
2958,168
2959,168
2960,167
2961,167
2962,167
2963,167
2964,167
2965,167
2966,167
2967,167
2968,167
2969,167
2970,166
2971,166
2972,166
2973,166
2974,166
2975,166
2976,166
2977,166
2978,166
2979,166
2980,168
2981,168
2982,168
2983,168
2984,168
2985,168
2986,168
2987,168
2988,168
2989,168
2990,165
2991,165
2992,165
2993,165
2994,165
2995,165
2996,165
2997,165
2998,165
2999,165
3000,167
3001,167
3002,167
3003,167
3004,167
3005,167
3006,167
3007,167
3008,167
3009,167
3010,166
3011,166
3012,166
3013,166
3014,166
3015,166
3016,166
3017,166
3018,166
3019,166
3020,165
3021,165
3022,165
3023,165
3024,165
3025,165
3026,165
3027,165
3028,165
3029,165
3030,167
3031,167
3032,167
3033,167
3034,167
3035,167
3036,167
3037,167
3038,167
3039,167
3040,165
3041,165
3042,165
3043,165
3044,165
3045,165
3046,165
3047,165
3048,165
3049,165
3050,166
3051,166
3052,166
3053,166
3054,166
3055,166
3056,166
3057,166
3058,166
3059,166
3060,165
3061,165
3062,165
3063,165
3064,165
3065,165
3066,165
3067,165
3068,165
3069,165
3070,165
3071,165
3072,165
3073,165
3074,165
3075,165
3076,165
3077,165
3078,165
3079,165
3080,167
3081,167
3082,167
3083,167
3084,167
3085,167
3086,167
3087,167
3088,167
3089,167
3090,164
3091,164
3092,164
3093,164
3094,164
3095,164
3096,164
3097,164
3098,164
3099,164
3100,166
3101,166
3102,166
3103,166
3104,166
3105,166
3106,166
3107,166
3108,166
3109,166
3110,165
3111,165
3112,165
3113,165
3114,165
3115,165
3116,165
3117,165
3118,165
3119,165
3120,164
3121,164
3122,164
3123,164
3124,164
3125,164
3126,164
3127,164
3128,164
3129,164
3130,166
3131,166
3132,166
3133,166
3134,166
3135,166
3136,166
3137,166
3138,166
3139,166
3140,163
3141,163
3142,163
3143,163
3144,163
3145,163
3146,163
3147,163
3148,163
3149,163
3150,165
3151,165
3152,165
3153,165
3154,165
3155,165
3156,165
3157,165
3158,165
3159,165
3160,164
3161,164
3162,164
3163,164
3164,164
3165,164
3166,164
3167,164
3168,164
3169,164
3170,163
3171,163
3172,163
3173,163
3174,163
3175,163
3176,163
3177,163
3178,163
3179,163
3180,165
3181,165
3182,165
3183,165
3184,165
3185,165
3186,165
3187,165
3188,165
3189,165
3190,162
3191,162
3192,162
3193,162
3194,162
3195,162
3196,162
3197,162
3198,162
3199,162
3200,164
3201,164
3202,164
3203,164
3204,164
3205,164
3206,164
3207,164
3208,164
3209,164
3210,163
3211,163
3212,163
3213,163
3214,163
3215,163
3216,163
3217,163
3218,163
3219,163
3220,162
3221,162
3222,162
3223,162
3224,162
3225,162
3226,162
3227,162
3228,162
3229,162
3230,164
3231,164
3232,164
3233,164
3234,164
3235,164
3236,164
3237,164
3238,164
3239,164
3240,162
3241,162
3242,162
3243,162
3244,162
3245,162
3246,162
3247,162
3248,162
3249,162
3250,164
3251,164
3252,164
3253,164
3254,164
3255,164
3256,164
3257,164
3258,164
3259,164
3260,163
3261,163
3262,163
3263,163
3264,163
3265,163
3266,163
3267,163
3268,163
3269,163
3270,162
3271,162
3272,162
3273,162
3274,162
3275,162
3276,162
3277,162
3278,162
3279,162
3280,164
3281,164
3282,164
3283,164
3284,164
3285,164
3286,164
3287,164
3288,164
3289,164
3290,162
3291,162
3292,162
3293,162
3294,162
3295,162
3296,162
3297,162
3298,162
3299,162
3300,165
3301,165
3302,165
3303,165
3304,165
3305,165
3306,165
3307,165
3308,165
3309,165
3310,164
3311,164
3312,164
3313,164
3314,164
3315,164
3316,164
3317,164
3318,164
3319,164
3320,163
3321,163
3322,163
3323,163
3324,163
3325,163
3326,163
3327,163
3328,163
3329,163
3330,165
3331,165
3332,165
3333,165
3334,165
3335,165
3336,165
3337,165
3338,165
3339,165
3340,163
3341,163
3342,163
3343,163
3344,163
3345,163
3346,163
3347,163
3348,163
3349,163
3350,165
3351,165
3352,165
3353,165
3354,165
3355,165
3356,165
3357,165
3358,165
3359,165
3360,164
3361,164
3362,164
3363,164
3364,164
3365,164
3366,164
3367,164
3368,164
3369,164
3370,163
3371,163
3372,163
3373,163
3374,163
3375,163
3376,163
3377,163
3378,163
3379,163
3380,166
3381,166
3382,166
3383,166
3384,166
3385,166
3386,166
3387,166
3388,166
3389,166
3390,164
3391,164
3392,164
3393,164
3394,164
3395,164
3396,164
3397,164
3398,164
3399,164
3400,166
3401,166
3402,166
3403,166
3404,166
3405,166
3406,166
3407,166
3408,166
3409,166
3410,165
3411,165
3412,165
3413,165
3414,165
3415,165
3416,165
3417,165
3418,165
3419,165
3420,164
3421,164
3422,164
3423,164
3424,164
3425,164
3426,164
3427,164
3428,164
3429,164
3430,167
3431,167
3432,167
3433,167
3434,167
3435,167
3436,167
3437,167
3438,167
3439,167
3440,164
3441,164
3442,164
3443,164
3444,164
3445,164
3446,164
3447,164
3448,164
3449,164
3450,166
3451,166
3452,166
3453,166
3454,166
3455,166
3456,166
3457,166
3458,166
3459,166
3460,165
3461,165
3462,165
3463,165
3464,165
3465,165
3466,165
3467,165
3468,165
3469,165
3470,164
3471,164
3472,164
3473,164
3474,164
3475,164
3476,164
3477,164
3478,164
3479,164
3480,166
3481,166
3482,166
3483,166
3484,166
3485,166
3486,166
3487,166
3488,166
3489,166
3490,163
3491,163
3492,163
3493,163
3494,163
3495,163
3496,163
3497,163
3498,163
3499,163
3500,166
3501,166
3502,166
3503,166
3504,166
3505,166
3506,166
3507,166
3508,166
3509,166
3510,165
3511,165
3512,165
3513,165
3514,165
3515,165
3516,165
3517,165
3518,165
3519,165
3520,164
3521,164
3522,164
3523,164
3524,164
3525,164
3526,164
3527,164
3528,164
3529,164
3530,167
3531,167
3532,167
3533,167
3534,167
3535,167
3536,167
3537,167
3538,167
3539,167
3540,164
3541,164
3542,164
3543,164
3544,164
3545,164
3546,164
3547,164
3548,164
3549,164
3550,166
3551,166
3552,166
3553,166
3554,166
3555,166
3556,166
3557,166
3558,166
3559,166
3560,165
3561,165
3562,165
3563,165
3564,165
3565,165
3566,165
3567,165
3568,165
3569,165
3570,164
3571,164
3572,164
3573,164
3574,164
3575,164
3576,164
3577,164
3578,164
3579,164
3580,166
3581,166
3582,166
3583,166
3584,166
3585,166
3586,166
3587,166
3588,166
3589,166
3590,164
3591,164
3592,164
3593,164
3594,164
3595,164
3596,164
3597,164
3598,164
3599,164
3600,166
3601,166
3602,166
3603,166
3604,166
3605,166
3606,166
3607,166
3608,166
3609,166
3610,165
3611,165
3612,165
3613,165
3614,165
3615,165
3616,165
3617,165
3618,165
3619,165
3620,164
3621,164
3622,164
3623,164
3624,164
3625,164
3626,164
3627,164
3628,164
3629,164
3630,167
3631,167
3632,167
3633,167
3634,167
3635,167
3636,167
3637,167
3638,167
3639,167
3640,164
3641,164
3642,164
3643,164
3644,164
3645,164
3646,164
3647,164
3648,164
3649,164
3650,166
3651,166
3652,166
3653,166
3654,166
3655,166
3656,166
3657,166
3658,166
3659,166
3660,165
3661,165
3662,165
3663,165
3664,165
3665,165
3666,165
3667,165
3668,165
3669,165
3670,164
3671,164
3672,164
3673,164
3674,164
3675,164
3676,164
3677,164
3678,164
3679,164
3680,166
3681,166
3682,166
3683,166
3684,166
3685,166
3686,166
3687,166
3688,166
3689,166
3690,163
3691,163
3692,163
3693,163
3694,163
3695,163
3696,163
3697,163
3698,163
3699,163
3700,164
3701,164
3702,164
3703,164
3704,164
3705,164
3706,164
3707,164
3708,164
3709,164
3710,164
3711,164
3712,164
3713,164
3714,164
3715,164
3716,164
3717,164
3718,164
3719,164
3720,162
3721,162
3722,162
3723,162
3724,162
3725,162
3726,162
3727,162
3728,162
3729,162
3730,164
3731,164
3732,164
3733,164
3734,164
3735,164
3736,164
3737,164
3738,164
3739,164
3740,162
3741,162
3742,162
3743,162
3744,162
3745,162
3746,162
3747,162
3748,162
3749,162
3750,164
3751,164
3752,164
3753,164
3754,164
3755,164
3756,164
3757,164
3758,164
3759,164
3760,163
3761,163
3762,163
3763,163
3764,163
3765,163
3766,163
3767,163
3768,163
3769,163
3770,162
3771,162
3772,162
3773,162
3774,162
3775,162
3776,162
3777,162
3778,162
3779,162
3780,164
3781,164
3782,164
3783,164
3784,164
3785,164
3786,164
3787,164
3788,164
3789,164
3790,162
3791,162
3792,162
3793,162
3794,162
3795,162
3796,162
3797,162
3798,162
3799,162
3800,164
3801,164
3802,164
3803,164
3804,164
3805,164
3806,164
3807,164
3808,164
3809,164
3810,163
3811,163
3812,163
3813,163
3814,163
3815,163
3816,163
3817,163
3818,163
3819,163
3820,162
3821,162
3822,162
3823,162
3824,162
3825,162
3826,162
3827,162
3828,162
3829,162
3830,164
3831,164
3832,164
3833,164
3834,164
3835,164
3836,164
3837,164
3838,164
3839,164
3840,162
3841,162
3842,162
3843,162
3844,162
3845,162
3846,162
3847,162
3848,162
3849,162
3850,164
3851,164
3852,164
3853,164
3854,164
3855,164
3856,164
3857,164
3858,164
3859,164
3860,163
3861,163
3862,163
3863,163
3864,163
3865,163
3866,163
3867,163
3868,163
3869,163
3870,163
3871,163
3872,163
3873,163
3874,163
3875,163
3876,163
3877,163
3878,163
3879,163
3880,165
3881,165
3882,165
3883,165
3884,165
3885,165
3886,165
3887,165
3888,165
3889,165
3890,163
3891,163
3892,163
3893,163
3894,163
3895,163
3896,163
3897,163
3898,163
3899,163
3900,165
3901,165
3902,165
3903,165
3904,165
3905,165
3906,165
3907,165
3908,165
3909,165
3910,164
3911,164
3912,164
3913,164
3914,164
3915,164
3916,164
3917,164
3918,164
3919,164
3920,163
3921,163
3922,163
3923,163
3924,163
3925,163
3926,163
3927,163
3928,163
3929,163
3930,165
3931,165
3932,165
3933,165
3934,165
3935,165
3936,165
3937,165
3938,165
3939,165
3940,162
3941,162
3942,162
3943,162
3944,162
3945,162
3946,162
3947,162
3948,162
3949,162
3950,165
3951,165
3952,165
3953,165
3954,165
3955,165
3956,165
3957,165
3958,165
3959,165
3960,164
3961,164
3962,164
3963,164
3964,164
3965,164
3966,164
3967,164
3968,164
3969,164
3970,163
3971,163
3972,163
3973,163
3974,163
3975,163
3976,163
3977,163
3978,163
3979,163
3980,165
3981,165
3982,165
3983,165
3984,165
3985,165
3986,165
3987,165
3988,165
3989,165
3990,163
3991,163
3992,163
3993,163
3994,163
3995,163
3996,163
3997,163
3998,163
3999,163
4000,165
4001,165
4002,165
4003,165
4004,165
4005,165
4006,165
4007,165
4008,165
4009,165
4010,164
4011,164
4012,164
4013,164
4014,164
4015,164
4016,164
4017,164
4018,164
4019,164
4020,163
4021,163
4022,163
4023,163
4024,163
4025,163
4026,163
4027,163
4028,163
4029,163
4030,165
4031,165
4032,165
4033,165
4034,165
4035,165
4036,165
4037,165
4038,165
4039,165
4040,162
4041,162
4042,162
4043,162
4044,162
4045,162
4046,162
4047,162
4048,162
4049,162
4050,164
4051,164
4052,164
4053,164
4054,164
4055,164
4056,164
4057,164
4058,164
4059,164
4060,163
4061,163
4062,163
4063,163
4064,163
4065,163
4066,163
4067,163
4068,163
4069,163
4070,163
4071,163
4072,163
4073,163
4074,163
4075,163
4076,163
4077,163
4078,163
4079,163
4080,164
4081,164
4082,164
4083,164
4084,164
4085,164
4086,164
4087,164
4088,164
4089,164
4090,161
4091,161
4092,161
4093,161
4094,161
4095,161
4096,161
4097,161
4098,161
4099,161
4100,163
4101,163
4102,163
4103,163
4104,163
4105,163
4106,163
4107,163
4108,163
4109,163
4110,162
4111,162
4112,162
4113,162
4114,162
4115,162
4116,162
4117,162
4118,162
4119,162
4120,161
4121,161
4122,161
4123,161
4124,161
4125,161
4126,161
4127,161
4128,161
4129,161
4130,164
4131,164
4132,164
4133,164
4134,164
4135,164
4136,164
4137,164
4138,164
4139,164
4140,161
4141,161
4142,161
4143,161
4144,161
4145,161
4146,161
4147,161
4148,161
4149,161
4150,163
4151,163
4152,163
4153,163
4154,163
4155,163
4156,163
4157,163
4158,163
4159,163
4160,162
4161,162
4162,162
4163,162
4164,162
4165,162
4166,162
4167,162
4168,162
4169,162
4170,162
4171,162
4172,162
4173,162
4174,162
4175,162
4176,162
4177,162
4178,162
4179,162
4180,164
4181,164
4182,164
4183,164
4184,164
4185,164
4186,164
4187,164
4188,164
4189,164
4190,161
4191,161
4192,161
4193,161
4194,161
4195,161
4196,161
4197,161
4198,161
4199,161
4200,164
4201,164
4202,164
4203,164
4204,164
4205,164
4206,164
4207,164
4208,164
4209,164
4210,162
4211,162
4212,162
4213,162
4214,162
4215,162
4216,162
4217,162
4218,162
4219,162
4220,162
4221,162
4222,162
4223,162
4224,162
4225,162
4226,162
4227,162
4228,162
4229,162
4230,163
4231,163
4232,163
4233,163
4234,163
4235,163
4236,163
4237,163
4238,163
4239,163
4240,161
4241,161
4242,161
4243,161
4244,161
4245,161
4246,161
4247,161
4248,161
4249,161
4250,163
4251,163
4252,163
4253,163
4254,163
4255,163
4256,163
4257,163
4258,163
4259,163
4260,161
4261,161
4262,161
4263,161
4264,161
4265,161
4266,161
4267,161
4268,161
4269,161
4270,160
4271,160
4272,160
4273,160
4274,160
4275,160
4276,160
4277,160
4278,160
4279,160
4280,162
4281,162
4282,162
4283,162
4284,162
4285,162
4286,162
4287,162
4288,162
4289,162
4290,160
4291,160
4292,160
4293,160
4294,160
4295,160
4296,160
4297,160
4298,160
4299,160
4300,162
4301,162
4302,162
4303,162
4304,162
4305,162
4306,162
4307,162
4308,162
4309,162
4310,161
4311,161
4312,161
4313,161
4314,161
4315,161
4316,161
4317,161
4318,161
4319,161
4320,160
4321,160
4322,160
4323,160
4324,160
4325,160
4326,160
4327,160
4328,160
4329,160
4330,162
4331,162
4332,162
4333,162
4334,162
4335,162
4336,162
4337,162
4338,162
4339,162
4340,159
4341,159
4342,159
4343,159
4344,159
4345,159
4346,159
4347,159
4348,159
4349,159
4350,161
4351,161
4352,161
4353,161
4354,161
4355,161
4356,161
4357,161
4358,161
4359,161
4360,160
4361,160
4362,160
4363,160
4364,160
4365,160
4366,160
4367,160
4368,160
4369,160
4370,160
4371,160
4372,160
4373,160
4374,160
4375,160
4376,160
4377,160
4378,160
4379,160
4380,161
4381,161
4382,161
4383,161
4384,161
4385,161
4386,161
4387,161
4388,161
4389,161
4390,159
4391,159
4392,159
4393,159
4394,159
4395,159
4396,159
4397,159
4398,159
4399,159
4400,161
4401,161
4402,161
4403,161
4404,161
4405,161
4406,161
4407,161
4408,161
4409,161
4410,160
4411,160
4412,160
4413,160
4414,160
4415,160
4416,160
4417,160
4418,160
4419,160
4420,160
4421,160
4422,160
4423,160
4424,160
4425,160
4426,160
4427,160
4428,160
4429,160
4430,162
4431,162
4432,162
4433,162
4434,162
4435,162
4436,162
4437,162
4438,162
4439,162
4440,160
4441,160
4442,160
4443,160
4444,160
4445,160
4446,160
4447,160
4448,160
4449,160
4450,163
4451,163
4452,163
4453,163
4454,163
4455,163
4456,163
4457,163
4458,163
4459,163
4460,162
4461,162
4462,162
4463,162
4464,162
4465,162
4466,162
4467,162
4468,162
4469,162
4470,162
4471,162
4472,162
4473,162
4474,162
4475,162
4476,162
4477,162
4478,162
4479,162
4480,163
4481,163
4482,163
4483,163
4484,163
4485,163
4486,163
4487,163
4488,163
4489,163
4490,160
4491,160
4492,160
4493,160
4494,160
4495,160
4496,160
4497,160
4498,160
4499,160
4500,163
4501,163
4502,163
4503,163
4504,163
4505,163
4506,163
4507,163
4508,163
4509,163
4510,162
4511,162
4512,162
4513,162
4514,162
4515,162
4516,162
4517,162
4518,162
4519,162
4520,162
4521,162
4522,162
4523,162
4524,162
4525,162
4526,162
4527,162
4528,162
4529,162
4530,163
4531,163
4532,163
4533,163
4534,163
4535,163
4536,163
4537,163
4538,163
4539,163
4540,160
4541,160
4542,160
4543,160
4544,160
4545,160
4546,160
4547,160
4548,160
4549,160
4550,163
4551,163
4552,163
4553,163
4554,163
4555,163
4556,163
4557,163
4558,163
4559,163
4560,162
4561,162
4562,162
4563,162
4564,162
4565,162
4566,162
4567,162
4568,162
4569,162
4570,161
4571,161
4572,161
4573,161
4574,161
4575,161
4576,161
4577,161
4578,161
4579,161
4580,164
4581,164
4582,164
4583,164
4584,164
4585,164
4586,164
4587,164
4588,164
4589,164
4590,161
4591,161
4592,161
4593,161
4594,161
4595,161
4596,161
4597,161
4598,161
4599,161
4600,163
4601,163
4602,163
4603,163
4604,163
4605,163
4606,163
4607,163
4608,163
4609,163
4610,162
4611,162
4612,162
4613,162
4614,162
4615,162
4616,162
4617,162
4618,162
4619,162
4620,161
4621,161
4622,161
4623,161
4624,161
4625,161
4626,161
4627,161
4628,161
4629,161
4630,163
4631,163
4632,163
4633,163
4634,163
4635,163
4636,163
4637,163
4638,163
4639,163
4640,161
4641,161
4642,161
4643,161
4644,161
4645,161
4646,161
4647,161
4648,161
4649,161
4650,163
4651,163
4652,163
4653,163
4654,163
4655,163
4656,163
4657,163
4658,163
4659,163
4660,162
4661,162
4662,162
4663,162
4664,162
4665,162
4666,162
4667,162
4668,162
4669,162
4670,162
4671,162
4672,162
4673,162
4674,162
4675,162
4676,162
4677,162
4678,162
4679,162
4680,164
4681,164
4682,164
4683,164
4684,164
4685,164
4686,164
4687,164
4688,164
4689,164
4690,161
4691,161
4692,161
4693,161
4694,161
4695,161
4696,161
4697,161
4698,161
4699,161
4700,164
4701,164
4702,164
4703,164
4704,164
4705,164
4706,164
4707,164
4708,164
4709,164
4710,163
4711,163
4712,163
4713,163
4714,163
4715,163
4716,163
4717,163
4718,163
4719,163
4720,162
4721,162
4722,162
4723,162
4724,162
4725,162
4726,162
4727,162
4728,162
4729,162
4730,164
4731,164
4732,164
4733,164
4734,164
4735,164
4736,164
4737,164
4738,164
4739,164
4740,161
4741,161
4742,161
4743,161
4744,161
4745,161
4746,161
4747,161
4748,161
4749,161
4750,164
4751,164
4752,164
4753,164
4754,164
4755,164
4756,164
4757,164
4758,164
4759,164
4760,163
4761,163
4762,163
4763,163
4764,163
4765,163
4766,163
4767,163
4768,163
4769,163
4770,162
4771,162
4772,162
4773,162
4774,162
4775,162
4776,162
4777,162
4778,162
4779,162
4780,164
4781,164
4782,164
4783,164
4784,164
4785,164
4786,164
4787,164
4788,164
4789,164
4790,161
4791,161
4792,161
4793,161
4794,161
4795,161
4796,161
4797,161
4798,161
4799,161
4800,164
4801,164
4802,164
4803,164
4804,164
4805,164
4806,164
4807,164
4808,164
4809,164
4810,162
4811,162
4812,162
4813,162
4814,162
4815,162
4816,162
4817,162
4818,162
4819,162
4820,161
4821,161
4822,161
4823,161
4824,161
4825,161
4826,161
4827,161
4828,161
4829,161
4830,163
4831,163
4832,163
4833,163
4834,163
4835,163
4836,163
4837,163
4838,163
4839,163
4840,160
4841,160
4842,160
4843,160
4844,160
4845,160
4846,160
4847,160
4848,160
4849,160
4850,163
4851,163
4852,163
4853,163
4854,163
4855,163
4856,163
4857,163
4858,163
4859,163
4860,162
4861,162
4862,162
4863,162
4864,162
4865,162
4866,162
4867,162
4868,162
4869,162
4870,161
4871,161
4872,161
4873,161
4874,161
4875,161
4876,161
4877,161
4878,161
4879,161
4880,163
4881,163
4882,163
4883,163
4884,163
4885,163
4886,163
4887,163
4888,163
4889,163
4890,160
4891,160
4892,160
4893,160
4894,160
4895,160
4896,160
4897,160
4898,160
4899,160
4900,162
4901,162
4902,162
4903,162
4904,162
4905,162
4906,162
4907,162
4908,162
4909,162
4910,160
4911,160
4912,160
4913,160
4914,160
4915,160
4916,160
4917,160
4918,160
4919,160
4920,160
4921,160
4922,160
4923,160
4924,160
4925,160
4926,160
4927,160
4928,160
4929,160
4930,161
4931,161
4932,161
4933,161
4934,161
4935,161
4936,161
4937,161
4938,161
4939,161
4940,159
4941,159
4942,159
4943,159
4944,159
4945,159
4946,159
4947,159
4948,159
4949,159
4950,161
4951,161
4952,161
4953,161
4954,161
4955,161
4956,161
4957,161
4958,161
4959,161
4960,160
4961,160
4962,160
4963,160
4964,160
4965,160
4966,160
4967,160
4968,160
4969,160
4970,160
4971,160
4972,160
4973,160
4974,160
4975,160
4976,160
4977,160
4978,160
4979,160
4980,162
4981,162
4982,162
4983,162
4984,162
4985,162
4986,162
4987,162
4988,162
4989,162
4990,159
4991,159
4992,159
4993,159
4994,159
4995,159
4996,159
4997,159
4998,159
4999,159
5000,161
