1,0
2,0
3,0
4,0
5,0
6,0
7,0
8,0
9,0
10,19
11,19
12,19
13,19
14,19
15,19
16,19
17,19
18,19
19,19
20,88
21,88
22,88
23,88
24,88
25,88
26,88
27,88
28,88
29,88
30,143
31,143
32,143
33,143
34,143
35,143
36,143
37,143
38,143
39,143
40,181
41,181
42,181
43,181
44,181
45,181
46,181
47,181
48,181
49,181
50,200
51,200
52,200
53,200
54,200
55,200
56,200
57,200
58,200
59,200
60,211
61,211
62,211
63,211
64,211
65,211
66,211
67,211
68,211
69,211
70,217
71,217
72,217
73,217
74,217
75,217
76,217
77,217
78,217
79,217
80,224
81,224
82,224
83,224
84,224
85,224
86,224
87,224
88,224
89,224
90,235
91,235
92,235
93,235
94,235
95,235
96,235
97,235
98,235
99,235
100,238
101,238
102,238
103,238
104,238
105,238
106,238
107,238
108,238
109,238
110,239
111,239
112,239
113,239
114,239
115,239
116,239
117,239
118,239
119,239
120,239
121,239
122,239
123,239
124,239
125,239
126,239
127,239
128,239
129,239
130,241
131,241
132,241
133,241
134,241
135,241
136,241
137,241
138,241
139,241
140,250
141,250
142,250
143,250
144,250
145,250
146,250
147,250
148,250
149,250
150,251
151,251
152,251
153,251
154,251
155,251
156,251
157,251
158,251
159,251
160,251
161,251
162,251
163,251
164,251
165,251
166,251
167,251
168,251
169,251
170,248
171,248
172,248
173,248
174,248
175,248
176,248
177,248
178,248
179,248
180,248
181,248
182,248
183,248
184,248
185,248
186,248
187,248
188,248
189,248
190,255
191,255
192,255
193,255
194,255
195,255
196,255
197,255
198,255
199,255
200,256
201,256
202,256
203,256
204,256
205,256
206,256
207,256
208,256
209,256
210,254
211,254
212,254
213,254
214,254
215,254
216,254
217,254
218,254
219,254
220,252
221,252
222,252
223,252
224,252
225,252
226,252
227,252
228,252
229,252
230,250
231,250
232,250
233,250
234,250
235,250
236,250
237,250
238,250
239,250
240,259
241,259
242,259
243,259
244,259
245,259
246,259
247,259
248,259
249,259
250,260
251,260
252,260
253,260
254,260
255,260
256,260
257,260
258,260
259,260
260,258
261,258
262,258
263,258
264,258
265,258
266,258
267,258
268,258
269,258
270,256
271,256
272,256
273,256
274,256
275,256
276,256
277,256
278,256
279,256
280,253
281,253
282,253
283,253
284,253
285,253
286,253
287,253
288,253
289,253
290,260
291,260
292,260
293,260
294,260
295,260
296,260
297,260
298,260
299,260
300,261
301,261
302,261
303,261
304,261
305,261
306,261
307,261
308,261
309,261
310,259
311,259
312,259
313,259
314,259
315,259
316,259
317,259
318,259
319,259
320,256
321,256
322,256
323,256
324,256
325,256
326,256
327,256
328,256
329,256
330,254
331,254
332,254
333,254
334,254
335,254
336,254
337,254
338,254
339,254
340,260
341,260
342,260
343,260
344,260
345,260
346,260
347,260
348,260
349,260
350,263
351,263
352,263
353,263
354,263
355,263
356,263
357,263
358,263
359,263
360,261
361,261
362,261
363,261
364,261
365,261
366,261
367,261
368,261
369,261
370,259
371,259
372,259
373,259
374,259
375,259
376,259
377,259
378,259
379,259
380,256
381,256
382,256
383,256
384,256
385,256
386,256
387,256
388,256
389,256
390,261
391,261
392,261
393,261
394,261
395,261
396,261
397,261
398,261
399,261
400,263
401,263
402,263
403,263
404,263
405,263
406,263
407,263
408,263
409,263
410,261
411,261
412,261
413,261
414,261
415,261
416,261
417,261
418,261
419,261
420,259
421,259
422,259
423,259
424,259
425,259
426,259
427,259
428,259
429,259
430,255
431,255
432,255
433,255
434,255
435,255
436,255
437,255
438,255
439,255
440,260
441,260
442,260
443,260
444,260
445,260
446,260
447,260
448,260
449,260
450,264
451,264
452,264
453,264
454,264
455,264
456,264
457,264
458,264
459,264
460,262
461,262
462,262
463,262
464,262
465,262
466,262
467,262
468,262
469,262
470,260
471,260
472,260
473,260
474,260
475,260
476,260
477,260
478,260
479,260
480,256
481,256
482,256
483,256
484,256
485,256
486,256
487,256
488,256
489,256
490,259
491,259
492,259
493,259
494,259
495,259
496,259
497,259
498,259
499,259
500,263
501,263
502,263
503,263
504,263
505,263
506,263
507,263
508,263
509,263
510,262
511,262
512,262
513,262
514,262
515,262
516,262
517,262
518,262
519,262
520,259
521,259
522,259
523,259
524,259
525,259
526,259
527,259
528,259
529,259
530,255
531,255
532,255
533,255
534,255
535,255
536,255
537,255
538,255
539,255
540,256
541,256
542,256
543,256
544,256
545,256
546,256
547,256
548,256
549,256
550,263
551,263
552,263
553,263
554,263
555,263
556,263
557,263
558,263
559,263
560,261
561,261
562,261
563,261
564,261
565,261
566,261
567,261
568,261
569,261
570,259
571,259
572,259
573,259
574,259
575,259
576,259
577,259
578,259
579,259
580,256
581,256
582,256
583,256
584,256
585,256
586,256
587,256
588,256
589,256
590,256
591,256
592,256
593,256
594,256
595,256
596,256
597,256
598,256
599,256
600,262
601,262
602,262
603,262
604,262
605,262
606,262
607,262
608,262
609,262
610,261
611,261
612,261
613,261
614,261
615,261
616,261
617,261
618,261
619,261
620,258
621,258
622,258
623,258
624,258
625,258
626,258
627,258
628,258
629,258
630,253
631,253
632,253
633,253
634,253
635,253
636,253
637,253
638,253
639,253
640,253
641,253
642,253
643,253
644,253
645,253
646,253
647,253
648,253
649,253
650,262
651,262
652,262
653,262
654,262
655,262
656,262
657,262
658,262
659,262
660,261
661,261
662,261
663,261
664,261
665,261
666,261
667,261
668,261
669,261
670,259
671,259
672,259
673,259
674,259
675,259
676,259
677,259
678,259
679,259
680,255
681,255
682,255
683,255
684,255
685,255
686,255
687,255
688,255
689,255
690,253
691,253
692,253
693,253
694,253
695,253
696,253
697,253
698,253
699,253
700,261
701,261
702,261
703,261
704,261
705,261
706,261
707,261
708,261
709,261
710,260
711,260
712,260
713,260
714,260
715,260
716,260
717,260
718,260
719,260
720,258
721,258
722,258
723,258
724,258
725,258
726,258
727,258
728,258
729,258
730,254
731,254
732,254
733,254
734,254
735,254
736,254
737,254
738,254
739,254
740,252
741,252
742,252
743,252
744,252
745,252
746,252
747,252
748,252
749,252
750,261
751,261
752,261
753,261
754,261
755,261
756,261
757,261
758,261
759,261
760,261
761,261
762,261
763,261
764,261
765,261
766,261
767,261
768,261
769,261
770,259
771,259
772,259
773,259
774,259
775,259
776,259
777,259
778,259
779,259
780,256
781,256
782,256
783,256
784,256
785,256
786,256
787,256
788,256
789,256
790,253
791,253
792,253
793,253
794,253
795,253
796,253
797,253
798,253
799,253
800,260
801,260
802,260
803,260
804,260
805,260
806,260
807,260
808,260
809,260
810,261
811,261
812,261
813,261
814,261
815,261
816,261
817,261
818,261
819,261
820,258
821,258
822,258
823,258
824,258
825,258
826,258
827,258
828,258
829,258
830,255
831,255
832,255
833,255
834,255
835,255
836,255
837,255
838,255
839,255
840,252
841,252
842,252
843,252
844,252
845,252
846,252
847,252
848,252
849,252
850,260
851,260
852,260
853,260
854,260
855,260
856,260
857,260
858,260
859,260
860,262
861,262
862,262
863,262
864,262
865,262
866,262
867,262
868,262
869,262
870,260
871,260
872,260
873,260
874,260
875,260
876,260
877,260
878,260
879,260
880,257
881,257
882,257
883,257
884,257
885,257
886,257
887,257
888,257
889,257
890,254
891,254
892,254
893,254
894,254
895,254
896,254
897,254
898,254
899,254
900,259
901,259
902,259
903,259
904,259
905,259
906,259
907,259
908,259
909,259
910,262
911,262
912,262
913,262
914,262
915,262
916,262
917,262
918,262
919,262
920,259
921,259
922,259
923,259
924,259
925,259
926,259
927,259
928,259
929,259
930,257
931,257
932,257
933,257
934,257
935,257
936,257
937,257
938,257
939,257
940,252
941,252
942,252
943,252
944,252
945,252
946,252
947,252
948,252
949,252
950,258
951,258
952,258
953,258
954,258
955,258
956,258
957,258
958,258
959,258
960,263
961,263
962,263
963,263
964,263
965,263
966,263
967,263
968,263
969,263
970,262
971,262
972,262
973,262
974,262
975,262
976,262
977,262
978,262
979,262
980,260
981,260
982,260
983,260
984,260
985,260
986,260
987,260
988,260
989,260
990,256
991,256
992,256
993,256
994,256
995,256
996,256
997,256
998,256
999,256
1000,259
1001,259
1002,259
1003,259
1004,259
1005,259
1006,259
1007,259
1008,259
1009,259
1010,263
1011,263
1012,263
1013,263
1014,263
1015,263
1016,263
1017,263
1018,263
1019,263
1020,262
1021,262
1022,262
1023,262
1024,262
1025,262
1026,262
1027,262
1028,262
1029,262
1030,259
1031,259
1032,259
1033,259
1034,259
1035,259
1036,259
1037,259
1038,259
1039,259
1040,255
1041,255
1042,255
1043,255
1044,255
1045,255
1046,255
1047,255
1048,255
1049,255
1050,257
1051,257
1052,257
1053,257
1054,257
1055,257
1056,257
1057,257
1058,257
1059,257
1060,265
1061,265
1062,265
1063,265
1064,265
1065,265
1066,265
1067,265
1068,265
1069,265
1070,264
1071,264
1072,264
1073,264
1074,264
1075,264
1076,264
1077,264
1078,264
1079,264
1080,262
1081,262
1082,262
1083,262
1084,262
1085,262
1086,262
1087,262
1088,262
1089,262
1090,259
1091,259
1092,259
1093,259
1094,259
1095,259
1096,259
1097,259
1098,259
1099,259
1100,259
1101,259
1102,259
1103,259
1104,259
1105,259
1106,259
1107,259
1108,259
1109,259
1110,266
1111,266
1112,266
1113,266
1114,266
1115,266
1116,266
1117,266
1118,266
1119,266
1120,264
1121,264
1122,264
1123,264
1124,264
1125,264
1126,264
1127,264
1128,264
1129,264
1130,262
1131,262
1132,262
1133,262
1134,262
1135,262
1136,262
1137,262
1138,262
1139,262
1140,259
1141,259
1142,259
1143,259
1144,259
1145,259
1146,259
1147,259
1148,259
1149,259
1150,259
1151,259
1152,259
1153,259
1154,259
1155,259
1156,259
1157,259
1158,259
1159,259
1160,267
1161,267
1162,267
1163,267
1164,267
1165,267
1166,267
1167,267
1168,267
1169,267
1170,267
1171,267
1172,267
1173,267
1174,267
1175,267
1176,267
1177,267
1178,267
1179,267
1180,265
1181,265
1182,265
1183,265
1184,265
1185,265
1186,265
1187,265
1188,265
1189,265
1190,262
1191,262
1192,262
1193,262
1194,262
1195,262
1196,262
1197,262
1198,262
1199,262
1200,260
1201,260
1202,260
1203,260
1204,260
1205,260
1206,260
1207,260
1208,260
1209,260
1210,267
1211,267
1212,267
1213,267
1214,267
1215,267
1216,267
1217,267
1218,267
1219,267
1220,266
1221,266
1222,266
1223,266
1224,266
1225,266
1226,266
1227,266
1228,266
1229,266
1230,264
1231,264
1232,264
1233,264
1234,264
1235,264
1236,264
1237,264
1238,264
1239,264
1240,261
1241,261
1242,261
1243,261
1244,261
1245,261
1246,261
1247,261
1248,261
1249,261
1250,259
1251,259
1252,259
1253,259
1254,259
1255,259
1256,259
1257,259
1258,259
1259,259
1260,267
1261,267
1262,267
1263,267
1264,267
1265,267
1266,267
1267,267
1268,267
1269,267
1270,267
1271,267
1272,267
1273,267
1274,267
1275,267
1276,267
1277,267
1278,267
1279,267
1280,265
1281,265
1282,265
1283,265
1284,265
1285,265
1286,265
1287,265
1288,265
1289,265
1290,263
1291,263
1292,263
1293,263
1294,263
1295,263
1296,263
1297,263
1298,263
1299,263
1300,259
1301,259
1302,259
1303,259
1304,259
1305,259
1306,259
1307,259
1308,259
1309,259
1310,266
1311,266
1312,266
1313,266
1314,266
1315,266
1316,266
1317,266
1318,266
1319,266
1320,266
1321,266
1322,266
1323,266
1324,266
1325,266
1326,266
1327,266
1328,266
1329,266
1330,264
1331,264
1332,264
1333,264
1334,264
1335,264
1336,264
1337,264
1338,264
1339,264
1340,261
1341,261
1342,261
1343,261
1344,261
1345,261
1346,261
1347,261
1348,261
1349,261
1350,258
1351,258
1352,258
1353,258
1354,258
1355,258
1356,258
1357,258
1358,258
1359,258
1360,265
1361,265
1362,265
1363,265
1364,265
1365,265
1366,265
1367,265
1368,265
1369,265
1370,268
1371,268
1372,268
1373,268
1374,268
1375,268
1376,268
1377,268
1378,268
1379,268
1380,266
1381,266
1382,266
1383,266
1384,266
1385,266
1386,266
1387,266
1388,266
1389,266
1390,263
1391,263
1392,263
1393,263
1394,263
1395,263
1396,263
1397,263
1398,263
1399,263
1400,260
1401,260
1402,260
1403,260
1404,260
1405,260
1406,260
1407,260
1408,260
1409,260
1410,264
1411,264
1412,264
1413,264
1414,264
1415,264
1416,264
1417,264
1418,264
1419,264
1420,267
1421,267
1422,267
1423,267
1424,267
1425,267
1426,267
1427,267
1428,267
1429,267
1430,265
1431,265
1432,265
1433,265
1434,265
1435,265
1436,265
1437,265
1438,265
1439,265
1440,262
1441,262
1442,262
1443,262
1444,262
1445,262
1446,262
1447,262
1448,262
1449,262
1450,258
1451,258
1452,258
1453,258
1454,258
1455,258
1456,258
1457,258
1458,258
1459,258
1460,263
1461,263
1462,263
1463,263
1464,263
1465,263
1466,263
1467,263
1468,263
1469,263
1470,268
1471,268
1472,268
1473,268
1474,268
1475,268
1476,268
1477,268
1478,268
1479,268
1480,266
1481,266
1482,266
1483,266
1484,266
1485,266
1486,266
1487,266
1488,266
1489,266
1490,264
1491,264
1492,264
1493,264
1494,264
1495,264
1496,264
1497,264
1498,264
1499,264
1500,259
1501,259
1502,259
1503,259
1504,259
1505,259
1506,259
1507,259
1508,259
1509,259
1510,261
1511,261
1512,261
1513,261
1514,261
1515,261
1516,261
1517,261
1518,261
1519,261
1520,266
1521,266
1522,266
1523,266
1524,266
1525,266
1526,266
1527,266
1528,266
1529,266
1530,264
1531,264
1532,264
1533,264
1534,264
1535,264
1536,264
1537,264
1538,264
1539,264
1540,261
1541,261
1542,261
1543,261
1544,261
1545,261
1546,261
1547,261
1548,261
1549,261
1550,257
1551,257
1552,257
1553,257
1554,257
1555,257
1556,257
1557,257
1558,257
1559,257
1560,260
1561,260
1562,260
1563,260
1564,260
1565,260
1566,260
1567,260
1568,260
1569,260
1570,267
1571,267
1572,267
1573,267
1574,267
1575,267
1576,267
1577,267
1578,267
1579,267
1580,265
1581,265
1582,265
1583,265
1584,265
1585,265
1586,265
1587,265
1588,265
1589,265
1590,261
1591,261
1592,261
1593,261
1594,261
1595,261
1596,261
1597,261
1598,261
1599,261
1600,258
1601,258
1602,258
1603,258
1604,258
1605,258
1606,258
1607,258
1608,258
1609,258
1610,258
1611,258
1612,258
1613,258
1614,258
1615,258
1616,258
1617,258
1618,258
1619,258
1620,264
1621,264
1622,264
1623,264
1624,264
1625,264
1626,264
1627,264
1628,264
1629,264
1630,263
1631,263
1632,263
1633,263
1634,263
1635,263
1636,263
1637,263
1638,263
1639,263
1640,260
1641,260
1642,260
1643,260
1644,260
1645,260
1646,260
1647,260
1648,260
1649,260
1650,257
1651,257
1652,257
1653,257
1654,257
1655,257
1656,257
1657,257
1658,257
1659,257
1660,256
1661,256
1662,256
1663,256
1664,256
1665,256
1666,256
1667,256
1668,256
1669,256
1670,264
1671,264
1672,264
1673,264
1674,264
1675,264
1676,264
1677,264
1678,264
1679,264
1680,262
1681,262
1682,262
1683,262
1684,262
1685,262
1686,262
1687,262
1688,262
1689,262
1690,260
1691,260
1692,260
1693,260
1694,260
1695,260
1696,260
1697,260
1698,260
1699,260
1700,257
1701,257
1702,257
1703,257
1704,257
1705,257
1706,257
1707,257
1708,257
1709,257
1710,255
1711,255
1712,255
1713,255
1714,255
1715,255
1716,255
1717,255
1718,255
1719,255
1720,262
1721,262
1722,262
1723,262
1724,262
1725,262
1726,262
1727,262
1728,262
1729,262
1730,261
1731,261
1732,261
1733,261
1734,261
1735,261
1736,261
1737,261
1738,261
1739,261
1740,259
1741,259
1742,259
1743,259
1744,259
1745,259
1746,259
1747,259
1748,259
1749,259
1750,256
1751,256
1752,256
1753,256
1754,256
1755,256
1756,256
1757,256
1758,256
1759,256
1760,254
1761,254
1762,254
1763,254
1764,254
1765,254
1766,254
1767,254
1768,254
1769,254
1770,262
1771,262
1772,262
1773,262
1774,262
1775,262
1776,262
1777,262
1778,262
1779,262
1780,263
1781,263
1782,263
1783,263
1784,263
1785,263
1786,263
1787,263
1788,263
1789,263
1790,261
1791,261
1792,261
1793,261
1794,261
1795,261
1796,261
1797,261
1798,261
1799,261
1800,258
1801,258
1802,258
1803,258
1804,258
1805,258
1806,258
1807,258
1808,258
1809,258
1810,254
1811,254
1812,254
1813,254
1814,254
1815,254
1816,254
1817,254
1818,254
1819,254
1820,261
1821,261
1822,261
1823,261
1824,261
1825,261
1826,261
1827,261
1828,261
1829,261
1830,262
1831,262
1832,262
1833,262
1834,262
1835,262
1836,262
1837,262
1838,262
1839,262
1840,260
1841,260
1842,260
1843,260
1844,260
1845,260
1846,260
1847,260
1848,260
1849,260
1850,256
1851,256
1852,256
1853,256
1854,256
1855,256
1856,256
1857,256
1858,256
1859,256
1860,253
1861,253
1862,253
1863,253
1864,253
1865,253
1866,253
1867,253
1868,253
1869,253
1870,261
1871,261
1872,261
1873,261
1874,261
1875,261
1876,261
1877,261
1878,261
1879,261
1880,263
1881,263
1882,263
1883,263
1884,263
1885,263
1886,263
1887,263
1888,263
1889,263
1890,261
1891,261
1892,261
1893,261
1894,261
1895,261
1896,261
1897,261
1898,261
1899,261
1900,258
1901,258
1902,258
1903,258
1904,258
1905,258
1906,258
1907,258
1908,258
1909,258
1910,254
1911,254
1912,254
1913,254
1914,254
1915,254
1916,254
1917,254
1918,254
1919,254
1920,260
1921,260
1922,260
1923,260
1924,260
1925,260
1926,260
1927,260
1928,260
1929,260
1930,262
1931,262
1932,262
1933,262
1934,262
1935,262
1936,262
1937,262
1938,262
1939,262
1940,260
1941,260
1942,260
1943,260
1944,260
1945,260
1946,260
1947,260
1948,260
1949,260
1950,257
1951,257
1952,257
1953,257
1954,257
1955,257
1956,257
1957,257
1958,257
1959,257
1960,253
1961,253
1962,253
1963,253
1964,253
1965,253
1966,253
1967,253
1968,253
1969,253
1970,259
1971,259
1972,259
1973,259
1974,259
1975,259
1976,259
1977,259
1978,259
1979,259
1980,264
1981,264
1982,264
1983,264
1984,264
1985,264
1986,264
1987,264
1988,264
1989,264
1990,261
1991,261
1992,261
1993,261
1994,261
1995,261
1996,261
1997,261
1998,261
1999,261
2000,259
2001,259
2002,259
2003,259
2004,259
2005,259
2006,259
2007,259
2008,259
2009,259
2010,255
2011,255
2012,255
2013,255
2014,255
2015,255
2016,255
2017,255
2018,255
2019,255
2020,259
2021,259
2022,259
2023,259
2024,259
2025,259
2026,259
2027,259
2028,259
2029,259
2030,264
2031,264
2032,264
2033,264
2034,264
2035,264
2036,264
2037,264
2038,264
2039,264
2040,262
2041,262
2042,262
2043,262
2044,262
2045,262
2046,262
2047,262
2048,262
2049,262
2050,259
2051,259
2052,259
2053,259
2054,259
2055,259
2056,259
2057,259
2058,259
2059,259
2060,256
2061,256
2062,256
2063,256
2064,256
2065,256
2066,256
2067,256
2068,256
2069,256
2070,258
2071,258
2072,258
2073,258
2074,258
2075,258
2076,258
2077,258
2078,258
2079,258
2080,265
2081,265
2082,265
2083,265
2084,265
2085,265
2086,265
2087,265
2088,265
2089,265
2090,263
2091,263
2092,263
2093,263
2094,263
2095,263
2096,263
2097,263
2098,263
2099,263
2100,261
2101,261
2102,261
2103,261
2104,261
2105,261
2106,261
2107,261
2108,261
2109,261
2110,259
2111,259
2112,259
2113,259
2114,259
2115,259
2116,259
2117,259
2118,259
2119,259
2120,259
2121,259
2122,259
2123,259
2124,259
2125,259
2126,259
2127,259
2128,259
2129,259
2130,266
2131,266
2132,266
2133,266
2134,266
2135,266
2136,266
2137,266
2138,266
2139,266
2140,264
2141,264
2142,264
2143,264
2144,264
2145,264
2146,264
2147,264
2148,264
2149,264
2150,262
2151,262
2152,262
2153,262
2154,262
2155,262
2156,262
2157,262
2158,262
2159,262
2160,259
2161,259
2162,259
2163,259
2164,259
2165,259
2166,259
2167,259
2168,259
2169,259
2170,258
2171,258
2172,258
2173,258
2174,258
2175,258
2176,258
2177,258
2178,258
2179,258
2180,266
2181,266
2182,266
2183,266
2184,266
2185,266
2186,266
2187,266
2188,266
2189,266
2190,266
2191,266
2192,266
2193,266
2194,266
2195,266
2196,266
2197,266
2198,266
2199,266
2200,265
2201,265
2202,265
2203,265
2204,265
2205,265
2206,265
2207,265
2208,265
2209,265
2210,262
2211,262
2212,262
2213,262
2214,262
2215,262
2216,262
2217,262
2218,262
2219,262
2220,260
2221,260
2222,260
2223,260
2224,260
2225,260
2226,260
2227,260
2228,260
2229,260
2230,267
2231,267
2232,267
2233,267
2234,267
2235,267
2236,267
2237,267
2238,267
2239,267
2240,266
2241,266
2242,266
2243,266
2244,266
2245,266
2246,266
2247,266
2248,266
2249,266
2250,264
2251,264
2252,264
2253,264
2254,264
2255,264
2256,264
2257,264
2258,264
2259,264
2260,261
2261,261
2262,261
2263,261
2264,261
2265,261
2266,261
2267,261
2268,261
2269,261
2270,259
2271,259
2272,259
2273,259
2274,259
2275,259
2276,259
2277,259
2278,259
2279,259
2280,267
2281,267
2282,267
2283,267
2284,267
2285,267
2286,267
2287,267
2288,267
2289,267
2290,267
2291,267
2292,267
2293,267
2294,267
2295,267
2296,267
2297,267
2298,267
2299,267
2300,266
2301,266
2302,266
2303,266
2304,266
2305,266
2306,266
2307,266
2308,266
2309,266
2310,263
2311,263
2312,263
2313,263
2314,263
2315,263
2316,263
2317,263
2318,263
2319,263
2320,260
2321,260
2322,260
2323,260
2324,260
2325,260
2326,260
2327,260
2328,260
2329,260
2330,266
2331,266
2332,266
2333,266
2334,266
2335,266
2336,266
2337,266
2338,266
2339,266
2340,267
2341,267
2342,267
2343,267
2344,267
2345,267
2346,267
2347,267
2348,267
2349,267
2350,264
2351,264
2352,264
2353,264
2354,264
2355,264
2356,264
2357,264
2358,264
2359,264
2360,262
2361,262
2362,262
2363,262
2364,262
2365,262
2366,262
2367,262
2368,262
2369,262
2370,258
2371,258
2372,258
2373,258
2374,258
2375,258
2376,258
2377,258
2378,258
2379,258
2380,266
2381,266
2382,266
2383,266
2384,266
2385,266
2386,266
2387,266
2388,266
2389,266
2390,268
2391,268
2392,268
2393,268
2394,268
2395,268
2396,268
2397,268
2398,268
2399,268
2400,266
2401,266
2402,266
2403,266
2404,266
2405,266
2406,266
2407,266
2408,266
2409,266
2410,264
2411,264
2412,264
2413,264
2414,264
2415,264
2416,264
2417,264
2418,264
2419,264
2420,260
2421,260
2422,260
2423,260
2424,260
2425,260
2426,260
2427,260
2428,260
2429,260
2430,265
2431,265
2432,265
2433,265
2434,265
2435,265
2436,265
2437,265
2438,265
2439,265
2440,267
2441,267
2442,267
2443,267
2444,267
2445,267
2446,267
2447,267
2448,267
2449,267
2450,265
2451,265
2452,265
2453,265
2454,265
2455,265
2456,265
2457,265
2458,265
2459,265
2460,263
2461,263
2462,263
2463,263
2464,263
2465,263
2466,263
2467,263
2468,263
2469,263
2470,259
2471,259
2472,259
2473,259
2474,259
2475,259
2476,259
2477,259
2478,259
2479,259
2480,264
2481,264
2482,264
2483,264
2484,264
2485,264
2486,264
2487,264
2488,264
2489,264
2490,268
2491,268
2492,268
2493,268
2494,268
2495,268
2496,268
2497,268
2498,268
2499,268
2500,267
2501,267
2502,267
2503,267
2504,267
2505,267
2506,267
2507,267
2508,267
2509,267
2510,264
2511,264
2512,264
2513,264
2514,264
2515,264
2516,264
2517,264
2518,264
2519,264
2520,261
2521,261
2522,261
2523,261
2524,261
2525,261
2526,261
2527,261
2528,261
2529,261
2530,263
2531,263
2532,263
2533,263
2534,263
2535,263
2536,263
2537,263
2538,263
2539,263
2540,267
2541,267
2542,267
2543,267
2544,267
2545,267
2546,267
2547,267
2548,267
2549,267
2550,264
2551,264
2552,264
2553,264
2554,264
2555,264
2556,264
2557,264
2558,264
2559,264
2560,262
2561,262
2562,262
2563,262
2564,262
2565,262
2566,262
2567,262
2568,262
2569,262
2570,258
2571,258
2572,258
2573,258
2574,258
2575,258
2576,258
2577,258
2578,258
2579,258
2580,260
2581,260
2582,260
2583,260
2584,260
2585,260
2586,260
2587,260
2588,260
2589,260
2590,267
2591,267
2592,267
2593,267
2594,267
2595,267
2596,267
2597,267
2598,267
2599,267
2600,265
2601,265
2602,265
2603,265
2604,265
2605,265
2606,265
2607,265
2608,265
2609,265
2610,263
2611,263
2612,263
2613,263
2614,263
2615,263
2616,263
2617,263
2618,263
2619,263
2620,260
2621,260
2622,260
2623,260
2624,260
2625,260
2626,260
2627,260
2628,260
2629,260
2630,259
2631,259
2632,259
2633,259
2634,259
2635,259
2636,259
2637,259
2638,259
2639,259
2640,265
2641,265
2642,265
2643,265
2644,265
2645,265
2646,265
2647,265
2648,265
2649,265
2650,263
2651,263
2652,263
2653,263
2654,263
2655,263
2656,263
2657,263
2658,263
2659,263
2660,260
2661,260
2662,260
2663,260
2664,260
2665,260
2666,260
2667,260
2668,260
2669,260
2670,257
2671,257
2672,257
2673,257
2674,257
2675,257
2676,257
2677,257
2678,257
2679,257
2680,257
2681,257
2682,257
2683,257
2684,257
2685,257
2686,257
2687,257
2688,257
2689,257
2690,265
2691,265
2692,265
2693,265
2694,265
2695,265
2696,265
2697,265
2698,265
2699,265
2700,264
2701,264
2702,264
2703,264
2704,264
2705,264
2706,264
2707,264
2708,264
2709,264
2710,262
2711,262
2712,262
2713,262
2714,262
2715,262
2716,262
2717,262
2718,262
2719,262
2720,257
2721,257
2722,257
2723,257
2724,257
2725,257
2726,257
2727,257
2728,257
2729,257
2730,255
2731,255
2732,255
2733,255
2734,255
2735,255
2736,255
2737,255
2738,255
2739,255
2740,262
2741,262
2742,262
2743,262
2744,262
2745,262
2746,262
2747,262
2748,262
2749,262
2750,262
2751,262
2752,262
2753,262
2754,262
2755,262
2756,262
2757,262
2758,262
2759,262
2760,259
2761,259
2762,259
2763,259
2764,259
2765,259
2766,259
2767,259
2768,259
2769,259
2770,256
2771,256
2772,256
2773,256
2774,256
2775,256
2776,256
2777,256
2778,256
2779,256
2780,253
2781,253
2782,253
2783,253
2784,253
2785,253
2786,253
2787,253
2788,253
2789,253
2790,262
2791,262
2792,262
2793,262
2794,262
2795,262
2796,262
2797,262
2798,262
2799,262
2800,263
2801,263
2802,263
2803,263
2804,263
2805,263
2806,263
2807,263
2808,263
2809,263
2810,261
2811,261
2812,261
2813,261
2814,261
2815,261
2816,261
2817,261
2818,261
2819,261
2820,257
2821,257
2822,257
2823,257
2824,257
2825,257
2826,257
2827,257
2828,257
2829,257
2830,254
2831,254
2832,254
2833,254
2834,254
2835,254
2836,254
2837,254
2838,254
2839,254
2840,261
2841,261
2842,261
2843,261
2844,261
2845,261
2846,261
2847,261
2848,261
2849,261
2850,262
2851,262
2852,262
2853,262
2854,262
2855,262
2856,262
2857,262
2858,262
2859,262
2860,260
2861,260
2862,260
2863,260
2864,260
2865,260
2866,260
2867,260
2868,260
2869,260
2870,256
2871,256
2872,256
2873,256
2874,256
2875,256
2876,256
2877,256
2878,256
2879,256
2880,253
2881,253
2882,253
2883,253
2884,253
2885,253
2886,253
2887,253
2888,253
2889,253
2890,261
2891,261
2892,261
2893,261
2894,261
2895,261
2896,261
2897,261
2898,261
2899,261
2900,263
2901,263
2902,263
2903,263
2904,263
2905,263
2906,263
2907,263
2908,263
2909,263
2910,261
2911,261
2912,261
2913,261
2914,261
2915,261
2916,261
2917,261
2918,261
2919,261
2920,258
2921,258
2922,258
2923,258
2924,258
2925,258
2926,258
2927,258
2928,258
2929,258
2930,254
2931,254
2932,254
2933,254
2934,254
2935,254
2936,254
2937,254
2938,254
2939,254
2940,260
2941,260
2942,260
2943,260
2944,260
2945,260
2946,260
2947,260
2948,260
2949,260
2950,262
2951,262
2952,262
2953,262
2954,262
2955,262
2956,262
2957,262
2958,262
2959,262
2960,260
2961,260
2962,260
2963,260
2964,260
2965,260
2966,260
2967,260
2968,260
2969,260
2970,257
2971,257
2972,257
2973,257
2974,257
2975,257
2976,257
2977,257
2978,257
2979,257
2980,253
2981,253
2982,253
2983,253
2984,253
2985,253
2986,253
2987,253
2988,253
2989,253
2990,258
2991,258
2992,258
2993,258
2994,258
2995,258
2996,258
2997,258
2998,258
2999,258
3000,264
3001,264
3002,264
3003,264
3004,264
3005,264
3006,264
3007,264
3008,264
3009,264
3010,262
3011,262
3012,262
3013,262
3014,262
3015,262
3016,262
3017,262
3018,262
3019,262
3020,259
3021,259
3022,259
3023,259
3024,259
3025,259
3026,259
3027,259
3028,259
3029,259
3030,255
3031,255
3032,255
3033,255
3034,255
3035,255
3036,255
3037,255
3038,255
3039,255
3040,258
3041,258
3042,258
3043,258
3044,258
3045,258
3046,258
3047,258
3048,258
3049,258
3050,263
3051,263
3052,263
3053,263
3054,263
3055,263
3056,263
3057,263
3058,263
3059,263
3060,261
3061,261
3062,261
3063,261
3064,261
3065,261
3066,261
3067,261
3068,261
3069,261
3070,260
3071,260
3072,260
3073,260
3074,260
3075,260
3076,260
3077,260
3078,260
3079,260
3080,256
3081,256
3082,256
3083,256
3084,256
3085,256
3086,256
3087,256
3088,256
3089,256
3090,258
3091,258
3092,258
3093,258
3094,258
3095,258
3096,258
3097,258
3098,258
3099,258
3100,265
3101,265
3102,265
3103,265
3104,265
3105,265
3106,265
3107,265
3108,265
3109,265
3110,264
3111,264
3112,264
3113,264
3114,264
3115,264
3116,264
3117,264
3118,264
3119,264
3120,261
3121,261
3122,261
3123,261
3124,261
3125,261
3126,261
3127,261
3128,261
3129,261
3130,258
3131,258
3132,258
3133,258
3134,258
3135,258
3136,258
3137,258
3138,258
3139,258
3140,258
3141,258
3142,258
3143,258
3144,258
3145,258
3146,258
3147,258
3148,258
3149,258
3150,265
3151,265
3152,265
3153,265
3154,265
3155,265
3156,265
3157,265
3158,265
3159,265
3160,264
3161,264
3162,264
3163,264
3164,264
3165,264
3166,264
3167,264
3168,264
3169,264
3170,262
3171,262
3172,262
3173,262
3174,262
3175,262
3176,262
3177,262
3178,262
3179,262
3180,258
3181,258
3182,258
3183,258
3184,258
3185,258
3186,258
3187,258
3188,258
3189,258
3190,258
3191,258
3192,258
3193,258
3194,258
3195,258
3196,258
3197,258
3198,258
3199,258
3200,266
3201,266
3202,266
3203,266
3204,266
3205,266
3206,266
3207,266
3208,266
3209,266
3210,266
3211,266
3212,266
3213,266
3214,266
3215,266
3216,266
3217,266
3218,266
3219,266
3220,263
3221,263
3222,263
3223,263
3224,263
3225,263
3226,263
3227,263
3228,263
3229,263
3230,260
3231,260
3232,260
3233,260
3234,260
3235,260
3236,260
3237,260
3238,260
3239,260
3240,259
3241,259
3242,259
3243,259
3244,259
3245,259
3246,259
3247,259
3248,259
3249,259
3250,267
3251,267
3252,267
3253,267
3254,267
3255,267
3256,267
3257,267
3258,267
3259,267
3260,266
3261,266
3262,266
3263,266
3264,266
3265,266
3266,266
3267,266
3268,266
3269,266
3270,264
3271,264
3272,264
3273,264
3274,264
3275,264
3276,264
3277,264
3278,264
3279,264
3280,261
3281,261
3282,261
3283,261
3284,261
3285,261
3286,261
3287,261
3288,261
3289,261
3290,259
3291,259
3292,259
3293,259
3294,259
3295,259
3296,259
3297,259
3298,259
3299,259
3300,267
3301,267
3302,267
3303,267
3304,267
3305,267
3306,267
3307,267
3308,267
3309,267
3310,268
3311,268
3312,268
3313,268
3314,268
3315,268
3316,268
3317,268
3318,268
3319,268
3320,266
3321,266
3322,266
3323,266
3324,266
3325,266
3326,266
3327,266
3328,266
3329,266
3330,263
3331,263
3332,263
3333,263
3334,263
3335,263
3336,263
3337,263
3338,263
3339,263
3340,260
3341,260
3342,260
3343,260
3344,260
3345,260
3346,260
3347,260
3348,260
3349,260
3350,266
3351,266
3352,266
3353,266
3354,266
3355,266
3356,266
3357,266
3358,266
3359,266
3360,266
3361,266
3362,266
3363,266
3364,266
3365,266
3366,266
3367,266
3368,266
3369,266
3370,265
3371,265
3372,265
3373,265
3374,265
3375,265
3376,265
3377,265
3378,265
3379,265
3380,262
3381,262
3382,262
3383,262
3384,262
3385,262
3386,262
3387,262
3388,262
3389,262
3390,259
3391,259
3392,259
3393,259
3394,259
3395,259
3396,259
3397,259
3398,259
3399,259
3400,266
3401,266
3402,266
3403,266
3404,266
3405,266
3406,266
3407,266
3408,266
3409,266
3410,268
3411,268
3412,268
3413,268
3414,268
3415,268
3416,268
3417,268
3418,268
3419,268
3420,266
3421,266
3422,266
3423,266
3424,266
3425,266
3426,266
3427,266
3428,266
3429,266
3430,263
3431,263
3432,263
3433,263
3434,263
3435,263
3436,263
3437,263
3438,263
3439,263
3440,260
3441,260
3442,260
3443,260
3444,260
3445,260
3446,260
3447,260
3448,260
3449,260
3450,265
3451,265
3452,265
3453,265
3454,265
3455,265
3456,265
3457,265
3458,265
3459,265
3460,267
3461,267
3462,267
3463,267
3464,267
3465,267
3466,267
3467,267
3468,267
3469,267
3470,265
3471,265
3472,265
3473,265
3474,265
3475,265
3476,265
3477,265
3478,265
3479,265
3480,262
3481,262
3482,262
3483,262
3484,262
3485,262
3486,262
3487,262
3488,262
3489,262
3490,259
3491,259
3492,259
3493,259
3494,259
3495,259
3496,259
3497,259
3498,259
3499,259
3500,264
3501,264
3502,264
3503,264
3504,264
3505,264
3506,264
3507,264
3508,264
3509,264
3510,268
3511,268
3512,268
3513,268
3514,268
3515,268
3516,268
3517,268
3518,268
3519,268
3520,267
3521,267
3522,267
3523,267
3524,267
3525,267
3526,267
3527,267
3528,267
3529,267
3530,264
3531,264
3532,264
3533,264
3534,264
3535,264
3536,264
3537,264
3538,264
3539,264
3540,261
3541,261
3542,261
3543,261
3544,261
3545,261
3546,261
3547,261
3548,261
3549,261
3550,263
3551,263
3552,263
3553,263
3554,263
3555,263
3556,263
3557,263
3558,263
3559,263
3560,267
3561,267
3562,267
3563,267
3564,267
3565,267
3566,267
3567,267
3568,267
3569,267
3570,266
3571,266
3572,266
3573,266
3574,266
3575,266
3576,266
3577,266
3578,266
3579,266
3580,263
3581,263
3582,263
3583,263
3584,263
3585,263
3586,263
3587,263
3588,263
3589,263
3590,258
3591,258
3592,258
3593,258
3594,258
3595,258
3596,258
3597,258
3598,258
3599,258
3600,260
3601,260
3602,260
3603,260
3604,260
3605,260
3606,260
3607,260
3608,260
3609,260
3610,267
3611,267
3612,267
3613,267
3614,267
3615,267
3616,267
3617,267
3618,267
3619,267
3620,265
3621,265
3622,265
3623,265
3624,265
3625,265
3626,265
3627,265
3628,265
3629,265
3630,263
3631,263
3632,263
3633,263
3634,263
3635,263
3636,263
3637,263
3638,263
3639,263
3640,259
3641,259
3642,259
3643,259
3644,259
3645,259
3646,259
3647,259
3648,259
3649,259
3650,259
3651,259
3652,259
3653,259
3654,259
3655,259
3656,259
3657,259
3658,259
3659,259
3660,266
3661,266
3662,266
3663,266
3664,266
3665,266
3666,266
3667,266
3668,266
3669,266
3670,264
3671,264
3672,264
3673,264
3674,264
3675,264
3676,264
3677,264
3678,264
3679,264
3680,261
3681,261
3682,261
3683,261
3684,261
3685,261
3686,261
3687,261
3688,261
3689,261
3690,257
3691,257
3692,257
3693,257
3694,257
3695,257
3696,257
3697,257
3698,257
3699,257
3700,257
3701,257
3702,257
3703,257
3704,257
3705,257
3706,257
3707,257
3708,257
3709,257
3710,265
3711,265
3712,265
3713,265
3714,265
3715,265
3716,265
3717,265
3718,265
3719,265
3720,264
3721,264
3722,264
3723,264
3724,264
3725,264
3726,264
3727,264
3728,264
3729,264
3730,262
3731,262
3732,262
3733,262
3734,262
3735,262
3736,262
3737,262
3738,262
3739,262
3740,259
3741,259
3742,259
3743,259
3744,259
3745,259
3746,259
3747,259
3748,259
3749,259
3750,257
3751,257
3752,257
3753,257
3754,257
3755,257
3756,257
3757,257
3758,257
3759,257
3760,264
3761,264
3762,264
3763,264
3764,264
3765,264
3766,264
3767,264
3768,264
3769,264
3770,262
3771,262
3772,262
3773,262
3774,262
3775,262
3776,262
3777,262
3778,262
3779,262
3780,259
3781,259
3782,259
3783,259
3784,259
3785,259
3786,259
3787,259
3788,259
3789,259
3790,256
3791,256
3792,256
3793,256
3794,256
3795,256
3796,256
3797,256
3798,256
3799,256
3800,254
3801,254
3802,254
3803,254
3804,254
3805,254
3806,254
3807,254
3808,254
3809,254
3810,262
3811,262
3812,262
3813,262
3814,262
3815,262
3816,262
3817,262
3818,262
3819,262
3820,263
3821,263
3822,263
3823,263
3824,263
3825,263
3826,263
3827,263
3828,263
3829,263
3830,261
3831,261
3832,261
3833,261
3834,261
3835,261
3836,261
3837,261
3838,261
3839,261
3840,257
3841,257
3842,257
3843,257
3844,257
3845,257
3846,257
3847,257
3848,257
3849,257
3850,254
3851,254
3852,254
3853,254
3854,254
3855,254
3856,254
3857,254
3858,254
3859,254
3860,261
3861,261
3862,261
3863,261
3864,261
3865,261
3866,261
3867,261
3868,261
3869,261
3870,262
3871,262
3872,262
3873,262
3874,262
3875,262
3876,262
3877,262
3878,262
3879,262
3880,260
3881,260
3882,260
3883,260
3884,260
3885,260
3886,260
3887,260
3888,260
3889,260
3890,256
3891,256
3892,256
3893,256
3894,256
3895,256
3896,256
3897,256
3898,256
3899,256
3900,253
3901,253
3902,253
3903,253
3904,253
3905,253
3906,253
3907,253
3908,253
3909,253
3910,261
3911,261
3912,261
3913,261
3914,261
3915,261
3916,261
3917,261
3918,261
3919,261
3920,263
3921,263
3922,263
3923,263
3924,263
3925,263
3926,263
3927,263
3928,263
3929,263
3930,261
3931,261
3932,261
3933,261
3934,261
3935,261
3936,261
3937,261
3938,261
3939,261
3940,258
3941,258
3942,258
3943,258
3944,258
3945,258
3946,258
3947,258
3948,258
3949,258
3950,254
3951,254
3952,254
3953,254
3954,254
3955,254
3956,254
3957,254
3958,254
3959,254
3960,260
3961,260
3962,260
3963,260
3964,260
3965,260
3966,260
3967,260
3968,260
3969,260
3970,262
3971,262
3972,262
3973,262
3974,262
3975,262
3976,262
3977,262
3978,262
3979,262
3980,260
3981,260
3982,260
3983,260
3984,260
3985,260
3986,260
3987,260
3988,260
3989,260
3990,257
3991,257
3992,257
3993,257
3994,257
3995,257
3996,257
3997,257
3998,257
3999,257
4000,253
4001,253
4002,253
4003,253
4004,253
4005,253
4006,253
4007,253
4008,253
4009,253
4010,258
4011,258
4012,258
4013,258
4014,258
4015,258
4016,258
4017,258
4018,258
4019,258
4020,264
4021,264
4022,264
4023,264
4024,264
4025,264
4026,264
4027,264
4028,264
4029,264
4030,261
4031,261
4032,261
4033,261
4034,261
4035,261
4036,261
4037,261
4038,261
4039,261
4040,259
4041,259
4042,259
4043,259
4044,259
4045,259
4046,259
4047,259
4048,259
4049,259
4050,255
4051,255
4052,255
4053,255
4054,255
4055,255
4056,255
4057,255
4058,255
4059,255
4060,258
4061,258
4062,258
4063,258
4064,258
4065,258
4066,258
4067,258
4068,258
4069,258
4070,263
4071,263
4072,263
4073,263
4074,263
4075,263
4076,263
4077,263
4078,263
4079,263
4080,261
4081,261
4082,261
4083,261
4084,261
4085,261
4086,261
4087,261
4088,261
4089,261
4090,258
4091,258
4092,258
4093,258
4094,258
4095,258
4096,258
4097,258
4098,258
4099,258
4100,254
4101,254
4102,254
4103,254
4104,254
4105,254
4106,254
4107,254
4108,254
4109,254
4110,257
4111,257
4112,257
4113,257
4114,257
4115,257
4116,257
4117,257
4118,257
4119,257
4120,265
4121,265
4122,265
4123,265
4124,265
4125,265
4126,265
4127,265
4128,265
4129,265
4130,263
4131,263
4132,263
4133,263
4134,263
4135,263
4136,263
4137,263
4138,263
4139,263
4140,261
4141,261
4142,261
4143,261
4144,261
4145,261
4146,261
4147,261
4148,261
4149,261
4150,258
4151,258
4152,258
4153,258
4154,258
4155,258
4156,258
4157,258
4158,258
4159,258
4160,258
4161,258
4162,258
4163,258
4164,258
4165,258
4166,258
4167,258
4168,258
4169,258
4170,264
4171,264
4172,264
4173,264
4174,264
4175,264
4176,264
4177,264
4178,264
4179,264
4180,263
4181,263
4182,263
4183,263
4184,263
4185,263
4186,263
4187,263
4188,263
4189,263
4190,260
4191,260
4192,260
4193,260
4194,260
4195,260
4196,260
4197,260
4198,260
4199,260
4200,258
4201,258
4202,258
4203,258
4204,258
4205,258
4206,258
4207,258
4208,258
4209,258
4210,258
4211,258
4212,258
4213,258
4214,258
4215,258
4216,258
4217,258
4218,258
4219,258
4220,266
4221,266
4222,266
4223,266
4224,266
4225,266
4226,266
4227,266
4228,266
4229,266
4230,265
4231,265
4232,265
4233,265
4234,265
4235,265
4236,265
4237,265
4238,265
4239,265
4240,263
4241,263
4242,263
4243,263
4244,263
4245,263
4246,263
4247,263
4248,263
4249,263
4250,260
4251,260
4252,260
4253,260
4254,260
4255,260
4256,260
4257,260
4258,260
4259,260
4260,258
4261,258
4262,258
4263,258
4264,258
4265,258
4266,258
4267,258
4268,258
4269,258
4270,265
4271,265
4272,265
4273,265
4274,265
4275,265
4276,265
4277,265
4278,265
4279,265
4280,265
4281,265
4282,265
4283,265
4284,265
4285,265
4286,265
4287,265
4288,265
4289,265
4290,264
4291,264
4292,264
4293,264
4294,264
4295,264
4296,264
4297,264
4298,264
4299,264
4300,261
4301,261
4302,261
4303,261
4304,261
4305,261
4306,261
4307,261
4308,261
4309,261
4310,259
4311,259
4312,259
4313,259
4314,259
4315,259
4316,259
4317,259
4318,259
4319,259
4320,267
4321,267
4322,267
4323,267
4324,267
4325,267
4326,267
4327,267
4328,267
4329,267
4330,268
4331,268
4332,268
4333,268
4334,268
4335,268
4336,268
4337,268
4338,268
4339,268
4340,266
4341,266
4342,266
4343,266
4344,266
4345,266
4346,266
4347,266
4348,266
4349,266
4350,263
4351,263
4352,263
4353,263
4354,263
4355,263
4356,263
4357,263
4358,263
4359,263
4360,260
4361,260
4362,260
4363,260
4364,260
4365,260
4366,260
4367,260
4368,260
4369,260
4370,266
4371,266
4372,266
4373,266
4374,266
4375,266
4376,266
4377,266
4378,266
4379,266
4380,267
4381,267
4382,267
4383,267
4384,267
4385,267
4386,267
4387,267
4388,267
4389,267
4390,265
4391,265
4392,265
4393,265
4394,265
4395,265
4396,265
4397,265
4398,265
4399,265
4400,262
4401,262
4402,262
4403,262
4404,262
4405,262
4406,262
4407,262
4408,262
4409,262
4410,259
4411,259
4412,259
4413,259
4414,259
4415,259
4416,259
4417,259
4418,259
4419,259
4420,266
4421,266
4422,266
4423,266
4424,266
4425,266
4426,266
4427,266
4428,266
4429,266
4430,268
4431,268
4432,268
4433,268
4434,268
4435,268
4436,268
4437,268
4438,268
4439,268
4440,266
4441,266
4442,266
4443,266
4444,266
4445,266
4446,266
4447,266
4448,266
4449,266
4450,263
4451,263
4452,263
4453,263
4454,263
4455,263
4456,263
4457,263
4458,263
4459,263
4460,260
4461,260
4462,260
4463,260
4464,260
4465,260
4466,260
4467,260
4468,260
4469,260
4470,265
4471,265
4472,265
4473,265
4474,265
4475,265
4476,265
4477,265
4478,265
4479,265
4480,267
4481,267
4482,267
4483,267
4484,267
4485,267
4486,267
4487,267
4488,267
4489,267
4490,265
4491,265
4492,265
4493,265
4494,265
4495,265
4496,265
4497,265
4498,265
4499,265
4500,262
4501,262
4502,262
4503,262
4504,262
4505,262
4506,262
4507,262
4508,262
4509,262
4510,258
4511,258
4512,258
4513,258
4514,258
4515,258
4516,258
4517,258
4518,258
4519,258
4520,264
4521,264
4522,264
4523,264
4524,264
4525,264
4526,264
4527,264
4528,264
4529,264
4530,268
4531,268
4532,268
4533,268
4534,268
4535,268
4536,268
4537,268
4538,268
4539,268
4540,266
4541,266
4542,266
4543,266
4544,266
4545,266
4546,266
4547,266
4548,266
4549,266
4550,264
4551,264
4552,264
4553,264
4554,264
4555,264
4556,264
4557,264
4558,264
4559,264
4560,261
4561,261
4562,261
4563,261
4564,261
4565,261
4566,261
4567,261
4568,261
4569,261
4570,263
4571,263
4572,263
4573,263
4574,263
4575,263
4576,263
4577,263
4578,263
4579,263
4580,267
4581,267
4582,267
4583,267
4584,267
4585,267
4586,267
4587,267
4588,267
4589,267
4590,265
4591,265
4592,265
4593,265
4594,265
4595,265
4596,265
4597,265
4598,265
4599,265
4600,263
4601,263
4602,263
4603,263
4604,263
4605,263
4606,263
4607,263
4608,263
4609,263
4610,260
4611,260
4612,260
4613,260
4614,260
4615,260
4616,260
4617,260
4618,260
4619,260
4620,262
4621,262
4622,262
4623,262
4624,262
4625,262
4626,262
4627,262
4628,262
4629,262
4630,268
4631,268
4632,268
4633,268
4634,268
4635,268
4636,268
4637,268
4638,268
4639,268
4640,266
4641,266
4642,266
4643,266
4644,266
4645,266
4646,266
4647,266
4648,266
4649,266
4650,263
4651,263
4652,263
4653,263
4654,263
4655,263
4656,263
4657,263
4658,263
4659,263
4660,260
4661,260
4662,260
4663,260
4664,260
4665,260
4666,260
4667,260
4668,260
4669,260
4670,259
4671,259
4672,259
4673,259
4674,259
4675,259
4676,259
4677,259
4678,259
4679,259
4680,266
4681,266
4682,266
4683,266
4684,266
4685,266
4686,266
4687,266
4688,266
4689,266
4690,264
4691,264
4692,264
4693,264
4694,264
4695,264
4696,264
4697,264
4698,264
4699,264
4700,262
4701,262
4702,262
4703,262
4704,262
4705,262
4706,262
4707,262
4708,262
4709,262
4710,258
4711,258
4712,258
4713,258
4714,258
4715,258
4716,258
4717,258
4718,258
4719,258
4720,258
4721,258
4722,258
4723,258
4724,258
4725,258
4726,258
4727,258
4728,258
4729,258
4730,265
4731,265
4732,265
4733,265
4734,265
4735,265
4736,265
4737,265
4738,265
4739,265
4740,264
4741,264
4742,264
4743,264
4744,264
4745,264
4746,264
4747,264
4748,264
4749,264
4750,262
4751,262
4752,262
4753,262
4754,262
4755,262
4756,262
4757,262
4758,262
4759,262
4760,258
4761,258
4762,258
4763,258
4764,258
4765,258
4766,258
4767,258
4768,258
4769,258
4770,257
4771,257
4772,257
4773,257
4774,257
4775,257
4776,257
4777,257
4778,257
4779,257
4780,264
4781,264
4782,264
4783,264
4784,264
4785,264
4786,264
4787,264
4788,264
4789,264
4790,263
4791,263
4792,263
4793,263
4794,263
4795,263
4796,263
4797,263
4798,263
4799,263
4800,261
4801,261
4802,261
4803,261
4804,261
4805,261
4806,261
4807,261
4808,261
4809,261
4810,257
4811,257
4812,257
4813,257
4814,257
4815,257
4816,257
4817,257
4818,257
4819,257
4820,254
4821,254
4822,254
4823,254
4824,254
4825,254
4826,254
4827,254
4828,254
4829,254
4830,262
4831,262
4832,262
4833,262
4834,262
4835,262
4836,262
4837,262
4838,262
4839,262
4840,263
4841,263
4842,263
4843,263
4844,263
4845,263
4846,263
4847,263
4848,263
4849,263
4850,261
4851,261
4852,261
4853,261
4854,261
4855,261
4856,261
4857,261
4858,261
4859,261
4860,258
4861,258
4862,258
4863,258
4864,258
4865,258
4866,258
4867,258
4868,258
4869,258
4870,254
4871,254
4872,254
4873,254
4874,254
4875,254
4876,254
4877,254
4878,254
4879,254
4880,261
4881,261
4882,261
4883,261
4884,261
4885,261
4886,261
4887,261
4888,261
4889,261
4890,262
4891,262
4892,262
4893,262
4894,262
4895,262
4896,262
4897,262
4898,262
4899,262
4900,259
4901,259
4902,259
4903,259
4904,259
4905,259
4906,259
4907,259
4908,259
4909,259
4910,256
4911,256
4912,256
4913,256
4914,256
4915,256
4916,256
4917,256
4918,256
4919,256
4920,253
4921,253
4922,253
4923,253
4924,253
4925,253
4926,253
4927,253
4928,253
4929,253
4930,260
4931,260
4932,260
4933,260
4934,260
4935,260
4936,260
4937,260
4938,260
4939,260
4940,263
4941,263
4942,263
4943,263
4944,263
4945,263
4946,263
4947,263
4948,263
4949,263
4950,261
4951,261
4952,261
4953,261
4954,261
4955,261
4956,261
4957,261
4958,261
4959,261
4960,258
4961,258
4962,258
4963,258
4964,258
4965,258
4966,258
4967,258
4968,258
4969,258
4970,254
4971,254
4972,254
4973,254
4974,254
4975,254
4976,254
4977,254
4978,254
4979,254
4980,260
4981,260
4982,260
4983,260
4984,260
4985,260
4986,260
4987,260
4988,260
4989,260
4990,263
4991,263
4992,263
4993,263
4994,263
4995,263
4996,263
4997,263
4998,263
4999,263
5000,260
5001,260
5002,260
5003,260
5004,260
5005,260
5006,260
5007,260
5008,260
5009,260
5010,257
5011,257
5012,257
5013,257
5014,257
5015,257
5016,257
5017,257
5018,257
5019,257
5020,253
5021,253
5022,253
5023,253
5024,253
5025,253
5026,253
5027,253
5028,253
5029,253
5030,258
5031,258
5032,258
5033,258
5034,258
5035,258
5036,258
5037,258
5038,258
5039,258
5040,264
5041,264
5042,264
5043,264
5044,264
5045,264
5046,264
5047,264
5048,264
5049,264
5050,261
5051,261
5052,261
5053,261
5054,261
5055,261
5056,261
5057,261
5058,261
5059,261
5060,259
5061,259
5062,259
5063,259
5064,259
5065,259
5066,259
5067,259
5068,259
5069,259
5070,255
5071,255
5072,255
5073,255
5074,255
5075,255
5076,255
5077,255
5078,255
5079,255
5080,258
5081,258
5082,258
5083,258
5084,258
5085,258
5086,258
5087,258
5088,258
5089,258
5090,263
5091,263
5092,263
5093,263
5094,263
5095,263
5096,263
5097,263
5098,263
5099,263
5100,260
5101,260
5102,260
5103,260
5104,260
5105,260
5106,260
5107,260
5108,260
5109,260
5110,258
5111,258
5112,258
5113,258
5114,258
5115,258
5116,258
5117,258
5118,258
5119,258
5120,253
5121,253
5122,253
5123,253
5124,253
5125,253
5126,253
5127,253
5128,253
5129,253
5130,256
5131,256
5132,256
5133,256
5134,256
5135,256
5136,256
5137,256
5138,256
5139,256
5140,263
5141,263
5142,263
5143,263
5144,263
5145,263
5146,263
5147,263
5148,263
5149,263
5150,262
5151,262
5152,262
5153,262
5154,262
5155,262
5156,262
5157,262
5158,262
5159,262
5160,260
5161,260
5162,260
5163,260
5164,260
5165,260
5166,260
5167,260
5168,260
5169,260
5170,258
5171,258
5172,258
5173,258
5174,258
5175,258
5176,258
5177,258
5178,258
5179,258
5180,257
5181,257
5182,257
5183,257
5184,257
5185,257
5186,257
5187,257
5188,257
5189,257
5190,265
5191,265
5192,265
5193,265
5194,265
5195,265
5196,265
5197,265
5198,265
5199,265
5200,263
5201,263
5202,263
5203,263
5204,263
5205,263
5206,263
5207,263
5208,263
5209,263
5210,260
5211,260
5212,260
5213,260
5214,260
5215,260
5216,260
5217,260
5218,260
5219,260
5220,256
5221,256
5222,256
5223,256
5224,256
5225,256
5226,256
5227,256
5228,256
5229,256
5230,256
5231,256
5232,256
5233,256
5234,256
5235,256
5236,256
5237,256
5238,256
5239,256
5240,264
5241,264
5242,264
5243,264
5244,264
5245,264
5246,264
5247,264
5248,264
5249,264
5250,265
5251,265
5252,265
5253,265
5254,265
5255,265
5256,265
5257,265
5258,265
5259,265
5260,263
5261,263
5262,263
5263,263
5264,263
5265,263
5266,263
5267,263
5268,263
5269,263
5270,260
5271,260
5272,260
5273,260
5274,260
5275,260
5276,260
5277,260
5278,260
5279,260
5280,258
5281,258
5282,258
5283,258
5284,258
5285,258
5286,258
5287,258
5288,258
5289,258
5290,265
5291,265
5292,265
5293,265
5294,265
5295,265
5296,265
5297,265
5298,265
5299,265
5300,265
5301,265
5302,265
5303,265
5304,265
5305,265
5306,265
5307,265
5308,265
5309,265
5310,262
5311,262
5312,262
5313,262
5314,262
5315,262
5316,262
5317,262
5318,262
5319,262
5320,260
5321,260
5322,260
5323,260
5324,260
5325,260
5326,260
5327,260
5328,260
5329,260
5330,257
5331,257
5332,257
5333,257
5334,257
5335,257
5336,257
5337,257
5338,257
5339,257
5340,267
5341,267
5342,267
5343,267
5344,267
5345,267
5346,267
5347,267
5348,267
5349,267
5350,268
5351,268
5352,268
5353,268
5354,268
5355,268
5356,268
5357,268
5358,268
5359,268
5360,265
5361,265
5362,265
5363,265
5364,265
5365,265
5366,265
5367,265
5368,265
5369,265
5370,263
5371,263
5372,263
5373,263
5374,263
5375,263
5376,263
5377,263
5378,263
5379,263
5380,259
5381,259
5382,259
5383,259
5384,259
5385,259
5386,259
5387,259
5388,259
5389,259
5390,266
5391,266
5392,266
5393,266
5394,266
5395,266
5396,266
5397,266
5398,266
5399,266
5400,267
5401,267
5402,267
5403,267
5404,267
5405,267
5406,267
5407,267
5408,267
5409,267
5410,265
5411,265
5412,265
5413,265
5414,265
5415,265
5416,265
5417,265
5418,265
5419,265
5420,262
5421,262
5422,262
5423,262
5424,262
5425,262
5426,262
5427,262
5428,262
5429,262
5430,259
5431,259
5432,259
5433,259
5434,259
5435,259
5436,259
5437,259
5438,259
5439,259
5440,266
5441,266
5442,266
5443,266
5444,266
5445,266
5446,266
5447,266
5448,266
5449,266
5450,268
5451,268
5452,268
5453,268
5454,268
5455,268
5456,268
5457,268
5458,268
5459,268
5460,266
5461,266
5462,266
5463,266
5464,266
5465,266
5466,266
5467,266
5468,266
5469,266
5470,263
5471,263
5472,263
5473,263
5474,263
5475,263
5476,263
5477,263
5478,263
5479,263
5480,260
5481,260
5482,260
5483,260
5484,260
5485,260
5486,260
5487,260
5488,260
5489,260
5490,265
5491,265
5492,265
5493,265
5494,265
5495,265
5496,265
5497,265
5498,265
5499,265
5500,267
5501,267
5502,267
5503,267
5504,267
5505,267
5506,267
5507,267
5508,267
5509,267
5510,265
5511,265
5512,265
5513,265
5514,265
5515,265
5516,265
5517,265
5518,265
5519,265
5520,262
5521,262
5522,262
5523,262
5524,262
5525,262
5526,262
5527,262
5528,262
5529,262
5530,259
5531,259
5532,259
5533,259
5534,259
5535,259
5536,259
5537,259
5538,259
5539,259
5540,263
5541,263
5542,263
5543,263
5544,263
5545,263
5546,263
5547,263
5548,263
5549,263
5550,268
5551,268
5552,268
5553,268
5554,268
5555,268
5556,268
5557,268
5558,268
5559,268
5560,266
5561,266
5562,266
5563,266
5564,266
5565,266
5566,266
5567,266
5568,266
5569,266
5570,264
5571,264
5572,264
5573,264
5574,264
5575,264
5576,264
5577,264
5578,264
5579,264
5580,260
5581,260
5582,260
5583,260
5584,260
5585,260
5586,260
5587,260
5588,260
5589,260
5590,263
5591,263
5592,263
5593,263
5594,263
5595,263
5596,263
5597,263
5598,263
5599,263
5600,268
5601,268
5602,268
5603,268
5604,268
5605,268
5606,268
5607,268
5608,268
5609,268
5610,266
5611,266
5612,266
5613,266
5614,266
5615,266
5616,266
5617,266
5618,266
5619,266
5620,263
5621,263
5622,263
5623,263
5624,263
5625,263
5626,263
5627,263
5628,263
5629,263
5630,260
5631,260
5632,260
5633,260
5634,260
5635,260
5636,260
5637,260
5638,260
5639,260
5640,262
5641,262
5642,262
5643,262
5644,262
5645,262
5646,262
5647,262
5648,262
5649,262
5650,269
5651,269
5652,269
5653,269
5654,269
5655,269
5656,269
5657,269
5658,269
5659,269
5660,267
5661,267
5662,267
5663,267
5664,267
5665,267
5666,267
5667,267
5668,267
5669,267
5670,265
5671,265
5672,265
5673,265
5674,265
5675,265
5676,265
5677,265
5678,265
5679,265
5680,261
5681,261
5682,261
5683,261
5684,261
5685,261
5686,261
5687,261
5688,261
5689,261
5690,260
5691,260
5692,260
5693,260
5694,260
5695,260
5696,260
5697,260
5698,260
5699,260
5700,266
5701,266
5702,266
5703,266
5704,266
5705,266
5706,266
5707,266
5708,266
5709,266
5710,264
5711,264
5712,264
5713,264
5714,264
5715,264
5716,264
5717,264
5718,264
5719,264
5720,262
5721,262
5722,262
5723,262
5724,262
5725,262
5726,262
5727,262
5728,262
5729,262
5730,258
5731,258
5732,258
5733,258
5734,258
5735,258
5736,258
5737,258
5738,258
5739,258
5740,258
5741,258
5742,258
5743,258
5744,258
5745,258
5746,258
5747,258
5748,258
5749,258
5750,266
5751,266
5752,266
5753,266
5754,266
5755,266
5756,266
5757,266
5758,266
5759,266
5760,266
5761,266
5762,266
5763,266
5764,266
5765,266
5766,266
5767,266
5768,266
5769,266
5770,263
5771,263
5772,263
5773,263
5774,263
5775,263
5776,263
5777,263
5778,263
5779,263
5780,259
5781,259
5782,259
5783,259
5784,259
5785,259
5786,259
5787,259
5788,259
5789,259
5790,256
5791,256
5792,256
5793,256
5794,256
5795,256
5796,256
5797,256
5798,256
5799,256
5800,264
5801,264
5802,264
5803,264
5804,264
5805,264
5806,264
5807,264
5808,264
5809,264
5810,263
5811,263
5812,263
5813,263
5814,263
5815,263
5816,263
5817,263
5818,263
5819,263
5820,261
5821,261
5822,261
5823,261
5824,261
5825,261
5826,261
5827,261
5828,261
5829,261
5830,258
5831,258
5832,258
5833,258
5834,258
5835,258
5836,258
5837,258
5838,258
5839,258
5840,255
5841,255
5842,255
5843,255
5844,255
5845,255
5846,255
5847,255
5848,255
5849,255
5850,264
5851,264
5852,264
5853,264
5854,264
5855,264
5856,264
5857,264
5858,264
5859,264
5860,263
5861,263
5862,263
5863,263
5864,263
5865,263
5866,263
5867,263
5868,263
5869,263
5870,261
5871,261
5872,261
5873,261
5874,261
5875,261
5876,261
5877,261
5878,261
5879,261
5880,258
5881,258
5882,258
5883,258
5884,258
5885,258
5886,258
5887,258
5888,258
5889,258
5890,254
5891,254
5892,254
5893,254
5894,254
5895,254
5896,254
5897,254
5898,254
5899,254
5900,261
5901,261
5902,261
5903,261
5904,261
5905,261
5906,261
5907,261
5908,261
5909,261
5910,262
5911,262
5912,262
5913,262
5914,262
5915,262
5916,262
5917,262
5918,262
5919,262
5920,260
5921,260
5922,260
5923,260
5924,260
5925,260
5926,260
5927,260
5928,260
5929,260
5930,256
5931,256
5932,256
5933,256
5934,256
5935,256
5936,256
5937,256
5938,256
5939,256
5940,253
5941,253
5942,253
5943,253
5944,253
5945,253
5946,253
5947,253
5948,253
5949,253
5950,260
5951,260
5952,260
5953,260
5954,260
5955,260
5956,260
5957,260
5958,260
5959,260
5960,263
5961,263
5962,263
5963,263
5964,263
5965,263
5966,263
5967,263
5968,263
5969,263
5970,261
5971,261
5972,261
5973,261
5974,261
5975,261
5976,261
5977,261
5978,261
5979,261
5980,258
5981,258
5982,258
5983,258
5984,258
5985,258
5986,258
5987,258
5988,258
5989,258
5990,254
5991,254
5992,254
5993,254
5994,254
5995,254
5996,254
5997,254
5998,254
5999,254
6000,260
6001,260
6002,260
6003,260
6004,260
6005,260
6006,260
6007,260
6008,260
6009,260
6010,262
6011,262
6012,262
6013,262
6014,262
6015,262
6016,262
6017,262
6018,262
6019,262
6020,260
6021,260
6022,260
6023,260
6024,260
6025,260
6026,260
6027,260
6028,260
6029,260
6030,257
6031,257
6032,257
6033,257
6034,257
6035,257
6036,257
6037,257
6038,257
6039,257
6040,253
6041,253
6042,253
6043,253
6044,253
6045,253
6046,253
6047,253
6048,253
6049,253
6050,258
6051,258
6052,258
6053,258
6054,258
6055,258
6056,258
6057,258
6058,258
6059,258
6060,263
6061,263
6062,263
6063,263
6064,263
6065,263
6066,263
6067,263
6068,263
6069,263
6070,262
6071,262
6072,262
6073,262
6074,262
6075,262
6076,262
6077,262
6078,262
6079,262
6080,259
6081,259
6082,259
6083,259
6084,259
6085,259
6086,259
6087,259
6088,259
6089,259
6090,255
6091,255
6092,255
6093,255
6094,255
6095,255
6096,255
6097,255
6098,255
6099,255
6100,258
6101,258
6102,258
6103,258
6104,258
6105,258
6106,258
6107,258
6108,258
6109,258
6110,263
6111,263
6112,263
6113,263
6114,263
6115,263
6116,263
6117,263
6118,263
6119,263
6120,261
6121,261
6122,261
6123,261
6124,261
6125,261
6126,261
6127,261
6128,261
6129,261
6130,258
6131,258
6132,258
6133,258
6134,258
6135,258
6136,258
6137,258
6138,258
6139,258
6140,254
6141,254
6142,254
6143,254
6144,254
6145,254
6146,254
6147,254
6148,254
6149,254
6150,257
6151,257
6152,257
6153,257
6154,257
6155,257
6156,257
6157,257
6158,257
6159,257
6160,263
6161,263
6162,263
6163,263
6164,263
6165,263
6166,263
6167,263
6168,263
6169,263
6170,262
6171,262
6172,262
6173,262
6174,262
6175,262
6176,262
6177,262
6178,262
6179,262
6180,259
6181,259
6182,259
6183,259
6184,259
6185,259
6186,259
6187,259
6188,259
6189,259
6190,256
6191,256
6192,256
6193,256
6194,256
6195,256
6196,256
6197,256
6198,256
6199,256
6200,256
6201,256
6202,256
6203,256
6204,256
6205,256
6206,256
6207,256
6208,256
6209,256
6210,264
6211,264
6212,264
6213,264
6214,264
6215,264
6216,264
6217,264
6218,264
6219,264
6220,262
6221,262
6222,262
6223,262
6224,262
6225,262
6226,262
6227,262
6228,262
6229,262
6230,260
6231,260
6232,260
6233,260
6234,260
6235,260
6236,260
6237,260
6238,260
6239,260
6240,257
6241,257
6242,257
6243,257
6244,257
6245,257
6246,257
6247,257
6248,257
6249,257
6250,257
6251,257
6252,257
6253,257
6254,257
6255,257
6256,257
6257,257
6258,257
6259,257
6260,265
6261,265
6262,265
6263,265
6264,265
6265,265
6266,265
6267,265
6268,265
6269,265
6270,264
6271,264
6272,264
6273,264
6274,264
6275,264
6276,264
6277,264
6278,264
6279,264
6280,262
6281,262
6282,262
6283,262
6284,262
6285,262
6286,262
6287,262
6288,262
6289,262
6290,259
6291,259
6292,259
6293,259
6294,259
6295,259
6296,259
6297,259
6298,259
6299,259
6300,258
6301,258
6302,258
6303,258
6304,258
6305,258
6306,258
6307,258
6308,258
6309,258
6310,265
6311,265
6312,265
6313,265
6314,265
6315,265
6316,265
6317,265
6318,265
6319,265
6320,265
6321,265
6322,265
6323,265
6324,265
6325,265
6326,265
6327,265
6328,265
6329,265
6330,262
6331,262
6332,262
6333,262
6334,262
6335,262
6336,262
6337,262
6338,262
6339,262
6340,259
6341,259
6342,259
6343,259
6344,259
6345,259
6346,259
6347,259
6348,259
6349,259
6350,257
6351,257
6352,257
6353,257
6354,257
6355,257
6356,257
6357,257
6358,257
6359,257
6360,265
6361,265
6362,265
6363,265
6364,265
6365,265
6366,265
6367,265
6368,265
6369,265
6370,266
6371,266
6372,266
6373,266
6374,266
6375,266
6376,266
6377,266
6378,266
6379,266
6380,264
6381,264
6382,264
6383,264
6384,264
6385,264
6386,264
6387,264
6388,264
6389,264
6390,263
6391,263
6392,263
6393,263
6394,263
6395,263
6396,263
6397,263
6398,263
6399,263
6400,259
6401,259
6402,259
6403,259
6404,259
6405,259
6406,259
6407,259
6408,259
6409,259
6410,266
6411,266
6412,266
6413,266
6414,266
6415,266
6416,266
6417,266
6418,266
6419,266
6420,267
6421,267
6422,267
6423,267
6424,267
6425,267
6426,267
6427,267
6428,267
6429,267
6430,265
6431,265
6432,265
6433,265
6434,265
6435,265
6436,265
6437,265
6438,265
6439,265
6440,261
6441,261
6442,261
6443,261
6444,261
6445,261
6446,261
6447,261
6448,261
6449,261
6450,258
6451,258
6452,258
6453,258
6454,258
6455,258
6456,258
6457,258
6458,258
6459,258
6460,265
6461,265
6462,265
6463,265
6464,265
6465,265
6466,265
6467,265
6468,265
6469,265
6470,268
6471,268
6472,268
6473,268
6474,268
6475,268
6476,268
6477,268
6478,268
6479,268
6480,266
6481,266
6482,266
6483,266
6484,266
6485,266
6486,266
6487,266
6488,266
6489,266
6490,263
6491,263
6492,263
6493,263
6494,263
6495,263
6496,263
6497,263
6498,263
6499,263
6500,260
6501,260
6502,260
6503,260
6504,260
6505,260
6506,260
6507,260
6508,260
6509,260
6510,265
6511,265
6512,265
6513,265
6514,265
6515,265
6516,265
6517,265
6518,265
6519,265
6520,267
6521,267
6522,267
6523,267
6524,267
6525,267
6526,267
6527,267
6528,267
6529,267
6530,265
6531,265
6532,265
6533,265
6534,265
6535,265
6536,265
6537,265
6538,265
6539,265
6540,262
6541,262
6542,262
6543,262
6544,262
6545,262
6546,262
6547,262
6548,262
6549,262
6550,259
6551,259
6552,259
6553,259
6554,259
6555,259
6556,259
6557,259
6558,259
6559,259
6560,264
6561,264
6562,264
6563,264
6564,264
6565,264
6566,264
6567,264
6568,264
6569,264
6570,268
6571,268
6572,268
6573,268
6574,268
6575,268
6576,268
6577,268
6578,268
6579,268
6580,267
6581,267
6582,267
6583,267
6584,267
6585,267
6586,267
6587,267
6588,267
6589,267
6590,264
6591,264
6592,264
6593,264
6594,264
6595,264
6596,264
6597,264
6598,264
6599,264
6600,261
6601,261
6602,261
6603,261
6604,261
6605,261
6606,261
6607,261
6608,261
6609,261
6610,262
6611,262
6612,262
6613,262
6614,262
6615,262
6616,262
6617,262
6618,262
6619,262
6620,267
6621,267
6622,267
6623,267
6624,267
6625,267
6626,267
6627,267
6628,267
6629,267
6630,266
6631,266
6632,266
6633,266
6634,266
6635,266
6636,266
6637,266
6638,266
6639,266
6640,263
6641,263
6642,263
6643,263
6644,263
6645,263
6646,263
6647,263
6648,263
6649,263
6650,260
6651,260
6652,260
6653,260
6654,260
6655,260
6656,260
6657,260
6658,260
6659,260
6660,262
6661,262
6662,262
6663,262
6664,262
6665,262
6666,262
6667,262
6668,262
6669,262
6670,268
6671,268
6672,268
6673,268
6674,268
6675,268
6676,268
6677,268
6678,268
6679,268
6680,267
6681,267
6682,267
6683,267
6684,267
6685,267
6686,267
6687,267
6688,267
6689,267
6690,265
6691,265
6692,265
6693,265
6694,265
6695,265
6696,265
6697,265
6698,265
6699,265
6700,261
6701,261
6702,261
6703,261
6704,261
6705,261
6706,261
6707,261
6708,261
6709,261
6710,261
6711,261
6712,261
6713,261
6714,261
6715,261
6716,261
6717,261
6718,261
6719,261
6720,267
6721,267
6722,267
6723,267
6724,267
6725,267
6726,267
6727,267
6728,267
6729,267
6730,265
6731,265
6732,265
6733,265
6734,265
6735,265
6736,265
6737,265
6738,265
6739,265
6740,262
6741,262
6742,262
6743,262
6744,262
6745,262
6746,262
6747,262
6748,262
6749,262
6750,259
6751,259
6752,259
6753,259
6754,259
6755,259
6756,259
6757,259
6758,259
6759,259
6760,258
6761,258
6762,258
6763,258
6764,258
6765,258
6766,258
6767,258
6768,258
6769,258
6770,266
6771,266
6772,266
6773,266
6774,266
6775,266
6776,266
6777,266
6778,266
6779,266
6780,266
6781,266
6782,266
6783,266
6784,266
6785,266
6786,266
6787,266
6788,266
6789,266
6790,263
6791,263
6792,263
6793,263
6794,263
6795,263
6796,263
6797,263
6798,263
6799,263
6800,260
6801,260
6802,260
6803,260
6804,260
6805,260
6806,260
6807,260
6808,260
6809,260
6810,258
6811,258
6812,258
6813,258
6814,258
6815,258
6816,258
6817,258
6818,258
6819,258
6820,264
6821,264
6822,264
6823,264
6824,264
6825,264
6826,264
6827,264
6828,264
6829,264
6830,263
6831,263
6832,263
6833,263
6834,263
6835,263
6836,263
6837,263
6838,263
6839,263
6840,261
6841,261
6842,261
6843,261
6844,261
6845,261
6846,261
6847,261
6848,261
6849,261
6850,257
6851,257
6852,257
6853,257
6854,257
6855,257
6856,257
6857,257
6858,257
6859,257
6860,255
6861,255
6862,255
6863,255
6864,255
6865,255
6866,255
6867,255
6868,255
6869,255
6870,263
6871,263
6872,263
6873,263
6874,263
6875,263
6876,263
6877,263
6878,263
6879,263
6880,264
6881,264
6882,264
6883,264
6884,264
6885,264
6886,264
6887,264
6888,264
6889,264
6890,262
6891,262
6892,262
6893,262
6894,262
6895,262
6896,262
6897,262
6898,262
6899,262
6900,259
6901,259
6902,259
6903,259
6904,259
6905,259
6906,259
6907,259
6908,259
6909,259
6910,255
6911,255
6912,255
6913,255
6914,255
6915,255
6916,255
6917,255
6918,255
6919,255
6920,262
6921,262
6922,262
6923,262
6924,262
6925,262
6926,262
6927,262
6928,262
6929,262
6930,262
6931,262
6932,262
6933,262
6934,262
6935,262
6936,262
6937,262
6938,262
6939,262
6940,260
6941,260
6942,260
6943,260
6944,260
6945,260
6946,260
6947,260
6948,260
6949,260
6950,256
6951,256
6952,256
6953,256
6954,256
6955,256
6956,256
6957,256
6958,256
6959,256
6960,253
6961,253
6962,253
6963,253
6964,253
6965,253
6966,253
6967,253
6968,253
6969,253
6970,260
6971,260
6972,260
6973,260
6974,260
6975,260
6976,260
6977,260
6978,260
6979,260
6980,263
6981,263
6982,263
6983,263
6984,263
6985,263
6986,263
6987,263
6988,263
6989,263
6990,261
6991,261
6992,261
6993,261
6994,261
6995,261
6996,261
6997,261
6998,261
6999,261
7000,258
