1,0
2,0
3,0
4,0
5,0
6,0
7,0
8,0
9,0
10,19
11,19
12,19
13,19
14,19
15,19
16,19
17,19
18,19
19,19
20,89
21,89
22,89
23,89
24,89
25,89
26,89
27,89
28,89
29,89
30,147
31,147
32,147
33,147
34,147
35,147
36,147
37,147
38,147
39,147
40,190
41,190
42,190
43,190
44,190
45,190
46,190
47,190
48,190
49,190
50,213
51,213
52,213
53,213
54,213
55,213
56,213
57,213
58,213
59,213
60,231
61,231
62,231
63,231
64,231
65,231
66,231
67,231
68,231
69,231
70,243
71,243
72,243
73,243
74,243
75,243
76,243
77,243
78,243
79,243
80,254
81,254
82,254
83,254
84,254
85,254
86,254
87,254
88,254
89,254
90,264
91,264
92,264
93,264
94,264
95,264
96,264
97,264
98,264
99,264
100,272
101,272
102,272
103,272
104,272
105,272
106,272
107,272
108,272
109,272
110,280
111,280
112,280
113,280
114,280
115,280
116,280
117,280
118,280
119,280
120,285
121,285
122,285
123,285
124,285
125,285
126,285
127,285
128,285
129,285
130,291
131,291
132,291
133,291
134,291
135,291
136,291
137,291
138,291
139,291
140,295
141,295
142,295
143,295
144,295
145,295
146,295
147,295
148,295
149,295
150,301
151,301
152,301
153,301
154,301
155,301
156,301
157,301
158,301
159,301
160,306
161,306
162,306
163,306
164,306
165,306
166,306
167,306
168,306
169,306
170,311
171,311
172,311
173,311
174,311
175,311
176,311
177,311
178,311
179,311
180,315
181,315
182,315
183,315
184,315
185,315
186,315
187,315
188,315
189,315
190,312
191,312
192,312
193,312
194,312
195,312
196,312
197,312
198,312
199,312
200,316
201,316
202,316
203,316
204,316
205,316
206,316
207,316
208,316
209,316
210,320
211,320
212,320
213,320
214,320
215,320
216,320
217,320
218,320
219,320
220,324
221,324
222,324
223,324
224,324
225,324
226,324
227,324
228,324
229,324
230,327
231,327
232,327
233,327
234,327
235,327
236,327
237,327
238,327
239,327
240,323
241,323
242,323
243,323
244,323
245,323
246,323
247,323
248,323
249,323
250,326
251,326
252,326
253,326
254,326
255,326
256,326
257,326
258,326
259,326
260,328
261,328
262,328
263,328
264,328
265,328
266,328
267,328
268,328
269,328
270,331
271,331
272,331
273,331
274,331
275,331
276,331
277,331
278,331
279,331
280,332
281,332
282,332
283,332
284,332
285,332
286,332
287,332
288,332
289,332
290,327
291,327
292,327
293,327
294,327
295,327
296,327
297,327
298,327
299,327
300,327
301,327
302,327
303,327
304,327
305,327
306,327
307,327
308,327
309,327
310,329
311,329
312,329
313,329
314,329
315,329
316,329
317,329
318,329
319,329
320,330
321,330
322,330
323,330
324,330
325,330
326,330
327,330
328,330
329,330
330,331
331,331
332,331
333,331
334,331
335,331
336,331
337,331
338,331
339,331
340,325
341,325
342,325
343,325
344,325
345,325
346,325
347,325
348,325
349,325
350,324
351,324
352,324
353,324
354,324
355,324
356,324
357,324
358,324
359,324
360,324
361,324
362,324
363,324
364,324
365,324
366,324
367,324
368,324
369,324
370,324
371,324
372,324
373,324
374,324
375,324
376,324
377,324
378,324
379,324
380,323
381,323
382,323
383,323
384,323
385,323
386,323
387,323
388,323
389,323
390,317
391,317
392,317
393,317
394,317
395,317
396,317
397,317
398,317
399,317
400,314
401,314
402,314
403,314
404,314
405,314
406,314
407,314
408,314
409,314
410,312
411,312
412,312
413,312
414,312
415,312
416,312
417,312
418,312
419,312
420,309
421,309
422,309
423,309
424,309
425,309
426,309
427,309
428,309
429,309
430,306
431,306
432,306
433,306
434,306
435,306
436,306
437,306
438,306
439,306
440,302
441,302
442,302
443,302
444,302
445,302
446,302
447,302
448,302
449,302
450,300
451,300
452,300
453,300
454,300
455,300
456,300
457,300
458,300
459,300
460,297
461,297
462,297
463,297
464,297
465,297
466,297
467,297
468,297
469,297
470,292
471,292
472,292
473,292
474,292
475,292
476,292
477,292
478,292
479,292
480,286
481,286
482,286
483,286
484,286
485,286
486,286
487,286
488,286
489,286
490,282
491,282
492,282
493,282
494,282
495,282
496,282
497,282
498,282
499,282
500,281
501,281
502,281
503,281
504,281
505,281
506,281
507,281
508,281
509,281
510,275
511,275
512,275
513,275
514,275
515,275
516,275
517,275
518,275
519,275
520,268
521,268
522,268
523,268
524,268
525,268
526,268
527,268
528,268
529,268
530,259
531,259
532,259
533,259
534,259
535,259
536,259
537,259
538,259
539,259
540,257
541,257
542,257
543,257
544,257
545,257
546,257
547,257
548,257
549,257
550,260
551,260
552,260
553,260
554,260
555,260
556,260
557,260
558,260
559,260
560,252
561,252
562,252
563,252
564,252
565,252
566,252
567,252
568,252
569,252
570,244
571,244
572,244
573,244
574,244
575,244
576,244
577,244
578,244
579,244
580,233
581,233
582,233
583,233
584,233
585,233
586,233
587,233
588,233
589,233
590,230
591,230
592,230
593,230
594,230
595,230
596,230
597,230
598,230
599,230
600,234
601,234
602,234
603,234
604,234
605,234
606,234
607,234
608,234
609,234
610,227
611,227
612,227
613,227
614,227
615,227
616,227
617,227
618,227
619,227
620,216
621,216
622,216
623,216
624,216
625,216
626,216
627,216
628,216
629,216
630,205
631,205
632,205
633,205
634,205
635,205
636,205
637,205
638,205
639,205
640,204
641,204
642,204
643,204
644,204
645,204
646,204
647,204
648,204
649,204
650,207
651,207
652,207
653,207
654,207
655,207
656,207
657,207
658,207
659,207
660,205
661,205
662,205
663,205
664,205
665,205
666,205
667,205
668,205
669,205
670,194
671,194
672,194
673,194
674,194
675,194
676,194
677,194
678,194
679,194
680,182
681,182
682,182
683,182
684,182
685,182
686,182
687,182
688,182
689,182
690,181
691,181
692,181
693,181
694,181
695,181
696,181
697,181
698,181
699,181
700,184
701,184
702,184
703,184
704,184
705,184
706,184
707,184
708,184
709,184
710,184
711,184
712,184
713,184
714,184
715,184
716,184
717,184
718,184
719,184
720,174
721,174
722,174
723,174
724,174
725,174
726,174
727,174
728,174
729,174
730,163
731,163
732,163
733,163
734,163
735,163
736,163
737,163
738,163
739,163
740,164
741,164
742,164
743,164
744,164
745,164
746,164
747,164
748,164
749,164
750,167
751,167
752,167
753,167
754,167
755,167
756,167
757,167
758,167
759,167
760,171
761,171
762,171
763,171
764,171
765,171
766,171
767,171
768,171
769,171
770,165
771,165
772,165
773,165
774,165
775,165
776,165
777,165
778,165
779,165
780,155
781,155
782,155
783,155
784,155
785,155
786,155
787,155
788,155
789,155
790,157
791,157
792,157
793,157
794,157
795,157
796,157
797,157
798,157
799,157
800,162
801,162
802,162
803,162
804,162
805,162
806,162
807,162
808,162
809,162
810,168
811,168
812,168
813,168
814,168
815,168
816,168
817,168
818,168
819,168
820,163
821,163
822,163
823,163
824,163
825,163
826,163
827,163
828,163
829,163
830,154
831,154
832,154
833,154
834,154
835,154
836,154
837,154
838,154
839,154
840,158
841,158
842,158
843,158
844,158
845,158
846,158
847,158
848,158
849,158
850,165
851,165
852,165
853,165
854,165
855,165
856,165
857,165
858,165
859,165
860,173
861,173
862,173
863,173
864,173
865,173
866,173
867,173
868,173
869,173
870,172
871,172
872,172
873,172
874,172
875,172
876,172
877,172
878,172
879,172
880,167
881,167
882,167
883,167
884,167
885,167
886,167
887,167
888,167
889,167
890,169
891,169
892,169
893,169
894,169
895,169
896,169
897,169
898,169
899,169
900,178
901,178
902,178
903,178
904,178
905,178
906,178
907,178
908,178
909,178
910,189
911,189
912,189
913,189
914,189
915,189
916,189
917,189
918,189
919,189
920,190
921,190
922,190
923,190
924,190
925,190
926,190
927,190
928,190
929,190
930,187
931,187
932,187
933,187
934,187
935,187
936,187
937,187
938,187
939,187
940,188
941,188
942,188
943,188
944,188
945,188
946,188
947,188
948,188
949,188
950,200
951,200
952,200
953,200
954,200
955,200
956,200
957,200
958,200
959,200
960,212
961,212
962,212
963,212
964,212
965,212
966,212
967,212
968,212
969,212
970,214
971,214
972,214
973,214
974,214
975,214
976,214
977,214
978,214
979,214
980,214
981,214
982,214
983,214
984,214
985,214
986,214
987,214
988,214
989,214
990,214
991,214
992,214
993,214
994,214
995,214
996,214
997,214
998,214
999,214
1000,225
1001,225
1002,225
1003,225
1004,225
1005,225
1006,225
1007,225
1008,225
1009,225
1010,237
1011,237
1012,237
1013,237
1014,237
1015,237
1016,237
1017,237
1018,237
1019,237
1020,239
1021,239
1022,239
1023,239
1024,239
1025,239
1026,239
1027,239
1028,239
1029,239
1030,241
1031,241
1032,241
1033,241
1034,241
1035,241
1036,241
1037,241
1038,241
1039,241
1040,242
1041,242
1042,242
1043,242
1044,242
1045,242
1046,242
1047,242
1048,242
1049,242
1050,250
1051,250
1052,250
1053,250
1054,250
1055,250
1056,250
1057,250
1058,250
1059,250
1060,262
1061,262
1062,262
1063,262
1064,262
1065,262
1066,262
1067,262
1068,262
1069,262
1070,266
1071,266
1072,266
1073,266
1074,266
1075,266
1076,266
1077,266
1078,266
1079,266
1080,269
1081,269
1082,269
1083,269
1084,269
1085,269
1086,269
1087,269
1088,269
1089,269
1090,272
1091,272
1092,272
1093,272
1094,272
1095,272
1096,272
1097,272
1098,272
1099,272
1100,276
1101,276
1102,276
1103,276
1104,276
1105,276
1106,276
1107,276
1108,276
1109,276
1110,284
1111,284
1112,284
1113,284
1114,284
1115,284
1116,284
1117,284
1118,284
1119,284
1120,288
1121,288
1122,288
1123,288
1124,288
1125,288
1126,288
1127,288
1128,288
1129,288
1130,292
1131,292
1132,292
1133,292
1134,292
1135,292
1136,292
1137,292
1138,292
1139,292
1140,295
1141,295
1142,295
1143,295
1144,295
1145,295
1146,295
1147,295
1148,295
1149,295
1150,298
1151,298
1152,298
1153,298
1154,298
1155,298
1156,298
1157,298
1158,298
1159,298
1160,303
1161,303
1162,303
1163,303
1164,303
1165,303
1166,303
1167,303
1168,303
1169,303
1170,308
1171,308
1172,308
1173,308
1174,308
1175,308
1176,308
1177,308
1178,308
1179,308
1180,312
1181,312
1182,312
1183,312
1184,312
1185,312
1186,312
1187,312
1188,312
1189,312
1190,315
1191,315
1192,315
1193,315
1194,315
1195,315
1196,315
1197,315
1198,315
1199,315
1200,319
1201,319
1202,319
1203,319
1204,319
1205,319
1206,319
1207,319
1208,319
1209,319
1210,317
1211,317
1212,317
1213,317
1214,317
1215,317
1216,317
1217,317
1218,317
1219,317
1220,321
1221,321
1222,321
1223,321
1224,321
1225,321
1226,321
1227,321
1228,321
1229,321
1230,324
1231,324
1232,324
1233,324
1234,324
1235,324
1236,324
1237,324
1238,324
1239,324
1240,328
1241,328
1242,328
1243,328
1244,328
1245,328
1246,328
1247,328
1248,328
1249,328
1250,331
1251,331
1252,331
1253,331
1254,331
1255,331
1256,331
1257,331
1258,331
1259,331
1260,328
1261,328
1262,328
1263,328
1264,328
1265,328
1266,328
1267,328
1268,328
1269,328
1270,330
1271,330
1272,330
1273,330
1274,330
1275,330
1276,330
1277,330
1278,330
1279,330
1280,333
1281,333
1282,333
1283,333
1284,333
1285,333
1286,333
1287,333
1288,333
1289,333
1290,336
1291,336
1292,336
1293,336
1294,336
1295,336
1296,336
1297,336
1298,336
1299,336
1300,338
1301,338
1302,338
1303,338
1304,338
1305,338
1306,338
1307,338
1308,338
1309,338
1310,332
1311,332
1312,332
1313,332
1314,332
1315,332
1316,332
1317,332
1318,332
1319,332
1320,332
1321,332
1322,332
1323,332
1324,332
1325,332
1326,332
1327,332
1328,332
1329,332
1330,334
1331,334
1332,334
1333,334
1334,334
1335,334
1336,334
1337,334
1338,334
1339,334
1340,336
1341,336
1342,336
1343,336
1344,336
1345,336
1346,336
1347,336
1348,336
1349,336
1350,337
1351,337
1352,337
1353,337
1354,337
1355,337
1356,337
1357,337
1358,337
1359,337
1360,332
1361,332
1362,332
1363,332
1364,332
1365,332
1366,332
1367,332
1368,332
1369,332
1370,331
1371,331
1372,331
1373,331
1374,331
1375,331
1376,331
1377,331
1378,331
1379,331
1380,332
1381,332
1382,332
1383,332
1384,332
1385,332
1386,332
1387,332
1388,332
1389,332
1390,332
1391,332
1392,332
1393,332
1394,332
1395,332
1396,332
1397,332
1398,332
1399,332
1400,332
1401,332
1402,332
1403,332
1404,332
1405,332
1406,332
1407,332
1408,332
1409,332
1410,326
1411,326
1412,326
1413,326
1414,326
1415,326
1416,326
1417,326
1418,326
1419,326
1420,323
1421,323
1422,323
1423,323
1424,323
1425,323
1426,323
1427,323
1428,323
1429,323
1430,322
1431,322
1432,322
1433,322
1434,322
1435,322
1436,322
1437,322
1438,322
1439,322
1440,320
1441,320
1442,320
1443,320
1444,320
1445,320
1446,320
1447,320
1448,320
1449,320
1450,318
1451,318
1452,318
1453,318
1454,318
1455,318
1456,318
1457,318
1458,318
1459,318
1460,314
1461,314
1462,314
1463,314
1464,314
1465,314
1466,314
1467,314
1468,314
1469,314
1470,311
1471,311
1472,311
1473,311
1474,311
1475,311
1476,311
1477,311
1478,311
1479,311
1480,308
1481,308
1482,308
1483,308
1484,308
1485,308
1486,308
1487,308
1488,308
1489,308
1490,305
1491,305
1492,305
1493,305
1494,305
1495,305
1496,305
1497,305
1498,305
1499,305
1500,300
1501,300
1502,300
1503,300
1504,300
1505,300
1506,300
1507,300
1508,300
1509,300
1510,296
1511,296
1512,296
1513,296
1514,296
1515,296
1516,296
1517,296
1518,296
1519,296
1520,293
1521,293
1522,293
1523,293
1524,293
1525,293
1526,293
1527,293
1528,293
1529,293
1530,289
1531,289
1532,289
1533,289
1534,289
1535,289
1536,289
1537,289
1538,289
1539,289
1540,283
1541,283
1542,283
1543,283
1544,283
1545,283
1546,283
1547,283
1548,283
1549,283
1550,276
1551,276
1552,276
1553,276
1554,276
1555,276
1556,276
1557,276
1558,276
1559,276
1560,272
1561,272
1562,272
1563,272
1564,272
1565,272
1566,272
1567,272
1568,272
1569,272
1570,274
1571,274
1572,274
1573,274
1574,274
1575,274
1576,274
1577,274
1578,274
1579,274
1580,268
1581,268
1582,268
1583,268
1584,268
1585,268
1586,268
1587,268
1588,268
1589,268
1590,260
1591,260
1592,260
1593,260
1594,260
1595,260
1596,260
1597,260
1598,260
1599,260
1600,250
1601,250
1602,250
1603,250
1604,250
1605,250
1606,250
1607,250
1608,250
1609,250
1610,246
1611,246
1612,246
1613,246
1614,246
1615,246
1616,246
1617,246
1618,246
1619,246
1620,249
1621,249
1622,249
1623,249
1624,249
1625,249
1626,249
1627,249
1628,249
1629,249
1630,242
1631,242
1632,242
1633,242
1634,242
1635,242
1636,242
1637,242
1638,242
1639,242
1640,232
1641,232
1642,232
1643,232
1644,232
1645,232
1646,232
1647,232
1648,232
1649,232
1650,220
1651,220
1652,220
1653,220
1654,220
1655,220
1656,220
1657,220
1658,220
1659,220
1660,219
1661,219
1662,219
1663,219
1664,219
1665,219
1666,219
1667,219
1668,219
1669,219
1670,222
1671,222
1672,222
1673,222
1674,222
1675,222
1676,222
1677,222
1678,222
1679,222
1680,218
1681,218
1682,218
1683,218
1684,218
1685,218
1686,218
1687,218
1688,218
1689,218
1690,208
1691,208
1692,208
1693,208
1694,208
1695,208
1696,208
1697,208
1698,208
1699,208
1700,196
1701,196
1702,196
1703,196
1704,196
1705,196
1706,196
1707,196
1708,196
1709,196
1710,194
1711,194
1712,194
1713,194
1714,194
1715,194
1716,194
1717,194
1718,194
1719,194
1720,196
1721,196
1722,196
1723,196
1724,196
1725,196
1726,196
1727,196
1728,196
1729,196
1730,195
1731,195
1732,195
1733,195
1734,195
1735,195
1736,195
1737,195
1738,195
1739,195
1740,185
1741,185
1742,185
1743,185
1744,185
1745,185
1746,185
1747,185
1748,185
1749,185
1750,173
1751,173
1752,173
1753,173
1754,173
1755,173
1756,173
1757,173
1758,173
1759,173
1760,173
1761,173
1762,173
1763,173
1764,173
1765,173
1766,173
1767,173
1768,173
1769,173
1770,175
1771,175
1772,175
1773,175
1774,175
1775,175
1776,175
1777,175
1778,175
1779,175
1780,178
1781,178
1782,178
1783,178
1784,178
1785,178
1786,178
1787,178
1788,178
1789,178
1790,170
1791,170
1792,170
1793,170
1794,170
1795,170
1796,170
1797,170
1798,170
1799,170
1800,159
1801,159
1802,159
1803,159
1804,159
1805,159
1806,159
1807,159
1808,159
1809,159
1810,159
1811,159
1812,159
1813,159
1814,159
1815,159
1816,159
1817,159
1818,159
1819,159
1820,164
1821,164
1822,164
1823,164
1824,164
1825,164
1826,164
1827,164
1828,164
1829,164
1830,169
1831,169
1832,169
1833,169
1834,169
1835,169
1836,169
1837,169
1838,169
1839,169
1840,163
1841,163
1842,163
1843,163
1844,163
1845,163
1846,163
1847,163
1848,163
1849,163
1850,154
1851,154
1852,154
1853,154
1854,154
1855,154
1856,154
1857,154
1858,154
1859,154
1860,156
1861,156
1862,156
1863,156
1864,156
1865,156
1866,156
1867,156
1868,156
1869,156
1870,161
1871,161
1872,161
1873,161
1874,161
1875,161
1876,161
1877,161
1878,161
1879,161
1880,169
1881,169
1882,169
1883,169
1884,169
1885,169
1886,169
1887,169
1888,169
1889,169
1890,168
1891,168
1892,168
1893,168
1894,168
1895,168
1896,168
1897,168
1898,168
1899,168
1900,160
1901,160
1902,160
1903,160
1904,160
1905,160
1906,160
1907,160
1908,160
1909,160
1910,162
1911,162
1912,162
1913,162
1914,162
1915,162
1916,162
1917,162
1918,162
1919,162
1920,170
1921,170
1922,170
1923,170
1924,170
1925,170
1926,170
1927,170
1928,170
1929,170
1930,180
1931,180
1932,180
1933,180
1934,180
1935,180
1936,180
1937,180
1938,180
1939,180
1940,180
1941,180
1942,180
1943,180
1944,180
1945,180
1946,180
1947,180
1948,180
1949,180
1950,175
1951,175
1952,175
1953,175
1954,175
1955,175
1956,175
1957,175
1958,175
1959,175
1960,177
1961,177
1962,177
1963,177
1964,177
1965,177
1966,177
1967,177
1968,177
1969,177
1970,188
1971,188
1972,188
1973,188
1974,188
1975,188
1976,188
1977,188
1978,188
1979,188
1980,199
1981,199
1982,199
1983,199
1984,199
1985,199
1986,199
1987,199
1988,199
1989,199
1990,202
1991,202
1992,202
1993,202
1994,202
1995,202
1996,202
1997,202
1998,202
1999,202
2000,200
2001,200
2002,200
2003,200
2004,200
2005,200
2006,200
2007,200
2008,200
2009,200
2010,200
2011,200
2012,200
2013,200
2014,200
2015,200
2016,200
2017,200
2018,200
2019,200
2020,211
2021,211
2022,211
2023,211
2024,211
2025,211
2026,211
2027,211
2028,211
2029,211
2030,223
2031,223
2032,223
2033,223
2034,223
2035,223
2036,223
2037,223
2038,223
2039,223
2040,225
2041,225
2042,225
2043,225
2044,225
2045,225
2046,225
2047,225
2048,225
2049,225
2050,226
2051,226
2052,226
2053,226
2054,226
2055,226
2056,226
2057,226
2058,226
2059,226
2060,226
2061,226
2062,226
2063,226
2064,226
2065,226
2066,226
2067,226
2068,226
2069,226
2070,236
2071,236
2072,236
2073,236
2074,236
2075,236
2076,236
2077,236
2078,236
2079,236
2080,249
2081,249
2082,249
2083,249
2084,249
2085,249
2086,249
2087,249
2088,249
2089,249
2090,252
2091,252
2092,252
2093,252
2094,252
2095,252
2096,252
2097,252
2098,252
2099,252
2100,256
2101,256
2102,256
2103,256
2104,256
2105,256
2106,256
2107,256
2108,256
2109,256
2110,258
2111,258
2112,258
2113,258
2114,258
2115,258
2116,258
2117,258
2118,258
2119,258
2120,263
2121,263
2122,263
2123,263
2124,263
2125,263
2126,263
2127,263
2128,263
2129,263
2130,273
2131,273
2132,273
2133,273
2134,273
2135,273
2136,273
2137,273
2138,273
2139,273
2140,276
2141,276
2142,276
2143,276
2144,276
2145,276
2146,276
2147,276
2148,276
2149,276
2150,280
2151,280
2152,280
2153,280
2154,280
2155,280
2156,280
2157,280
2158,280
2159,280
2160,283
2161,283
2162,283
2163,283
2164,283
2165,283
2166,283
2167,283
2168,283
2169,283
2170,287
2171,287
2172,287
2173,287
2174,287
2175,287
2176,287
2177,287
2178,287
2179,287
2180,294
2181,294
2182,294
2183,294
2184,294
2185,294
2186,294
2187,294
2188,294
2189,294
2190,298
2191,298
2192,298
2193,298
2194,298
2195,298
2196,298
2197,298
2198,298
2199,298
2200,302
2201,302
2202,302
2203,302
2204,302
2205,302
2206,302
2207,302
2208,302
2209,302
2210,306
2211,306
2212,306
2213,306
2214,306
2215,306
2216,306
2217,306
2218,306
2219,306
2220,309
2221,309
2222,309
2223,309
2224,309
2225,309
2226,309
2227,309
2228,309
2229,309
2230,310
2231,310
2232,310
2233,310
2234,310
2235,310
2236,310
2237,310
2238,310
2239,310
2240,314
2241,314
2242,314
2243,314
2244,314
2245,314
2246,314
2247,314
2248,314
2249,314
2250,318
2251,318
2252,318
2253,318
2254,318
2255,318
2256,318
2257,318
2258,318
2259,318
2260,322
2261,322
2262,322
2263,322
2264,322
2265,322
2266,322
2267,322
2268,322
2269,322
2270,325
2271,325
2272,325
2273,325
2274,325
2275,325
2276,325
2277,325
2278,325
2279,325
2280,323
2281,323
2282,323
2283,323
2284,323
2285,323
2286,323
2287,323
2288,323
2289,323
2290,326
2291,326
2292,326
2293,326
2294,326
2295,326
2296,326
2297,326
2298,326
2299,326
2300,330
2301,330
2302,330
2303,330
2304,330
2305,330
2306,330
2307,330
2308,330
2309,330
2310,333
2311,333
2312,333
2313,333
2314,333
2315,333
2316,333
2317,333
2318,333
2319,333
2320,336
2321,336
2322,336
2323,336
2324,336
2325,336
2326,336
2327,336
2328,336
2329,336
2330,331
2331,331
2332,331
2333,331
2334,331
2335,331
2336,331
2337,331
2338,331
2339,331
2340,332
2341,332
2342,332
2343,332
2344,332
2345,332
2346,332
2347,332
2348,332
2349,332
2350,334
2351,334
2352,334
2353,334
2354,334
2355,334
2356,334
2357,334
2358,334
2359,334
2360,336
2361,336
2362,336
2363,336
2364,336
2365,336
2366,336
2367,336
2368,336
2369,336
2370,338
2371,338
2372,338
2373,338
2374,338
2375,338
2376,338
2377,338
2378,338
2379,338
2380,333
2381,333
2382,333
2383,333
2384,333
2385,333
2386,333
2387,333
2388,333
2389,333
2390,333
2391,333
2392,333
2393,333
2394,333
2395,333
2396,333
2397,333
2398,333
2399,333
2400,334
2401,334
2402,334
2403,334
2404,334
2405,334
2406,334
2407,334
2408,334
2409,334
2410,336
2411,336
2412,336
2413,336
2414,336
2415,336
2416,336
2417,336
2418,336
2419,336
2420,337
2421,337
2422,337
2423,337
2424,337
2425,337
2426,337
2427,337
2428,337
2429,337
2430,330
2431,330
2432,330
2433,330
2434,330
2435,330
2436,330
2437,330
2438,330
2439,330
2440,328
2441,328
2442,328
2443,328
2444,328
2445,328
2446,328
2447,328
2448,328
2449,328
2450,327
2451,327
2452,327
2453,327
2454,327
2455,327
2456,327
2457,327
2458,327
2459,327
2460,327
2461,327
2462,327
2463,327
2464,327
2465,327
2466,327
2467,327
2468,327
2469,327
2470,326
2471,326
2472,326
2473,326
2474,326
2475,326
2476,326
2477,326
2478,326
2479,326
2480,322
2481,322
2482,322
2483,322
2484,322
2485,322
2486,322
2487,322
2488,322
2489,322
2490,319
2491,319
2492,319
2493,319
2494,319
2495,319
2496,319
2497,319
2498,319
2499,319
2500,317
2501,317
2502,317
2503,317
2504,317
2505,317
2506,317
2507,317
2508,317
2509,317
2510,315
2511,315
2512,315
2513,315
2514,315
2515,315
2516,315
2517,315
2518,315
2519,315
2520,312
2521,312
2522,312
2523,312
2524,312
2525,312
2526,312
2527,312
2528,312
2529,312
2530,306
2531,306
2532,306
2533,306
2534,306
2535,306
2536,306
2537,306
2538,306
2539,306
2540,303
2541,303
2542,303
2543,303
2544,303
2545,303
2546,303
2547,303
2548,303
2549,303
2550,299
2551,299
2552,299
2553,299
2554,299
2555,299
2556,299
2557,299
2558,299
2559,299
2560,296
2561,296
2562,296
2563,296
2564,296
2565,296
2566,296
2567,296
2568,296
2569,296
2570,289
2571,289
2572,289
2573,289
2574,289
2575,289
2576,289
2577,289
2578,289
2579,289
2580,285
2581,285
2582,285
2583,285
2584,285
2585,285
2586,285
2587,285
2588,285
2589,285
2590,286
2591,286
2592,286
2593,286
2594,286
2595,286
2596,286
2597,286
2598,286
2599,286
2600,280
2601,280
2602,280
2603,280
2604,280
2605,280
2606,280
2607,280
2608,280
2609,280
2610,274
2611,274
2612,274
2613,274
2614,274
2615,274
2616,274
2617,274
2618,274
2619,274
2620,265
2621,265
2622,265
2623,265
2624,265
2625,265
2626,265
2627,265
2628,265
2629,265
2630,260
2631,260
2632,260
2633,260
2634,260
2635,260
2636,260
2637,260
2638,260
2639,260
2640,262
2641,262
2642,262
2643,262
2644,262
2645,262
2646,262
2647,262
2648,262
2649,262
2650,256
2651,256
2652,256
2653,256
2654,256
2655,256
2656,256
2657,256
2658,256
2659,256
2660,246
2661,246
2662,246
2663,246
2664,246
2665,246
2666,246
2667,246
2668,246
2669,246
2670,236
2671,236
2672,236
2673,236
2674,236
2675,236
2676,236
2677,236
2678,236
2679,236
2680,233
2681,233
2682,233
2683,233
2684,233
2685,233
2686,233
2687,233
2688,233
2689,233
2690,237
2691,237
2692,237
2693,237
2694,237
2695,237
2696,237
2697,237
2698,237
2699,237
2700,232
2701,232
2702,232
2703,232
2704,232
2705,232
2706,232
2707,232
2708,232
2709,232
2710,222
2711,222
2712,222
2713,222
2714,222
2715,222
2716,222
2717,222
2718,222
2719,222
2720,210
2721,210
2722,210
2723,210
2724,210
2725,210
2726,210
2727,210
2728,210
2729,210
2730,207
2731,207
2732,207
2733,207
2734,207
2735,207
2736,207
2737,207
2738,207
2739,207
2740,210
2741,210
2742,210
2743,210
2744,210
2745,210
2746,210
2747,210
2748,210
2749,210
2750,207
2751,207
2752,207
2753,207
2754,207
2755,207
2756,207
2757,207
2758,207
2759,207
2760,196
2761,196
2762,196
2763,196
2764,196
2765,196
2766,196
2767,196
2768,196
2769,196
2770,184
2771,184
2772,184
2773,184
2774,184
2775,184
2776,184
2777,184
2778,184
2779,184
2780,183
2781,183
2782,183
2783,183
2784,183
2785,183
2786,183
2787,183
2788,183
2789,183
2790,186
2791,186
2792,186
2793,186
2794,186
2795,186
2796,186
2797,186
2798,186
2799,186
2800,187
2801,187
2802,187
2803,187
2804,187
2805,187
2806,187
2807,187
2808,187
2809,187
2810,178
2811,178
2812,178
2813,178
2814,178
2815,178
2816,178
2817,178
2818,178
2819,178
2820,167
2821,167
2822,167
2823,167
2824,167
2825,167
2826,167
2827,167
2828,167
2829,167
2830,165
2831,165
2832,165
2833,165
2834,165
2835,165
2836,165
2837,165
2838,165
2839,165
2840,168
2841,168
2842,168
2843,168
2844,168
2845,168
2846,168
2847,168
2848,168
2849,168
2850,172
2851,172
2852,172
2853,172
2854,172
2855,172
2856,172
2857,172
2858,172
2859,172
2860,165
2861,165
2862,165
2863,165
2864,165
2865,165
2866,165
2867,165
2868,165
2869,165
2870,155
2871,155
2872,155
2873,155
2874,155
2875,155
2876,155
2877,155
2878,155
2879,155
2880,156
2881,156
2882,156
2883,156
2884,156
2885,156
2886,156
2887,156
2888,156
2889,156
2890,162
2891,162
2892,162
2893,162
2894,162
2895,162
2896,162
2897,162
2898,162
2899,162
2900,168
2901,168
2902,168
2903,168
2904,168
2905,168
2906,168
2907,168
2908,168
2909,168
2910,165
2911,165
2912,165
2913,165
2914,165
2915,165
2916,165
2917,165
2918,165
2919,165
2920,156
2921,156
2922,156
2923,156
2924,156
2925,156
2926,156
2927,156
2928,156
2929,156
2930,157
2931,157
2932,157
2933,157
2934,157
2935,157
2936,157
2937,157
2938,157
2939,157
2940,164
2941,164
2942,164
2943,164
2944,164
2945,164
2946,164
2947,164
2948,164
2949,164
2950,172
2951,172
2952,172
2953,172
2954,172
2955,172
2956,172
2957,172
2958,172
2959,172
2960,172
2961,172
2962,172
2963,172
2964,172
2965,172
2966,172
2967,172
2968,172
2969,172
2970,166
2971,166
2972,166
2973,166
2974,166
2975,166
2976,166
2977,166
2978,166
2979,166
2980,167
2981,167
2982,167
2983,167
2984,167
2985,167
2986,167
2987,167
2988,167
2989,167
2990,177
2991,177
2992,177
2993,177
2994,177
2995,177
2996,177
2997,177
2998,177
2999,177
3000,187
3001,187
3002,187
3003,187
3004,187
3005,187
3006,187
3007,187
3008,187
3009,187
3010,190
3011,190
3012,190
3013,190
3014,190
3015,190
3016,190
3017,190
3018,190
3019,190
3020,187
3021,187
3022,187
3023,187
3024,187
3025,187
3026,187
3027,187
3028,187
3029,187
3030,186
3031,186
3032,186
3033,186
3034,186
3035,186
3036,186
3037,186
3038,186
3039,186
3040,197
3041,197
3042,197
3043,197
3044,197
3045,197
3046,197
3047,197
3048,197
3049,197
3050,210
3051,210
3052,210
3053,210
3054,210
3055,210
3056,210
3057,210
3058,210
3059,210
3060,212
3061,212
3062,212
3063,212
3064,212
3065,212
3066,212
3067,212
3068,212
3069,212
3070,211
3071,211
3072,211
3073,211
3074,211
3075,211
3076,211
3077,211
3078,211
3079,211
3080,211
3081,211
3082,211
3083,211
3084,211
3085,211
3086,211
3087,211
3088,211
3089,211
3090,222
3091,222
3092,222
3093,222
3094,222
3095,222
3096,222
3097,222
3098,222
3099,222
3100,235
3101,235
3102,235
3103,235
3104,235
3105,235
3106,235
3107,235
3108,235
3109,235
3110,238
3111,238
3112,238
3113,238
3114,238
3115,238
3116,238
3117,238
3118,238
3119,238
3120,240
3121,240
3122,240
3123,240
3124,240
3125,240
3126,240
3127,240
3128,240
3129,240
3130,242
3131,242
3132,242
3133,242
3134,242
3135,242
3136,242
3137,242
3138,242
3139,242
3140,248
3141,248
3142,248
3143,248
3144,248
3145,248
3146,248
3147,248
3148,248
3149,248
3150,260
3151,260
3152,260
3153,260
3154,260
3155,260
3156,260
3157,260
3158,260
3159,260
3160,263
3161,263
3162,263
3163,263
3164,263
3165,263
3166,263
3167,263
3168,263
3169,263
3170,267
3171,267
3172,267
3173,267
3174,267
3175,267
3176,267
3177,267
3178,267
3179,267
3180,269
3181,269
3182,269
3183,269
3184,269
3185,269
3186,269
3187,269
3188,269
3189,269
3190,273
3191,273
3192,273
3193,273
3194,273
3195,273
3196,273
3197,273
3198,273
3199,273
3200,283
3201,283
3202,283
3203,283
3204,283
3205,283
3206,283
3207,283
3208,283
3209,283
3210,288
3211,288
3212,288
3213,288
3214,288
3215,288
3216,288
3217,288
3218,288
3219,288
3220,291
3221,291
3222,291
3223,291
3224,291
3225,291
3226,291
3227,291
3228,291
3229,291
3230,295
3231,295
3232,295
3233,295
3234,295
3235,295
3236,295
3237,295
3238,295
3239,295
3240,298
3241,298
3242,298
3243,298
3244,298
3245,298
3246,298
3247,298
3248,298
3249,298
3250,301
3251,301
3252,301
3253,301
3254,301
3255,301
3256,301
3257,301
3258,301
3259,301
3260,305
3261,305
3262,305
3263,305
3264,305
3265,305
3266,305
3267,305
3268,305
3269,305
3270,310
3271,310
3272,310
3273,310
3274,310
3275,310
3276,310
3277,310
3278,310
3279,310
3280,313
3281,313
3282,313
3283,313
3284,313
3285,313
3286,313
3287,313
3288,313
3289,313
3290,317
3291,317
3292,317
3293,317
3294,317
3295,317
3296,317
3297,317
3298,317
3299,317
3300,317
3301,317
3302,317
3303,317
3304,317
3305,317
3306,317
3307,317
3308,317
3309,317
3310,321
3311,321
3312,321
3313,321
3314,321
3315,321
3316,321
3317,321
3318,321
3319,321
3320,325
3321,325
3322,325
3323,325
3324,325
3325,325
3326,325
3327,325
3328,325
3329,325
3330,328
3331,328
3332,328
3333,328
3334,328
3335,328
3336,328
3337,328
3338,328
3339,328
3340,332
3341,332
3342,332
3343,332
3344,332
3345,332
3346,332
3347,332
3348,332
3349,332
3350,328
3351,328
3352,328
3353,328
3354,328
3355,328
3356,328
3357,328
3358,328
3359,328
3360,329
3361,329
3362,329
3363,329
3364,329
3365,329
3366,329
3367,329
3368,329
3369,329
3370,332
3371,332
3372,332
3373,332
3374,332
3375,332
3376,332
3377,332
3378,332
3379,332
3380,335
3381,335
3382,335
3383,335
3384,335
3385,335
3386,335
3387,335
3388,335
3389,335
3390,337
3391,337
3392,337
3393,337
3394,337
3395,337
3396,337
3397,337
3398,337
3399,337
3400,333
3401,333
3402,333
3403,333
3404,333
3405,333
3406,333
3407,333
3408,333
3409,333
3410,333
3411,333
3412,333
3413,333
3414,333
3415,333
3416,333
3417,333
3418,333
3419,333
3420,335
3421,335
3422,335
3423,335
3424,335
3425,335
3426,335
3427,335
3428,335
3429,335
3430,337
3431,337
3432,337
3433,337
3434,337
3435,337
3436,337
3437,337
3438,337
3439,337
3440,339
3441,339
3442,339
3443,339
3444,339
3445,339
3446,339
3447,339
3448,339
3449,339
3450,333
3451,333
3452,333
3453,333
3454,333
3455,333
3456,333
3457,333
3458,333
3459,333
3460,331
3461,331
3462,331
3463,331
3464,331
3465,331
3466,331
3467,331
3468,331
3469,331
3470,331
3471,331
3472,331
3473,331
3474,331
3475,331
3476,331
3477,331
3478,331
3479,331
3480,332
3481,332
3482,332
3483,332
3484,332
3485,332
3486,332
3487,332
3488,332
3489,332
3490,332
3491,332
3492,332
3493,332
3494,332
3495,332
3496,332
3497,332
3498,332
3499,332
3500,327
3501,327
3502,327
3503,327
3504,327
3505,327
3506,327
3507,327
3508,327
3509,327
3510,324
3511,324
3512,324
3513,324
3514,324
3515,324
3516,324
3517,324
3518,324
3519,324
3520,324
3521,324
3522,324
3523,324
3524,324
3525,324
3526,324
3527,324
3528,324
3529,324
3530,322
3531,322
3532,322
3533,322
3534,322
3535,322
3536,322
3537,322
3538,322
3539,322
3540,321
3541,321
3542,321
3543,321
3544,321
3545,321
3546,321
3547,321
3548,321
3549,321
3550,316
3551,316
3552,316
3553,316
3554,316
3555,316
3556,316
3557,316
3558,316
3559,316
3560,312
3561,312
3562,312
3563,312
3564,312
3565,312
3566,312
3567,312
3568,312
3569,312
3570,309
3571,309
3572,309
3573,309
3574,309
3575,309
3576,309
3577,309
3578,309
3579,309
3580,306
3581,306
3582,306
3583,306
3584,306
3585,306
3586,306
3587,306
3588,306
3589,306
3590,301
3591,301
3592,301
3593,301
3594,301
3595,301
3596,301
3597,301
3598,301
3599,301
3600,297
3601,297
3602,297
3603,297
3604,297
3605,297
3606,297
3607,297
3608,297
3609,297
3610,296
3611,296
3612,296
3613,296
3614,296
3615,296
3616,296
3617,296
3618,296
3619,296
3620,292
3621,292
3622,292
3623,292
3624,292
3625,292
3626,292
3627,292
3628,292
3629,292
3630,287
3631,287
3632,287
3633,287
3634,287
3635,287
3636,287
3637,287
3638,287
3639,287
3640,280
3641,280
3642,280
3643,280
3644,280
3645,280
3646,280
3647,280
3648,280
3649,280
3650,274
3651,274
3652,274
3653,274
3654,274
3655,274
3656,274
3657,274
3658,274
3659,274
3660,275
3661,275
3662,275
3663,275
3664,275
3665,275
3666,275
3667,275
3668,275
3669,275
3670,269
3671,269
3672,269
3673,269
3674,269
3675,269
3676,269
3677,269
3678,269
3679,269
3680,261
3681,261
3682,261
3683,261
3684,261
3685,261
3686,261
3687,261
3688,261
3689,261
3690,251
3691,251
3692,251
3693,251
3694,251
3695,251
3696,251
3697,251
3698,251
3699,251
3700,247
3701,247
3702,247
3703,247
3704,247
3705,247
3706,247
3707,247
3708,247
3709,247
3710,251
3711,251
3712,251
3713,251
3714,251
3715,251
3716,251
3717,251
3718,251
3719,251
3720,246
3721,246
3722,246
3723,246
3724,246
3725,246
3726,246
3727,246
3728,246
3729,246
3730,236
3731,236
3732,236
3733,236
3734,236
3735,236
3736,236
3737,236
3738,236
3739,236
3740,225
3741,225
3742,225
3743,225
3744,225
3745,225
3746,225
3747,225
3748,225
3749,225
3750,221
3751,221
3752,221
3753,221
3754,221
3755,221
3756,221
3757,221
3758,221
3759,221
3760,224
3761,224
3762,224
3763,224
3764,224
3765,224
3766,224
3767,224
3768,224
3769,224
3770,220
3771,220
3772,220
3773,220
3774,220
3775,220
3776,220
3777,220
3778,220
3779,220
3780,210
3781,210
3782,210
3783,210
3784,210
3785,210
3786,210
3787,210
3788,210
3789,210
3790,197
3791,197
3792,197
3793,197
3794,197
3795,197
3796,197
3797,197
3798,197
3799,197
3800,195
3801,195
3802,195
3803,195
3804,195
3805,195
3806,195
3807,195
3808,195
3809,195
3810,198
3811,198
3812,198
3813,198
3814,198
3815,198
3816,198
3817,198
3818,198
3819,198
3820,198
3821,198
3822,198
3823,198
3824,198
3825,198
3826,198
3827,198
3828,198
3829,198
3830,188
3831,188
3832,188
3833,188
3834,188
3835,188
3836,188
3837,188
3838,188
3839,188
3840,176
3841,176
3842,176
3843,176
3844,176
3845,176
3846,176
3847,176
3848,176
3849,176
3850,173
3851,173
3852,173
3853,173
3854,173
3855,173
3856,173
3857,173
3858,173
3859,173
3860,176
3861,176
3862,176
3863,176
3864,176
3865,176
3866,176
3867,176
3868,176
3869,176
3870,179
3871,179
3872,179
3873,179
3874,179
3875,179
3876,179
3877,179
3878,179
3879,179
3880,170
3881,170
3882,170
3883,170
3884,170
3885,170
3886,170
3887,170
3888,170
3889,170
3890,160
3891,160
3892,160
3893,160
3894,160
3895,160
3896,160
3897,160
3898,160
3899,160
3900,160
3901,160
3902,160
3903,160
3904,160
3905,160
3906,160
3907,160
3908,160
3909,160
3910,163
3911,163
3912,163
3913,163
3914,163
3915,163
3916,163
3917,163
3918,163
3919,163
3920,169
3921,169
3922,169
3923,169
3924,169
3925,169
3926,169
3927,169
3928,169
3929,169
3930,166
3931,166
3932,166
3933,166
3934,166
3935,166
3936,166
3937,166
3938,166
3939,166
3940,156
3941,156
3942,156
3943,156
3944,156
3945,156
3946,156
3947,156
3948,156
3949,156
3950,156
3951,156
3952,156
3953,156
3954,156
3955,156
3956,156
3957,156
3958,156
3959,156
3960,161
3961,161
3962,161
3963,161
3964,161
3965,161
3966,161
3967,161
3968,161
3969,161
3970,168
3971,168
3972,168
3973,168
3974,168
3975,168
3976,168
3977,168
3978,168
3979,168
3980,166
3981,166
3982,166
3983,166
3984,166
3985,166
3986,166
3987,166
3988,166
3989,166
3990,159
3991,159
3992,159
3993,159
3994,159
3995,159
3996,159
3997,159
3998,159
3999,159
4000,160
4001,160
4002,160
4003,160
4004,160
4005,160
4006,160
4007,160
4008,160
4009,160
4010,168
4011,168
4012,168
4013,168
4014,168
4015,168
4016,168
4017,168
4018,168
4019,168
4020,178
4021,178
4022,178
4023,178
4024,178
4025,178
4026,178
4027,178
4028,178
4029,178
4030,180
4031,180
4032,180
4033,180
4034,180
4035,180
4036,180
4037,180
4038,180
4039,180
4040,176
4041,176
4042,176
4043,176
4044,176
4045,176
4046,176
4047,176
4048,176
4049,176
4050,175
4051,175
4052,175
4053,175
4054,175
4055,175
4056,175
4057,175
4058,175
4059,175
4060,185
4061,185
4062,185
4063,185
4064,185
4065,185
4066,185
4067,185
4068,185
4069,185
4070,197
4071,197
4072,197
4073,197
4074,197
4075,197
4076,197
4077,197
4078,197
4079,197
4080,199
4081,199
4082,199
4083,199
4084,199
4085,199
4086,199
4087,199
4088,199
4089,199
4090,197
4091,197
4092,197
4093,197
4094,197
4095,197
4096,197
4097,197
4098,197
4099,197
4100,196
4101,196
4102,196
4103,196
4104,196
4105,196
4106,196
4107,196
4108,196
4109,196
4110,208
4111,208
4112,208
4113,208
4114,208
4115,208
4116,208
4117,208
4118,208
4119,208
4120,221
4121,221
4122,221
4123,221
4124,221
4125,221
4126,221
4127,221
4128,221
4129,221
4130,225
4131,225
4132,225
4133,225
4134,225
4135,225
4136,225
4137,225
4138,225
4139,225
4140,225
4141,225
4142,225
4143,225
4144,225
4145,225
4146,225
4147,225
4148,225
4149,225
4150,226
4151,226
4152,226
4153,226
4154,226
4155,226
4156,226
4157,226
4158,226
4159,226
4160,233
4161,233
4162,233
4163,233
4164,233
4165,233
4166,233
4167,233
4168,233
4169,233
4170,246
4171,246
4172,246
4173,246
4174,246
4175,246
4176,246
4177,246
4178,246
4179,246
4180,250
4181,250
4182,250
4183,250
4184,250
4185,250
4186,250
4187,250
4188,250
4189,250
4190,252
4191,252
4192,252
4193,252
4194,252
4195,252
4196,252
4197,252
4198,252
4199,252
4200,254
4201,254
4202,254
4203,254
4204,254
4205,254
4206,254
4207,254
4208,254
4209,254
4210,258
4211,258
4212,258
4213,258
4214,258
4215,258
4216,258
4217,258
4218,258
4219,258
4220,271
4221,271
4222,271
4223,271
4224,271
4225,271
4226,271
4227,271
4228,271
4229,271
4230,275
4231,275
4232,275
4233,275
4234,275
4235,275
4236,275
4237,275
4238,275
4239,275
4240,279
4241,279
4242,279
4243,279
4244,279
4245,279
4246,279
4247,279
4248,279
4249,279
4250,282
4251,282
4252,282
4253,282
4254,282
4255,282
4256,282
4257,282
4258,282
4259,282
4260,285
4261,285
4262,285
4263,285
4264,285
4265,285
4266,285
4267,285
4268,285
4269,285
4270,291
4271,291
4272,291
4273,291
4274,291
4275,291
4276,291
4277,291
4278,291
4279,291
4280,296
4281,296
4282,296
4283,296
4284,296
4285,296
4286,296
4287,296
4288,296
4289,296
4290,300
4291,300
4292,300
4293,300
4294,300
4295,300
4296,300
4297,300
4298,300
4299,300
4300,304
4301,304
4302,304
4303,304
4304,304
4305,304
4306,304
4307,304
4308,304
4309,304
4310,307
4311,307
4312,307
4313,307
4314,307
4315,307
4316,307
4317,307
4318,307
4319,307
4320,309
4321,309
4322,309
4323,309
4324,309
4325,309
4326,309
4327,309
4328,309
4329,309
4330,314
4331,314
4332,314
4333,314
4334,314
4335,314
4336,314
4337,314
4338,314
4339,314
4340,318
4341,318
4342,318
4343,318
4344,318
4345,318
4346,318
4347,318
4348,318
4349,318
4350,322
4351,322
4352,322
4353,322
4354,322
4355,322
4356,322
4357,322
4358,322
4359,322
4360,325
4361,325
4362,325
4363,325
4364,325
4365,325
4366,325
4367,325
4368,325
4369,325
4370,322
4371,322
4372,322
4373,322
4374,322
4375,322
4376,322
4377,322
4378,322
4379,322
4380,324
4381,324
4382,324
4383,324
4384,324
4385,324
4386,324
4387,324
4388,324
4389,324
4390,328
4391,328
4392,328
4393,328
4394,328
4395,328
4396,328
4397,328
4398,328
4399,328
4400,332
4401,332
4402,332
4403,332
4404,332
4405,332
4406,332
4407,332
4408,332
4409,332
4410,334
4411,334
4412,334
4413,334
4414,334
4415,334
4416,334
4417,334
4418,334
4419,334
4420,331
4421,331
4422,331
4423,331
4424,331
4425,331
4426,331
4427,331
4428,331
4429,331
4430,332
4431,332
4432,332
4433,332
4434,332
4435,332
4436,332
4437,332
4438,332
4439,332
4440,334
4441,334
4442,334
4443,334
4444,334
4445,334
4446,334
4447,334
4448,334
4449,334
4450,337
4451,337
4452,337
4453,337
4454,337
4455,337
4456,337
4457,337
4458,337
4459,337
4460,339
4461,339
4462,339
4463,339
4464,339
4465,339
4466,339
4467,339
4468,339
4469,339
4470,333
4471,333
4472,333
4473,333
4474,333
4475,333
4476,333
4477,333
4478,333
4479,333
4480,332
4481,332
4482,332
4483,332
4484,332
4485,332
4486,332
4487,332
4488,332
4489,332
4490,334
4491,334
4492,334
4493,334
4494,334
4495,334
4496,334
4497,334
4498,334
4499,334
4500,335
4501,335
4502,335
4503,335
4504,335
4505,335
4506,335
4507,335
4508,335
4509,335
4510,336
4511,336
4512,336
4513,336
4514,336
4515,336
4516,336
4517,336
4518,336
4519,336
4520,332
4521,332
4522,332
4523,332
4524,332
4525,332
4526,332
4527,332
4528,332
4529,332
4530,329
4531,329
4532,329
4533,329
4534,329
4535,329
4536,329
4537,329
4538,329
4539,329
4540,329
4541,329
4542,329
4543,329
4544,329
4545,329
4546,329
4547,329
4548,329
4549,329
4550,329
4551,329
4552,329
4553,329
4554,329
4555,329
4556,329
4557,329
4558,329
4559,329
4560,328
4561,328
4562,328
4563,328
4564,328
4565,328
4566,328
4567,328
4568,328
4569,328
4570,323
4571,323
4572,323
4573,323
4574,323
4575,323
4576,323
4577,323
4578,323
4579,323
4580,319
4581,319
4582,319
4583,319
4584,319
4585,319
4586,319
4587,319
4588,319
4589,319
4590,317
4591,317
4592,317
4593,317
4594,317
4595,317
4596,317
4597,317
4598,317
4599,317
4600,315
4601,315
4602,315
4603,315
4604,315
4605,315
4606,315
4607,315
4608,315
4609,315
4610,312
4611,312
4612,312
4613,312
4614,312
4615,312
4616,312
4617,312
4618,312
4619,312
4620,308
4621,308
4622,308
4623,308
4624,308
4625,308
4626,308
4627,308
4628,308
4629,308
4630,305
4631,305
4632,305
4633,305
4634,305
4635,305
4636,305
4637,305
4638,305
4639,305
4640,302
4641,302
4642,302
4643,302
4644,302
4645,302
4646,302
4647,302
4648,302
4649,302
4650,298
4651,298
4652,298
4653,298
4654,298
4655,298
4656,298
4657,298
4658,298
4659,298
4660,292
4661,292
4662,292
4663,292
4664,292
4665,292
4666,292
4667,292
4668,292
4669,292
4670,287
4671,287
4672,287
4673,287
4674,287
4675,287
4676,287
4677,287
4678,287
4679,287
4680,286
4681,286
4682,286
4683,286
4684,286
4685,286
4686,286
4687,286
4688,286
4689,286
4690,281
4691,281
4692,281
4693,281
4694,281
4695,281
4696,281
4697,281
4698,281
4699,281
4700,275
4701,275
4702,275
4703,275
4704,275
4705,275
4706,275
4707,275
4708,275
4709,275
4710,267
4711,267
4712,267
4713,267
4714,267
4715,267
4716,267
4717,267
4718,267
4719,267
4720,261
4721,261
4722,261
4723,261
4724,261
4725,261
4726,261
4727,261
4728,261
4729,261
4730,265
4731,265
4732,265
4733,265
4734,265
4735,265
4736,265
4737,265
4738,265
4739,265
4740,259
4741,259
4742,259
4743,259
4744,259
4745,259
4746,259
4747,259
4748,259
4749,259
4750,251
4751,251
4752,251
4753,251
4754,251
4755,251
4756,251
4757,251
4758,251
4759,251
4760,241
4761,241
4762,241
4763,241
4764,241
4765,241
4766,241
4767,241
4768,241
4769,241
4770,235
4771,235
4772,235
4773,235
4774,235
4775,235
4776,235
4777,235
4778,235
4779,235
4780,239
4781,239
4782,239
4783,239
4784,239
4785,239
4786,239
4787,239
4788,239
4789,239
4790,233
4791,233
4792,233
4793,233
4794,233
4795,233
4796,233
4797,233
4798,233
4799,233
4800,223
4801,223
4802,223
4803,223
4804,223
4805,223
4806,223
4807,223
4808,223
4809,223
4810,211
4811,211
4812,211
4813,211
4814,211
4815,211
4816,211
4817,211
4818,211
4819,211
4820,208
4821,208
4822,208
4823,208
4824,208
4825,208
4826,208
4827,208
4828,208
4829,208
4830,211
4831,211
4832,211
4833,211
4834,211
4835,211
4836,211
4837,211
4838,211
4839,211
4840,210
4841,210
4842,210
4843,210
4844,210
4845,210
4846,210
4847,210
4848,210
4849,210
4850,200
4851,200
4852,200
4853,200
4854,200
4855,200
4856,200
4857,200
4858,200
4859,200
4860,188
4861,188
4862,188
4863,188
4864,188
4865,188
4866,188
4867,188
4868,188
4869,188
4870,184
4871,184
4872,184
4873,184
4874,184
4875,184
4876,184
4877,184
4878,184
4879,184
4880,186
4881,186
4882,186
4883,186
4884,186
4885,186
4886,186
4887,186
4888,186
4889,186
4890,188
4891,188
4892,188
4893,188
4894,188
4895,188
4896,188
4897,188
4898,188
4899,188
4900,179
4901,179
4902,179
4903,179
4904,179
4905,179
4906,179
4907,179
4908,179
4909,179
4910,167
4911,167
4912,167
4913,167
4914,167
4915,167
4916,167
4917,167
4918,167
4919,167
4920,166
4921,166
4922,166
4923,166
4924,166
4925,166
4926,166
4927,166
4928,166
4929,166
4930,169
4931,169
4932,169
4933,169
4934,169
4935,169
4936,169
4937,169
4938,169
4939,169
4940,173
4941,173
4942,173
4943,173
4944,173
4945,173
4946,173
4947,173
4948,173
4949,173
4950,168
4951,168
4952,168
4953,168
4954,168
4955,168
4956,168
4957,168
4958,168
4959,168
4960,158
4961,158
4962,158
4963,158
4964,158
4965,158
4966,158
4967,158
4968,158
4969,158
4970,157
4971,157
4972,157
4973,157
4974,157
4975,157
4976,157
4977,157
4978,157
4979,157
4980,162
4981,162
4982,162
4983,162
4984,162
4985,162
4986,162
4987,162
4988,162
4989,162
4990,168
4991,168
4992,168
4993,168
4994,168
4995,168
4996,168
4997,168
4998,168
4999,168
5000,165
5001,165
5002,165
5003,165
5004,165
5005,165
5006,165
5007,165
5008,165
5009,165
5010,155
5011,155
5012,155
5013,155
5014,155
5015,155
5016,155
5017,155
5018,155
5019,155
5020,156
5021,156
5022,156
5023,156
5024,156
5025,156
5026,156
5027,156
5028,156
5029,156
5030,163
5031,163
5032,163
5033,163
5034,163
5035,163
5036,163
5037,163
5038,163
5039,163
5040,171
5041,171
5042,171
5043,171
5044,171
5045,171
5046,171
5047,171
5048,171
5049,171
5050,173
5051,173
5052,173
5053,173
5054,173
5055,173
5056,173
5057,173
5058,173
5059,173
5060,167
5061,167
5062,167
5063,167
5064,167
5065,167
5066,167
5067,167
5068,167
5069,167
5070,166
5071,166
5072,166
5073,166
5074,166
5075,166
5076,166
5077,166
5078,166
5079,166
5080,175
5081,175
5082,175
5083,175
5084,175
5085,175
5086,175
5087,175
5088,175
5089,175
5090,185
5091,185
5092,185
5093,185
5094,185
5095,185
5096,185
5097,185
5098,185
5099,185
5100,188
5101,188
5102,188
5103,188
5104,188
5105,188
5106,188
5107,188
5108,188
5109,188
5110,185
5111,185
5112,185
5113,185
5114,185
5115,185
5116,185
5117,185
5118,185
5119,185
5120,184
5121,184
5122,184
5123,184
5124,184
5125,184
5126,184
5127,184
5128,184
5129,184
5130,195
5131,195
5132,195
5133,195
5134,195
5135,195
5136,195
5137,195
5138,195
5139,195
5140,207
5141,207
5142,207
5143,207
5144,207
5145,207
5146,207
5147,207
5148,207
5149,207
5150,212
5151,212
5152,212
5153,212
5154,212
5155,212
5156,212
5157,212
5158,212
5159,212
5160,211
5161,211
5162,211
5163,211
5164,211
5165,211
5166,211
5167,211
5168,211
5169,211
5170,210
5171,210
5172,210
5173,210
5174,210
5175,210
5176,210
5177,210
5178,210
5179,210
5180,219
5181,219
5182,219
5183,219
5184,219
5185,219
5186,219
5187,219
5188,219
5189,219
5190,232
5191,232
5192,232
5193,232
5194,232
5195,232
5196,232
5197,232
5198,232
5199,232
5200,235
5201,235
5202,235
5203,235
5204,235
5205,235
5206,235
5207,235
5208,235
5209,235
5210,237
5211,237
5212,237
5213,237
5214,237
5215,237
5216,237
5217,237
5218,237
5219,237
5220,238
5221,238
5222,238
5223,238
5224,238
5225,238
5226,238
5227,238
5228,238
5229,238
5230,244
5231,244
5232,244
5233,244
5234,244
5235,244
5236,244
5237,244
5238,244
5239,244
5240,258
5241,258
5242,258
5243,258
5244,258
5245,258
5246,258
5247,258
5248,258
5249,258
5250,262
5251,262
5252,262
5253,262
5254,262
5255,262
5256,262
5257,262
5258,262
5259,262
5260,265
5261,265
5262,265
5263,265
5264,265
5265,265
5266,265
5267,265
5268,265
5269,265
5270,268
5271,268
5272,268
5273,268
5274,268
5275,268
5276,268
5277,268
5278,268
5279,268
5280,271
5281,271
5282,271
5283,271
5284,271
5285,271
5286,271
5287,271
5288,271
5289,271
5290,280
5291,280
5292,280
5293,280
5294,280
5295,280
5296,280
5297,280
5298,280
5299,280
5300,284
5301,284
5302,284
5303,284
5304,284
5305,284
5306,284
5307,284
5308,284
5309,284
5310,288
5311,288
5312,288
5313,288
5314,288
5315,288
5316,288
5317,288
5318,288
5319,288
5320,292
5321,292
5322,292
5323,292
5324,292
5325,292
5326,292
5327,292
5328,292
5329,292
5330,295
5331,295
5332,295
5333,295
5334,295
5335,295
5336,295
5337,295
5338,295
5339,295
5340,300
5341,300
5342,300
5343,300
5344,300
5345,300
5346,300
5347,300
5348,300
5349,300
5350,305
5351,305
5352,305
5353,305
5354,305
5355,305
5356,305
5357,305
5358,305
5359,305
5360,309
5361,309
5362,309
5363,309
5364,309
5365,309
5366,309
5367,309
5368,309
5369,309
5370,313
5371,313
5372,313
5373,313
5374,313
5375,313
5376,313
5377,313
5378,313
5379,313
5380,317
5381,317
5382,317
5383,317
5384,317
5385,317
5386,317
5387,317
5388,317
5389,317
5390,315
5391,315
5392,315
5393,315
5394,315
5395,315
5396,315
5397,315
5398,315
5399,315
5400,319
5401,319
5402,319
5403,319
5404,319
5405,319
5406,319
5407,319
5408,319
5409,319
5410,322
5411,322
5412,322
5413,322
5414,322
5415,322
5416,322
5417,322
5418,322
5419,322
5420,326
5421,326
5422,326
5423,326
5424,326
5425,326
5426,326
5427,326
5428,326
5429,326
5430,329
5431,329
5432,329
5433,329
5434,329
5435,329
5436,329
5437,329
5438,329
5439,329
5440,327
5441,327
5442,327
5443,327
5444,327
5445,327
5446,327
5447,327
5448,327
5449,327
5450,329
5451,329
5452,329
5453,329
5454,329
5455,329
5456,329
5457,329
5458,329
5459,329
5460,332
5461,332
5462,332
5463,332
5464,332
5465,332
5466,332
5467,332
5468,332
5469,332
5470,335
5471,335
5472,335
5473,335
5474,335
5475,335
5476,335
5477,335
5478,335
5479,335
5480,338
5481,338
5482,338
5483,338
5484,338
5485,338
5486,338
5487,338
5488,338
5489,338
5490,333
5491,333
5492,333
5493,333
5494,333
5495,333
5496,333
5497,333
5498,333
5499,333
5500,331
5501,331
5502,331
5503,331
5504,331
5505,331
5506,331
5507,331
5508,331
5509,331
5510,334
5511,334
5512,334
5513,334
5514,334
5515,334
5516,334
5517,334
5518,334
5519,334
5520,336
5521,336
5522,336
5523,336
5524,336
5525,336
5526,336
5527,336
5528,336
5529,336
5530,338
5531,338
5532,338
5533,338
5534,338
5535,338
5536,338
5537,338
5538,338
5539,338
5540,334
5541,334
5542,334
5543,334
5544,334
5545,334
5546,334
5547,334
5548,334
5549,334
5550,332
5551,332
5552,332
5553,332
5554,332
5555,332
5556,332
5557,332
5558,332
5559,332
5560,333
5561,333
5562,333
5563,333
5564,333
5565,333
5566,333
5567,333
5568,333
5569,333
5570,334
5571,334
5572,334
5573,334
5574,334
5575,334
5576,334
5577,334
5578,334
5579,334
5580,334
5581,334
5582,334
5583,334
5584,334
5585,334
5586,334
5587,334
5588,334
5589,334
5590,329
5591,329
5592,329
5593,329
5594,329
5595,329
5596,329
5597,329
5598,329
5599,329
5600,324
5601,324
5602,324
5603,324
5604,324
5605,324
5606,324
5607,324
5608,324
5609,324
5610,323
5611,323
5612,323
5613,323
5614,323
5615,323
5616,323
5617,323
5618,323
5619,323
5620,323
5621,323
5622,323
5623,323
5624,323
5625,323
5626,323
5627,323
5628,323
5629,323
5630,321
5631,321
5632,321
5633,321
5634,321
5635,321
5636,321
5637,321
5638,321
5639,321
5640,317
5641,317
5642,317
5643,317
5644,317
5645,317
5646,317
5647,317
5648,317
5649,317
5650,313
5651,313
5652,313
5653,313
5654,313
5655,313
5656,313
5657,313
5658,313
5659,313
5660,311
5661,311
5662,311
5663,311
5664,311
5665,311
5666,311
5667,311
5668,311
5669,311
5670,309
5671,309
5672,309
5673,309
5674,309
5675,309
5676,309
5677,309
5678,309
5679,309
5680,305
5681,305
5682,305
5683,305
5684,305
5685,305
5686,305
5687,305
5688,305
5689,305
5690,299
5691,299
5692,299
5693,299
5694,299
5695,299
5696,299
5697,299
5698,299
5699,299
5700,297
5701,297
5702,297
5703,297
5704,297
5705,297
5706,297
5707,297
5708,297
5709,297
5710,293
5711,293
5712,293
5713,293
5714,293
5715,293
5716,293
5717,293
5718,293
5719,293
5720,287
5721,287
5722,287
5723,287
5724,287
5725,287
5726,287
5727,287
5728,287
5729,287
5730,281
5731,281
5732,281
5733,281
5734,281
5735,281
5736,281
5737,281
5738,281
5739,281
5740,275
5741,275
5742,275
5743,275
5744,275
5745,275
5746,275
5747,275
5748,275
5749,275
5750,278
5751,278
5752,278
5753,278
5754,278
5755,278
5756,278
5757,278
5758,278
5759,278
5760,272
5761,272
5762,272
5763,272
5764,272
5765,272
5766,272
5767,272
5768,272
5769,272
5770,265
5771,265
5772,265
5773,265
5774,265
5775,265
5776,265
5777,265
5778,265
5779,265
5780,256
5781,256
5782,256
5783,256
5784,256
5785,256
5786,256
5787,256
5788,256
5789,256
5790,249
5791,249
5792,249
5793,249
5794,249
5795,249
5796,249
5797,249
5798,249
5799,249
5800,253
5801,253
5802,253
5803,253
5804,253
5805,253
5806,253
5807,253
5808,253
5809,253
5810,247
5811,247
5812,247
5813,247
5814,247
5815,247
5816,247
5817,247
5818,247
5819,247
5820,238
5821,238
5822,238
5823,238
5824,238
5825,238
5826,238
5827,238
5828,238
5829,238
5830,227
5831,227
5832,227
5833,227
5834,227
5835,227
5836,227
5837,227
5838,227
5839,227
5840,222
5841,222
5842,222
5843,222
5844,222
5845,222
5846,222
5847,222
5848,222
5849,222
5850,225
5851,225
5852,225
5853,225
5854,225
5855,225
5856,225
5857,225
5858,225
5859,225
5860,223
5861,223
5862,223
5863,223
5864,223
5865,223
5866,223
5867,223
5868,223
5869,223
5870,213
5871,213
5872,213
5873,213
5874,213
5875,213
5876,213
5877,213
5878,213
5879,213
5880,201
5881,201
5882,201
5883,201
5884,201
5885,201
5886,201
5887,201
5888,201
5889,201
5890,196
5891,196
5892,196
5893,196
5894,196
5895,196
5896,196
5897,196
5898,196
5899,196
5900,199
5901,199
5902,199
5903,199
5904,199
5905,199
5906,199
5907,199
5908,199
5909,199
5910,199
5911,199
5912,199
5913,199
5914,199
5915,199
5916,199
5917,199
5918,199
5919,199
5920,189
5921,189
5922,189
5923,189
5924,189
5925,189
5926,189
5927,189
5928,189
5929,189
5930,177
5931,177
5932,177
5933,177
5934,177
5935,177
5936,177
5937,177
5938,177
5939,177
5940,175
5941,175
5942,175
5943,175
5944,175
5945,175
5946,175
5947,175
5948,175
5949,175
5950,177
5951,177
5952,177
5953,177
5954,177
5955,177
5956,177
5957,177
5958,177
5959,177
5960,180
5961,180
5962,180
5963,180
5964,180
5965,180
5966,180
5967,180
5968,180
5969,180
5970,174
5971,174
5972,174
5973,174
5974,174
5975,174
5976,174
5977,174
5978,174
5979,174
5980,163
5981,163
5982,163
5983,163
5984,163
5985,163
5986,163
5987,163
5988,163
5989,163
5990,160
5991,160
5992,160
5993,160
5994,160
5995,160
5996,160
5997,160
5998,160
5999,160
6000,163
6001,163
6002,163
6003,163
6004,163
6005,163
6006,163
6007,163
6008,163
6009,163
6010,169
6011,169
6012,169
6013,169
6014,169
6015,169
6016,169
6017,169
6018,169
6019,169
6020,166
6021,166
6022,166
6023,166
6024,166
6025,166
6026,166
6027,166
6028,166
6029,166
6030,156
6031,156
6032,156
6033,156
6034,156
6035,156
6036,156
6037,156
6038,156
6039,156
6040,155
6041,155
6042,155
6043,155
6044,155
6045,155
6046,155
6047,155
6048,155
6049,155
6050,160
6051,160
6052,160
6053,160
6054,160
6055,160
6056,160
6057,160
6058,160
6059,160
6060,167
6061,167
6062,167
6063,167
6064,167
6065,167
6066,167
6067,167
6068,167
6069,167
6070,168
6071,168
6072,168
6073,168
6074,168
6075,168
6076,168
6077,168
6078,168
6079,168
6080,161
6081,161
6082,161
6083,161
6084,161
6085,161
6086,161
6087,161
6088,161
6089,161
6090,159
6091,159
6092,159
6093,159
6094,159
6095,159
6096,159
6097,159
6098,159
6099,159
6100,166
6101,166
6102,166
6103,166
6104,166
6105,166
6106,166
6107,166
6108,166
6109,166
6110,176
6111,176
6112,176
6113,176
6114,176
6115,176
6116,176
6117,176
6118,176
6119,176
6120,178
6121,178
6122,178
6123,178
6124,178
6125,178
6126,178
6127,178
6128,178
6129,178
6130,174
6131,174
6132,174
6133,174
6134,174
6135,174
6136,174
6137,174
6138,174
6139,174
6140,173
6141,173
6142,173
6143,173
6144,173
6145,173
6146,173
6147,173
6148,173
6149,173
6150,182
6151,182
6152,182
6153,182
6154,182
6155,182
6156,182
6157,182
6158,182
6159,182
6160,194
6161,194
6162,194
6163,194
6164,194
6165,194
6166,194
6167,194
6168,194
6169,194
6170,199
6171,199
6172,199
6173,199
6174,199
6175,199
6176,199
6177,199
6178,199
6179,199
6180,198
6181,198
6182,198
6183,198
6184,198
6185,198
6186,198
6187,198
6188,198
6189,198
6190,195
6191,195
6192,195
6193,195
6194,195
6195,195
6196,195
6197,195
6198,195
6199,195
6200,205
6201,205
6202,205
6203,205
6204,205
6205,205
6206,205
6207,205
6208,205
6209,205
6210,218
6211,218
6212,218
6213,218
6214,218
6215,218
6216,218
6217,218
6218,218
6219,218
6220,222
6221,222
6222,222
6223,222
6224,222
6225,222
6226,222
6227,222
6228,222
6229,222
6230,222
6231,222
6232,222
6233,222
6234,222
6235,222
6236,222
6237,222
6238,222
6239,222
6240,222
6241,222
6242,222
6243,222
6244,222
6245,222
6246,222
6247,222
6248,222
6249,222
6250,230
6251,230
6252,230
6253,230
6254,230
6255,230
6256,230
6257,230
6258,230
6259,230
6260,243
6261,243
6262,243
6263,243
6264,243
6265,243
6266,243
6267,243
6268,243
6269,243
6270,248
6271,248
6272,248
6273,248
6274,248
6275,248
6276,248
6277,248
6278,248
6279,248
6280,251
6281,251
6282,251
6283,251
6284,251
6285,251
6286,251
6287,251
6288,251
6289,251
6290,253
6291,253
6292,253
6293,253
6294,253
6295,253
6296,253
6297,253
6298,253
6299,253
6300,257
6301,257
6302,257
6303,257
6304,257
6305,257
6306,257
6307,257
6308,257
6309,257
6310,268
6311,268
6312,268
6313,268
6314,268
6315,268
6316,268
6317,268
6318,268
6319,268
6320,272
6321,272
6322,272
6323,272
6324,272
6325,272
6326,272
6327,272
6328,272
6329,272
6330,276
6331,276
6332,276
6333,276
6334,276
6335,276
6336,276
6337,276
6338,276
6339,276
6340,279
6341,279
6342,279
6343,279
6344,279
6345,279
6346,279
6347,279
6348,279
6349,279
6350,282
6351,282
6352,282
6353,282
6354,282
6355,282
6356,282
6357,282
6358,282
6359,282
6360,290
6361,290
6362,290
6363,290
6364,290
6365,290
6366,290
6367,290
6368,290
6369,290
6370,295
6371,295
6372,295
6373,295
6374,295
6375,295
6376,295
6377,295
6378,295
6379,295
6380,299
6381,299
6382,299
6383,299
6384,299
6385,299
6386,299
6387,299
6388,299
6389,299
6390,303
6391,303
6392,303
6393,303
6394,303
6395,303
6396,303
6397,303
6398,303
6399,303
6400,306
6401,306
6402,306
6403,306
6404,306
6405,306
6406,306
6407,306
6408,306
6409,306
6410,307
6411,307
6412,307
6413,307
6414,307
6415,307
6416,307
6417,307
6418,307
6419,307
6420,311
6421,311
6422,311
6423,311
6424,311
6425,311
6426,311
6427,311
6428,311
6429,311
6430,315
6431,315
6432,315
6433,315
6434,315
6435,315
6436,315
6437,315
6438,315
6439,315
6440,319
6441,319
6442,319
6443,319
6444,319
6445,319
6446,319
6447,319
6448,319
6449,319
6450,323
6451,323
6452,323
6453,323
6454,323
6455,323
6456,323
6457,323
6458,323
6459,323
6460,322
6461,322
6462,322
6463,322
6464,322
6465,322
6466,322
6467,322
6468,322
6469,322
6470,324
6471,324
6472,324
6473,324
6474,324
6475,324
6476,324
6477,324
6478,324
6479,324
6480,328
6481,328
6482,328
6483,328
6484,328
6485,328
6486,328
6487,328
6488,328
6489,328
6490,332
6491,332
6492,332
6493,332
6494,332
6495,332
6496,332
6497,332
6498,332
6499,332
6500,335
6501,335
6502,335
6503,335
6504,335
6505,335
6506,335
6507,335
6508,335
6509,335
6510,331
6511,331
6512,331
6513,331
6514,331
6515,331
6516,331
6517,331
6518,331
6519,331
6520,330
6521,330
6522,330
6523,330
6524,330
6525,330
6526,330
6527,330
6528,330
6529,330
6530,333
6531,333
6532,333
6533,333
6534,333
6535,333
6536,333
6537,333
6538,333
6539,333
6540,335
6541,335
6542,335
6543,335
6544,335
6545,335
6546,335
6547,335
6548,335
6549,335
6550,337
6551,337
6552,337
6553,337
6554,337
6555,337
6556,337
6557,337
6558,337
6559,337
6560,334
6561,334
6562,334
6563,334
6564,334
6565,334
6566,334
6567,334
6568,334
6569,334
6570,332
6571,332
6572,332
6573,332
6574,332
6575,332
6576,332
6577,332
6578,332
6579,332
6580,335
6581,335
6582,335
6583,335
6584,335
6585,335
6586,335
6587,335
6588,335
6589,335
6590,336
6591,336
6592,336
6593,336
6594,336
6595,336
6596,336
6597,336
6598,336
6599,336
6600,337
6601,337
6602,337
6603,337
6604,337
6605,337
6606,337
6607,337
6608,337
6609,337
6610,333
6611,333
6612,333
6613,333
6614,333
6615,333
6616,333
6617,333
6618,333
6619,333
6620,329
6621,329
6622,329
6623,329
6624,329
6625,329
6626,329
6627,329
6628,329
6629,329
6630,329
6631,329
6632,329
6633,329
6634,329
6635,329
6636,329
6637,329
6638,329
6639,329
6640,328
6641,328
6642,328
6643,328
6644,328
6645,328
6646,328
6647,328
6648,328
6649,328
6650,328
6651,328
6652,328
6653,328
6654,328
6655,328
6656,328
6657,328
6658,328
6659,328
6660,324
6661,324
6662,324
6663,324
6664,324
6665,324
6666,324
6667,324
6668,324
6669,324
6670,320
6671,320
6672,320
6673,320
6674,320
6675,320
6676,320
6677,320
6678,320
6679,320
6680,319
6681,319
6682,319
6683,319
6684,319
6685,319
6686,319
6687,319
6688,319
6689,319
6690,317
6691,317
6692,317
6693,317
6694,317
6695,317
6696,317
6697,317
6698,317
6699,317
6700,315
6701,315
6702,315
6703,315
6704,315
6705,315
6706,315
6707,315
6708,315
6709,315
6710,310
6711,310
6712,310
6713,310
6714,310
6715,310
6716,310
6717,310
6718,310
6719,310
6720,306
6721,306
6722,306
6723,306
6724,306
6725,306
6726,306
6727,306
6728,306
6729,306
6730,303
6731,303
6732,303
6733,303
6734,303
6735,303
6736,303
6737,303
6738,303
6739,303
6740,299
6741,299
6742,299
6743,299
6744,299
6745,299
6746,299
6747,299
6748,299
6749,299
6750,293
6751,293
6752,293
6753,293
6754,293
6755,293
6756,293
6757,293
6758,293
6759,293
6760,288
6761,288
6762,288
6763,288
6764,288
6765,288
6766,288
6767,288
6768,288
6769,288
6770,289
6771,289
6772,289
6773,289
6774,289
6775,289
6776,289
6777,289
6778,289
6779,289
6780,284
6781,284
6782,284
6783,284
6784,284
6785,284
6786,284
6787,284
6788,284
6789,284
6790,278
6791,278
6792,278
6793,278
6794,278
6795,278
6796,278
6797,278
6798,278
6799,278
6800,270
6801,270
6802,270
6803,270
6804,270
6805,270
6806,270
6807,270
6808,270
6809,270
6810,264
6811,264
6812,264
6813,264
6814,264
6815,264
6816,264
6817,264
6818,264
6819,264
6820,266
6821,266
6822,266
6823,266
6824,266
6825,266
6826,266
6827,266
6828,266
6829,266
6830,260
6831,260
6832,260
6833,260
6834,260
6835,260
6836,260
6837,260
6838,260
6839,260
6840,252
6841,252
6842,252
6843,252
6844,252
6845,252
6846,252
6847,252
6848,252
6849,252
6850,242
6851,242
6852,242
6853,242
6854,242
6855,242
6856,242
6857,242
6858,242
6859,242
6860,236
6861,236
6862,236
6863,236
6864,236
6865,236
6866,236
6867,236
6868,236
6869,236
6870,240
6871,240
6872,240
6873,240
6874,240
6875,240
6876,240
6877,240
6878,240
6879,240
6880,237
6881,237
6882,237
6883,237
6884,237
6885,237
6886,237
6887,237
6888,237
6889,237
6890,227
6891,227
6892,227
6893,227
6894,227
6895,227
6896,227
6897,227
6898,227
6899,227
6900,216
6901,216
6902,216
6903,216
6904,216
6905,216
6906,216
6907,216
6908,216
6909,216
6910,209
6911,209
6912,209
6913,209
6914,209
6915,209
6916,209
6917,209
6918,209
6919,209
6920,212
6921,212
6922,212
6923,212
6924,212
6925,212
6926,212
6927,212
6928,212
6929,212
6930,212
6931,212
6932,212
6933,212
6934,212
6935,212
6936,212
6937,212
6938,212
6939,212
6940,202
6941,202
6942,202
6943,202
6944,202
6945,202
6946,202
6947,202
6948,202
6949,202
6950,190
6951,190
6952,190
6953,190
6954,190
6955,190
6956,190
6957,190
6958,190
6959,190
6960,186
6961,186
6962,186
6963,186
6964,186
6965,186
6966,186
6967,186
6968,186
6969,186
6970,188
6971,188
6972,188
6973,188
6974,188
6975,188
6976,188
6977,188
6978,188
6979,188
6980,190
6981,190
6982,190
6983,190
6984,190
6985,190
6986,190
6987,190
6988,190
6989,190
6990,183
6991,183
6992,183
6993,183
6994,183
6995,183
6996,183
6997,183
6998,183
6999,183
7000,171

