2,384
3,384
4,384
5,384
6,384
7,383
8,381
9,380
10,379
11,377
12,376
13,376
14,375
15,376
16,377
17,378
18,378
19,379
20,380
21,380
22,380
23,379
24,378
25,377
26,375
27,374
28,373
29,372
30,372
31,372
32,372
33,374
34,374
35,375
36,375
37,376
38,376
39,376
40,375
41,374
42,373
43,372
44,370
45,369
46,368
47,368
48,368
49,369
50,370
51,371
52,371
53,372
54,372
55,372
56,372
57,371
58,370
59,369
60,367
61,366
62,365
63,365
64,364
65,365
66,366
67,367
68,367
69,368
70,369
71,369
72,369
73,368
74,367
75,366
76,365
77,363
78,362
79,361
80,361
81,361
82,362
83,363
84,364
85,364
86,365
87,365
88,366
89,365
90,365
91,363
92,362
93,361
94,359
95,358
96,358
97,357
98,357
99,358
100,359
101,360
102,361
103,361
104,362
105,362
106,362
107,360
108,359
109,358
110,356
111,355
112,354
113,354
114,353
115,354
116,355
117,355
118,357
119,357
120,358
121,358
122,358
123,357
124,356
125,355
126,353
127,352
128,351
129,350
130,350
131,350
132,351
133,352
134,353
135,354
136,354
137,355
138,355
139,354
140,354
141,352
142,351
143,350
144,348
145,347
146,347
147,346
148,346
149,347
150,349
151,349
152,350
153,351
154,351
155,351
156,350
157,350
158,348
159,347
160,345
161,344
162,343
163,343
164,343
165,343
166,344
167,345
168,346
169,346
170,347
171,347
172,347
173,346
174,345
175,344
176,343
177,341
178,340
179,339
180,339
181,339
182,340
183,341
184,342
185,343
186,344
187,344
188,344
189,343
190,343
191,342
192,340
193,339
194,338
195,337
196,336
197,336
198,336
199,337
200,338
201,339
202,340
203,340
204,340
205,340
206,340
207,339
208,338
209,337
210,335
211,334
212,333
213,333
214,333
215,333
216,334
217,335
218,336
219,337
220,337
221,337
222,337
223,337
224,336
225,334
226,333
227,332
228,330
229,330
230,330
231,330
232,330
233,332
234,332
235,333
236,334
237,335
238,334
239,335
240,333
241,332
242,331
243,330
244,328
245,327
246,327
247,327
248,327
249,328
250,329
251,330
252,330
253,331
254,331
255,331
256,331
257,330
258,329
259,327
260,326
261,325
262,324
263,324
264,323
265,324
266,325
267,326
268,327
269,327
270,328
271,328
272,328
273,328
274,326
275,325
276,324
277,322
278,321
279,320
280,320
281,320
282,321
283,322
284,323
285,324
286,325
287,325
288,326
289,325
290,325
291,323
292,322
293,321
294,319
295,318
296,318
297,317
298,318
299,319
300,320
301,320
302,321
303,322
304,322
305,322
306,322
307,321
308,320
309,318
310,317
311,315
312,315
313,314
314,314
315,315
316,316
317,317
318,318
319,319
320,319
321,319
322,319
323,318
324,317
325,316
326,315
327,313
328,312
329,312
330,312
331,312
332,312
333,314
334,315
335,316
336,316
337,317
338,316
339,317
340,316
341,315
342,314
343,312
344,311
345,310
346,309
347,309
348,309
349,310
350,311
351,312
352,313
353,314
354,314
355,314
356,314
357,313
358,311
359,310
360,309
361,307
362,307
363,307
364,306
365,307
366,308
367,309
368,310
369,310
370,311
371,311
372,311
373,310
374,309
375,308
376,307
377,305
378,304
379,303
380,303
381,303
382,304
383,305
384,306
385,307
386,308
387,308
388,308
389,308
390,308
391,306
392,305
393,304
394,302
395,301
396,301
397,301
398,301
399,302
400,303
401,304
402,304
403,305
404,305
405,306
406,305
407,304
408,303
409,302
410,300
411,299
412,298
413,298
414,298
415,298
416,300
417,301
418,302
419,302
420,303
421,303
422,303
423,303
424,301
425,300
426,299
427,298
428,296
429,296
430,295
431,295
432,296
433,297
434,298
435,299
436,300
437,300
438,300
439,300
440,299
441,299
442,297
443,296
444,294
445,293
446,293
447,293
448,293
449,294
450,295
451,296
452,297
453,298
454,298
455,298
456,298
457,296
458,295
459,294
460,293
461,291
462,291
463,290
464,290
465,291
466,292
467,293
468,293
469,294
470,295
471,295
472,295
473,294
474,293
475,292
476,291
477,289
478,288
479,287
480,288
481,287
482,288
483,289
484,290
485,291
486,292
487,292
488,292
489,292
490,291
491,290
492,289
493,288
494,286
495,285
496,285
497,285
498,285
499,286
500,287
501,288
502,289
503,289
504,290
505,289
506,289
507,288
508,287
509,286
510,285
511,283
512,283
513,282
514,282
515,283
516,284
517,285
518,285
519,287
520,287
521,287
522,287
523,287
524,285
525,284
526,283
527,281
528,280
529,280
530,279
531,279
532,280
533,281
534,282
535,283
536,284
537,285
538,284
539,285
540,284
541,283
542,282
543,281
544,279
545,278
546,277
547,277
548,277
549,279
550,280
551,281
552,281
553,282
554,282
555,282
556,282
557,281
558,280
559,279
560,277
561,276
562,275
563,275
564,275
565,275
566,276
567,277
568,278
569,279
570,280
571,280
572,280
573,280
574,278
575,277
576,276
577,274
578,273
579,273
580,273
581,273
582,274
583,274
584,276
585,276
586,277
587,278
588,278
589,277
590,277
591,276
592,274
593,273
594,272
595,271
596,271
597,270
598,271
599,272
600,273
601,274
602,275
603,275
604,276
605,276
606,275
607,274
608,273
609,272
610,270
611,269
612,268
613,268
614,268
615,269
616,270
617,271
618,272
619,273
620,273
621,274
622,273
623,273
624,272
625,271
626,269
627,268
628,267
629,267
630,266
631,267
632,267
633,268
634,269
635,270
636,270
637,271
638,271
639,271
640,270
641,269
642,268
643,266
644,265
645,265
646,264
647,264
648,264
649,265
650,266
651,267
652,268
653,269
654,269
655,269
656,269
657,268
658,266
659,265
660,264
661,262
662,262
663,262
664,262
665,262
666,263
667,264
668,266
669,267
670,267
671,267
672,267
673,266
674,265
675,264
676,263
677,261
678,260
679,260
680,260
681,260
682,261
683,262
684,263
685,263
686,264
687,264
688,265
689,264
690,264
691,262
692,261
693,260
694,258
695,257
696,258
697,257
698,258
699,259
700,260
701,261
702,261
703,263
704,263
705,263
706,262
707,261
708,260
709,259
710,257
711,256
712,256
713,256
714,256
715,256
716,257
717,258
718,259
719,260
720,260
721,260
722,260
723,260
724,258
725,257
726,256
727,255
728,253
729,253
730,253
731,253
732,254
733,255
734,256
735,257
736,257
737,258
738,258
739,258
740,257
741,256
742,255
743,254
744,252
745,252
746,251
747,251
748,251
749,253
750,254
751,255
752,255
753,256
754,257
755,256
756,256
757,255
758,254
759,253
760,251
761,250
762,249
763,249
764,249
765,249
766,251
767,252
768,253
769,253
770,254
771,254
772,254
773,254
774,252
775,251
776,250
777,249
778,248
779,247
780,247
781,247
782,248
783,249
784,250
785,251
786,252
787,252
788,252
789,252
790,251
791,250
792,249
793,247
794,246
795,245
796,245
797,245
798,246
799,247
800,248
801,248
802,249
803,250
804,250
805,250
806,250
807,249
808,248
809,247
810,246
811,244
812,244
813,243
814,244
815,244
816,246
817,247
818,247
819,248
820,249
821,249
822,249
823,248
824,247
825,246
826,244
827,243
828,242
829,242
830,241
831,242
832,243
833,244
834,245
835,246
836,247
837,247
838,247
839,247
840,246
841,245
842,244
843,243
844,241
845,241
846,241
847,241
848,241
849,243
850,243
851,245
852,245
853,246
854,246
855,246
856,246
857,245
858,243
859,242
860,241
861,240
862,239
863,239
864,239
865,240
866,241
867,242
868,243
869,244
870,244
871,244
872,244
873,243
874,242
875,241
876,240
877,239
878,238
879,237
880,237
881,237
882,239
883,240
884,241
885,241
886,243
887,243
888,243
889,242
890,242
891,240
892,239
893,238
894,237
895,236
896,236
897,235
898,237
899,237
900,239
901,239
902,240
903,241
904,241
905,241
906,240
907,240
908,238
909,237
910,236
911,235
912,234
913,234
914,234
915,235
916,236
917,237
918,238
919,239
920,239
921,239
922,239
923,239
924,238
925,236
926,235
927,234
928,232
929,233
930,232
931,233
932,234
933,235
934,236
935,237
936,238
937,238
938,238
939,238
940,236
941,235
942,234
943,233
944,231
945,231
946,230
947,230
948,231
949,232
950,233
951,235
952,235
953,236
954,236
955,236
956,236
957,235
958,233
959,232
960,230
961,229
962,229
963,228
964,228
965,230
966,231
967,232
968,234
969,234
970,234
971,235
972,235
973,234
974,233
975,231
976,230
977,228
978,228
979,227
980,227
981,227
982,229
983,230
984,231
985,232
986,234
987,234
988,234
989,233
990,232
991,230
992,229
993,227
994,226
995,225
996,225
997,225
998,227
999,228
1000,229
1001,230
1002,232
1003,232
1004,233
1005,233
1006,232
1007,230
1008,228
1009,226
1010,224
1011,222
1012,222
1013,221
1014,221
1015,222
1016,224
1017,226
1018,228
1019,230
1020,231
1021,232
1022,232
1023,231
1024,229
1025,227
1026,225
1027,223
1028,221
1029,220
1030,219
1031,220
1032,221
1033,224
1034,225
1035,227
1036,229
1037,230
1038,230
1039,229
1040,228
1041,226
1042,224
1043,223
1044,220
1045,220
1046,219
1047,219
1048,220
1049,222
1050,224
1051,225
1052,226
1053,228
1054,228
1055,228
1056,227
1057,225
1058,224
1059,223
1060,220
1061,219
1062,219
1063,218
1064,219
1065,220
1066,221
1067,222
1068,224
1069,225
1070,225
1071,226
1072,225
1073,225
1074,224
1075,222
1076,221
1077,219
1078,218
1079,217
1080,217
1081,218
1082,219
1083,221
1084,222
1085,223
1086,224
1087,224
1088,224
1089,224
1090,223
1091,221
1092,220
1093,219
1094,217
1095,216
1096,216
1097,216
1098,217
1099,218
1100,220
1101,221
1102,222
1103,223
1104,223
1105,223
1106,223
1107,221
1108,220
1109,219
1110,217
1111,216
1112,215
1113,215
1114,215
1115,216
1116,217
1117,218
1118,220
1119,221
1120,221
1121,221
1122,221
1123,220
1124,219
1125,218
1126,216
1127,215
1128,214
1129,214
1130,213
1131,214
1132,215
1133,216
1134,217
1135,218
1136,219
1137,219
1138,219
1139,219
1140,218
1141,217
1142,215
1143,214
1144,212
1145,212
1146,212
1147,212
1148,212
1149,215
1150,215
1151,216
1152,217
1153,218
1154,218
1155,218
1156,217
1157,217
1158,215
1159,214
1160,213
1161,211
1162,211
1163,211
1164,211
1165,212
1166,213
1167,214
1168,215
1169,216
1170,216
1171,216
1172,216
1173,215
1174,214
1175,213
1176,212
1177,210
1178,209
1179,209
1180,209
1181,209
1182,211
1183,212
1184,213
1185,213
1186,215
1187,215
1188,215
1189,214
1190,214
1191,212
1192,211
1193,210
1194,208
1195,208
1196,208
1197,208
1198,209
1199,210
1200,211
1201,212
1202,213
1203,213
1204,214
1205,213
1206,214
1207,212
1208,211
1209,209
1210,208
1211,207
1212,207
1213,206
1214,206
1215,207
1216,208
1217,209
1218,210
1219,211
1220,212
1221,212
1222,212
1223,211
1224,210
1225,209
1226,207
1227,206
1228,205
1229,205
1230,204
1231,205
1232,206
1233,207
1234,208
1235,209
1236,210
1237,211
1238,210
1239,210
1240,209
1241,208
1242,207
1243,206
1244,204
1245,204
1246,203
1247,203
1248,204
1249,206
1250,206
1251,207
1252,208
1253,209
1254,209
1255,209
1256,208
1257,207
1258,206
1259,205
1260,203
1261,202
1262,202
1263,202
1264,202
1265,203
1266,204
1267,205
1268,206
1269,207
1270,207
1271,207
1272,207
1273,206
1274,206
1275,204
1276,203
1277,202
1278,201
1279,200
1280,201
1281,201
1282,202
1283,203
1284,204
1285,205
1286,206
1287,206
1288,206
1289,206
1290,205
1291,204
1292,203
1293,201
1294,201
1295,199
1296,199
1297,199
1298,200
1299,201
1300,202
1301,203
1302,204
1303,205
1304,205
1305,205
1306,205
1307,203
1308,203
1309,201
1310,199
1311,198
1312,198
1313,198
1314,198
1315,199
1316,200
1317,201
1318,202
1319,203
1320,204
1321,204
1322,204
1323,203
1324,201
1325,200
1326,199
1327,198
1328,197
1329,197
1330,196
1331,197
1332,199
1333,201
1334,202
1335,204
1336,206
1337,207
1338,207
1339,207
1340,206
1341,204
1342,202
1343,200
1344,197
1345,196
1346,195
1347,195
1348,196
1349,199
1350,200
1351,202
1352,204
1353,206
1354,206
1355,206
1356,206
1357,204
1358,202
1359,201
1360,197
1361,195
1362,195
1363,194
1364,194
1365,195
1366,198
1367,199
1368,201
1369,203
1370,204
1371,205
1372,205
1373,204
1374,202
1375,200
1376,198
1377,195
1378,194
1379,193
1380,193
1381,193
1382,195
1383,197
1384,199
1385,202
1386,203
1387,203
1388,204
1389,205
1390,203
1391,201
1392,199
1393,196
1394,194
1395,193
1396,192
1397,192
1398,194
1399,195
1400,197
1401,199
1402,201
1403,203
1404,203
1405,203
1406,203
1407,201
1408,199
1409,197
1410,195
1411,193
1412,192
1413,192
1414,192
1415,194
1416,195
1417,197
1418,198
1419,199
1420,199
1421,199
1422,199
1423,198
1424,197
1425,196
1426,194
1427,193
1428,192
1429,192
1430,192
1431,193
1432,194
1433,195
1434,196
1435,197
1436,198
1437,198
1438,198
1439,198
1440,196
1441,196
1442,194
1443,193
1444,191
1445,191
1446,191
1447,191
1448,192
1449,193
1450,194
1451,195
1452,196
1453,197
1454,197
1455,197
1456,197
1457,195
1458,195
1459,193
1460,192
1461,191
1462,190
1463,191
1464,191
1465,192
1466,193
1467,194
1468,195
1469,196
1470,196
1471,196
1472,196
1473,195
1474,194
1475,193
1476,192
1477,190
1478,190
1479,189
1480,189
1481,190
1482,191
1483,192
1484,193
1485,194
1486,195
1487,195
1488,195
1489,195
1490,194
1491,193
1492,192
1493,190
1494,189
1495,189
1496,189
1497,188
1498,190
1499,191
1500,192
1501,192
1502,194
1503,194
1504,195
1505,195
1506,194
1507,193
1508,192
1509,191
1510,190
1511,189
1512,189
1513,189
1514,189
1515,190
1516,191
1517,192
1518,193
1519,194
1520,194
1521,194
1522,195
1523,193
1524,192
1525,191
1526,190
1527,189
1528,188
1529,188
1530,188
1531,189
1532,190
1533,191
1534,192
1535,193
1536,193
1537,194
1538,193
1539,194
1540,192
1541,191
1542,190
1543,189
1544,187
1545,187
1546,187
1547,187
1548,188
1549,189
1550,189
1551,191
1552,191
1553,193
1554,192
1555,193
1556,192
1557,191
1558,189
1559,189
1560,187
1561,187
1562,186
1563,186
1564,186
1565,188
1566,189
1567,189
1568,191
1569,191
1570,192
1571,192
1572,192
1573,191
1574,190
1575,189
1576,188
1577,186
1578,186
1579,185
1580,185
1581,186
1582,188
1583,188
1584,189
1585,190
1586,191
1587,191
1588,191
1589,191
1590,190
1591,188
1592,188
1593,186
1594,185
1595,185
1596,185
1597,185
1598,186
1599,187
1600,188
1601,189
1602,190
1603,190
1604,191
1605,190
1606,190
1607,189
1608,188
1609,187
1610,185
1611,184
1612,184
1613,184
1614,185
1615,185
1616,187
1617,187
1618,189
1619,189
1620,189
1621,190
1622,190
1623,189
1624,187
1625,186
1626,185
1627,184
1628,183
1629,183
1630,183
1631,184
1632,185
1633,186
1634,187
1635,188
1636,189
1637,189
1638,189
1639,189
1640,188
1641,187
1642,185
1643,184
1644,183
1645,183
1646,183
1647,183
1648,184
1649,185
1650,186
1651,187
1652,188
1653,188
1654,188
1655,189
1656,188
1657,187
1658,186
1659,185
1660,183
1661,182
1662,182
1663,182
1664,182
1665,184
1666,185
1667,186
1668,186
1669,187
1670,188
1671,188
1672,188
1673,187
1674,186
1675,184
1676,183
1677,182
1678,181
1679,181
1680,181
1681,182
1682,183
1683,184
1684,185
1685,186
1686,187
1687,187
1688,187
1689,186
1690,186
1691,184
1692,184
1693,182
1694,181
1695,180
1696,180
1697,180
1698,182
1699,183
1700,184
1701,185
1702,186
1703,187
1704,187
1705,186
1706,186
1707,184
1708,184
1709,182
1710,181
1711,180
1712,180
1713,180
1714,180
1715,182
1716,183
1717,183
1718,185
1719,186
1720,186
1721,186
1722,186
1723,185
1724,183
1725,182
1726,181
1727,180
1728,179
1729,179
1730,179
1731,180
1732,181
1733,182
1734,183
1735,184
1736,184
1737,185
1738,184
1739,184
1740,183
1741,182
1742,181
1743,180
1744,179
1745,178
1746,179
1747,178
1748,179
1749,181
1750,182
1751,183
1752,183
1753,184
1754,184
1755,184
1756,183
1757,183
1758,181
1759,180
1760,178
1761,178
1762,178
1763,178
1764,178
1765,179
1766,180
1767,182
1768,182
1769,183
1770,183
1771,184
1772,184
1773,183
1774,182
1775,181
1776,179
1777,178
1778,177
1779,177
1780,177
1781,178
1782,179
1783,180
1784,181
1785,182
1786,183
1787,183
1788,183
1789,182
1790,182
1791,180
1792,180
1793,178
1794,177
1795,177
1796,176
1797,176
1798,178
1799,179
1800,180
1801,180
1802,182
1803,182
1804,183
1805,182
1806,182
1807,180
1808,179
1809,178
1810,177
1811,176
1812,176
1813,176
1814,176
1815,177
1816,178
1817,179
1818,181
1819,182
1820,182
1821,182
1822,182
1823,181
1824,179
1825,178
1826,177
1827,176
1828,175
1829,175
1830,175
1831,176
1832,177
1833,178
1834,179
1835,180
1836,180
1837,181
1838,181
1839,180
1840,179
1841,178
1842,177
1843,176
1844,175
1845,175
1846,174
1847,175
1848,176
1849,177
1850,178
1851,179
1852,180
1853,180
1854,180
1855,180
1856,179
1857,179
1858,177
1859,176
1860,176
1861,175
1862,174
1863,174
1864,175
1865,176
1866,177
1867,178
1868,179
1869,180
1870,180
1871,181
1872,180
1873,179
1874,178
1875,177
1876,176
1877,174
1878,174
1879,174
1880,174
1881,175
1882,176
1883,177
1884,178
1885,179
1886,180
1887,180
1888,180
1889,179
1890,179
1891,178
1892,177
1893,175
1894,175
1895,174
1896,174
1897,174
1898,176
1899,176
1900,178
1901,179
1902,179
1903,179
1904,180
1905,180
1906,179
1907,178
1908,177
1909,175
1910,175
1911,174
1912,174
1913,174
1914,175
1915,176
1916,177
1917,178
1918,179
1919,180
1920,180
1921,180
1922,180
1923,179
1924,178
1925,177
1926,176
1927,174
1928,174
1929,174
1930,174
1931,175
1932,176
1933,177
1934,178
1935,179
1936,179
1937,180
1938,180
1939,179
1940,178
1941,177
1942,176
1943,175
1944,173
1945,173
1946,173
1947,173
1948,174
1949,176
1950,177
1951,178
1952,179
1953,179
1954,179
1955,179
1956,178
1957,177
1958,176
1959,175
1960,173
1961,173
1962,172
1963,173
1964,173
1965,174
1966,176
1967,177
1968,177
1969,179
1970,179
1971,179
1972,179
1973,178
1974,177
1975,176
1976,174
1977,172
1978,173
1979,173
1980,173
1981,173
1982,175
1983,176
1984,177
1985,178
1986,179
1987,178
1988,179
1989,178
1990,178
1991,176
1992,175
1993,174
1994,173
1995,172
1996,172
1997,172
1998,174
1999,175
2000,176
2001,177
2002,178
2003,178
2004,178
2005,179
2006,178
2007,176
2008,176
2009,174
2010,173
2011,172
2012,172
2013,172
2014,173
2015,174
2016,175
2017,176
2018,177
2019,178
2020,179
2021,178
2022,179
2023,177
2024,176
2025,175
2026,174
2027,173
2028,172
2029,173
2030,172
2031,173
2032,175
2033,175
2034,176
2035,177
2036,177
2037,178
2038,178
2039,177
2040,176
2041,175
2042,174
2043,173
2044,171
2045,171
2046,171
2047,171
2048,172
2049,174
2050,175
2051,176
2052,177
2053,177
2054,177
2055,177
2056,176
2057,176
2058,174
2059,174
2060,172
2061,172
2062,171
2063,171
2064,172
2065,173
2066,175
2067,175
2068,176
2069,177
2070,177
2071,177
2072,177
2073,177
2074,175
2075,175
2076,173
2077,171
2078,171
2079,171
2080,171
2081,172
2082,173
2083,174
2084,175
2085,176
2086,177
2087,177
2088,177
2089,176
2090,175
2091,174
2092,173
2093,172
2094,171
2095,171
2096,171
2097,171
2098,172
2099,174
2100,174
2101,175
2102,177
2103,176
2104,177
2105,177
2106,177
2107,175
2108,174
2109,173
2110,172
2111,171
2112,171
2113,170
2114,171
2115,172
2116,174
2117,175
2118,176
2119,176
2120,177
2121,177
2122,177
2123,176
2124,175
2125,174
2126,173
2127,171
2128,170
2129,170
2130,171
2131,172
2132,173
2133,174
2134,175
2135,176
2136,176
2137,176
2138,176
2139,176
2140,175
2141,174
2142,173
2143,172
2144,171
2145,171
2146,170
2147,171
2148,172
2149,173
2150,174
2151,175
2152,176
2153,176
2154,176
2155,176
2156,175
2157,174
2158,173
2159,172
2160,170
2161,170
2162,169
2163,170
2164,170
2165,172
2166,172
2167,174
2168,175
2169,176
2170,176
2171,176
2172,176
2173,175
2174,174
2175,173
2176,171
2177,170
2178,170
2179,170
2180,170
2181,171
2182,173
2183,173
2184,174
2185,175
2186,175
2187,176
2188,176
2189,175
2190,174
2191,173
2192,172
2193,170
2194,170
2195,169
2196,169
2197,169
2198,170
2199,171
2200,172
2201,173
2202,174
2203,174
2204,175
2205,175
2206,174
2207,173
2208,172
2209,170
2210,169
2211,169
2212,169
2213,168
2214,169
2215,170
2216,171
2217,172
2218,173
2219,174
2220,174
2221,174
2222,174
2223,173
2224,172
2225,170
2226,170
2227,168
2228,168
2229,168
2230,167
2231,168
2232,169
2233,170
2234,171
2235,172
2236,173
2237,173
2238,173
2239,173
2240,172
2241,170
2242,170
2243,168
2244,167
2245,167
2246,166
2247,167
2248,167
2249,170
2250,170
2251,172
2252,172
2253,173
2254,173
2255,173
2256,172
2257,171
2258,170
2259,169
2260,167
2261,167
2262,166
2263,166
2264,167
2265,168
2266,169
2267,170
2268,172
2269,172
2270,173
2271,173
2272,172
2273,172
2274,171
2275,170
2276,168
2277,167
2278,167
2279,167
2280,167
2281,167
2282,169
2283,170
2284,171
2285,171
2286,172
2287,172
2288,173
2289,172
2290,171
2291,169
2292,168
2293,167
2294,167
2295,166
2296,166
2297,166
2298,167
2299,168
2300,170
2301,170
2302,171
2303,171
2304,172
2305,171
2306,171
2307,170
2308,169
2309,167
2310,166
2311,166
2312,166
2313,165
2314,166
2315,167
2316,168
2317,169
2318,170
2319,170
2320,171
2321,171
2322,171
2323,171
2324,169
2325,168
2326,167
2327,165
2328,165
2329,165
2330,165
2331,166
2332,167
2333,168
2334,169
2335,170
2336,171
2337,171
2338,171
2339,170
2340,169
2341,168
2342,167
2343,166
2344,164
2345,165
2346,164
2347,165
2348,166
2349,167
2350,168
2351,169
2352,170
2353,170
2354,170
2355,170
2356,170
2357,169
2358,167
2359,166
2360,165
2361,165
2362,164
2363,164
2364,164
2365,166
2366,167
2367,168
2368,169
2369,170
2370,170
2371,170
2372,170
2373,169
2374,168
2375,167
2376,166
2377,164
2378,164
2379,165
2380,164
2381,166
2382,167
2383,167
2384,169
2385,170
2386,171
2387,171
2388,171
2389,170
2390,169
2391,168
2392,167
2393,165
2394,165
2395,164
2396,165
2397,165
2398,166
2399,167
2400,168
2401,170
2402,171
2403,171
2404,171
2405,171
2406,170
2407,169
2408,168
2409,167
2410,166
2411,165
2412,165
2413,165
2414,166
2415,167
2416,168
2417,169
2418,170
2419,170
2420,171
2421,171
2422,171
2423,170
2424,169
2425,168
2426,166
2427,165
2428,165
2429,165
2430,166
2431,166
2432,167
2433,168
2434,169
2435,170
2436,171
2437,171
2438,171
2439,171
2440,169
2441,169
2442,167
2443,166
2444,165
2445,165
2446,165
2447,165
2448,166
2449,168
2450,168
2451,169
2452,170
2453,171
2454,170
2455,171
2456,170
2457,169
2458,168
2459,167
2460,165
2461,165
2462,165
2463,165
2464,165
2465,167
2466,168
2467,169
2468,170
2469,171
2470,170
2471,171
2472,170
2473,170
2474,168
2475,167
2476,166
2477,165
2478,164
2479,164
2480,164
2481,166
2482,167
2483,168
2484,169
2485,169
2486,170
2487,170
2488,170
2489,170
2490,169
2491,168
2492,167
2493,166
2494,165
2495,165
2496,165
2497,165
2498,166
2499,167
2500,168
2501,169
2502,170
2503,170
2504,171
2505,170
2506,170
2507,169
2508,168
2509,166
2510,165
2511,165
2512,165
2513,164
2514,165
2515,167
2516,168
2517,168
2518,170
2519,170
2520,171
2521,170
2522,170
2523,169
2524,168
2525,167
2526,166
2527,165
2528,165
2529,164
2530,165
2531,166
2532,168
2533,169
2534,170
2535,170
2536,171
2537,172
2538,171
2539,171
2540,170
2541,169
2542,167
2543,166
2544,165
2545,166
2546,165
2547,166
2548,167
2549,168
2550,169
2551,171
2552,171
2553,171
2554,171
2555,171
2556,170
2557,169
2558,168
2559,167
2560,165
2561,165
2562,165
2563,165
2564,165
2565,167
2566,168
2567,169
2568,170
2569,171
2570,171
2571,171
2572,170
2573,169
2574,168
2575,167
2576,166
2577,165
2578,165
2579,165
2580,165
2581,166
2582,167
2583,169
2584,169
2585,170
2586,171
2587,170
2588,171
2589,170
2590,169
2591,168
2592,167
2593,165
2594,165
2595,165
2596,165
2597,165
2598,167
2599,167
2600,168
2601,169
2602,171
2603,171
2604,171
2605,171
2606,170
2607,169
2608,168
2609,167
2610,165
2611,165
2612,165
2613,165
2614,166
2615,166
2616,169
2617,169
2618,170
2619,171
2620,171
2621,171
2622,171
2623,170
2624,170
2625,168
2626,167
2627,166
2628,165
2629,165
2630,165
2631,166
2632,168
2633,169
2634,170
2635,171
2636,172
2637,172
2638,172
2639,171
2640,170
2641,169
2642,167
2643,167
2644,165
2645,166
2646,165
2647,166
2648,167
2649,168
2650,169
2651,170
2652,171
2653,171
2654,171
2655,171
2656,170
2657,169
2658,168
2659,167
2660,165
2661,165
2662,165
2663,165
2664,166
2665,167
2666,168
2667,169
2668,170
2669,171
2670,171
2671,171
2672,171
2673,170
2674,169
2675,168
2676,166
2677,165
2678,165
2679,165
2680,165
2681,166
2682,168
2683,169
2684,170
2685,171
2686,171
2687,172
2688,171
2689,170
2690,170
2691,168
2692,168
2693,166
2694,166
2695,166
2696,165
2697,166
2698,167
2699,168
2700,169
2701,170
2702,171
2703,171
2704,171
2705,171
2706,171
2707,169
2708,169
2709,167
2710,166
2711,165
2712,165
2713,165
2714,166
2715,167
2716,168
2717,169
2718,170
2719,170
2720,171
2721,171
2722,171
2723,169
2724,168
2725,167
2726,166
2727,164
2728,164
2729,164
2730,164
2731,166
2732,167
2733,167
2734,169
2735,170
2736,171
2737,170
2738,171
2739,170
2740,168
2741,167
2742,166
2743,165
2744,164
2745,164
2746,164
2747,164
2748,166
2749,167
2750,167
2751,169
2752,169
2753,170
2754,170
2755,170
2756,168
2757,168
2758,166
2759,165
2760,164
2761,164
2762,163
2763,163
2764,164
2765,166
2766,166
2767,167
2768,168
2769,169
2770,170
2771,170
2772,169
2773,169
2774,167
2775,166
2776,164
2777,164
2778,164
2779,164
2780,164
2781,165
2782,166
2783,167
2784,169
2785,170
2786,170
2787,170
2788,170
2789,170
2790,168
2791,167
2792,166
2793,165
2794,164
2795,164
2796,164
2797,164
2798,166
2799,167
2800,168
2801,169
2802,170
2803,170
2804,170
2805,170
2806,169
2807,168
2808,167
2809,166
2810,165
2811,164
2812,165
2813,164
2814,165
2815,166
2816,168
2817,168
2818,169
2819,170
2820,170
2821,170
2822,170
2823,168
2824,168
2825,166
2826,165
2827,164
2828,164
2829,164
2830,164
2831,165
2832,167
2833,167
2834,169
2835,169
2836,170
2837,170
2838,170
2839,169
2840,169
2841,167
2842,166
2843,164
2844,164
2845,164
2846,164
2847,164
2848,165
2849,167
2850,167
2851,168
2852,169
2853,170
2854,170
2855,170
2856,169
2857,168
2858,166
2859,165
2860,164
2861,164
2862,163
2863,164
2864,164
2865,166
2866,167
2867,168
2868,169
2869,169
2870,169
2871,170
2872,169
2873,168
2874,167
2875,166
2876,165
2877,164
2878,163
2879,164
2880,164
2881,165
2882,166
2883,167
2884,168
2885,169
2886,169
2887,170
2888,169
2889,169
2890,168
2891,167
2892,166
2893,164
2894,164
2895,163
2896,163
2897,164
2898,165
2899,166
2900,167
2901,168
2902,169
2903,169
2904,169
2905,169
2906,168
2907,167
2908,166
2909,164
2910,163
2911,163
2912,163
2913,163
2914,164
2915,165
2916,166
2917,167
2918,169
2919,169
2920,170
2921,169
2922,169
2923,168
2924,167
2925,166
2926,165
2927,163
2928,163
2929,163
2930,164
2931,165
2932,166
2933,167
2934,168
2935,169
2936,170
2937,170
2938,170
2939,169
2940,169
2941,167
2942,166
2943,164
2944,163
2945,163
2946,163
2947,164
2948,165
2949,167
2950,167
2951,169
2952,169
2953,170
2954,170
2955,170
2956,169
2957,168
2958,166
2959,166
2960,164
2961,164
2962,163
2963,165
2964,165
2965,166
2966,167
2967,168
2968,169
2969,170
2970,170
2971,170
2972,169
2973,168
2974,167
2975,166
2976,164
2977,164
2978,163
2979,163
2980,163
2981,165
2982,166
2983,167
2984,168
2985,169
2986,169
2987,170
2988,170
2989,169
2990,168
2991,167
2992,166
2993,165
2994,164
2995,163
2996,163
2997,164
2998,165
2999,166
3000,168
3001,168
3002,169
3003,169
3004,170
3005,169
3006,168
3007,167
3008,166
3009,164
3010,164
3011,163
3012,163
3013,164
3014,164
3015,165
3016,167
3017,167
3018,169
3019,169
3020,169
3021,169
3022,169
3023,167
3024,167
3025,165
3026,164
3027,163
3028,163
3029,162
3030,163
3031,164
3032,166
3033,166
3034,168
3035,169
3036,169
3037,170
3038,169
3039,169
3040,167
3041,166
3042,165
3043,164
3044,163
3045,163
3046,162
3047,163
3048,164
3049,166
3050,167
3051,168
3052,169
3053,169
3054,169
3055,169
3056,168
3057,167
3058,165
3059,164
3060,163
3061,163
3062,163
3063,163
3064,164
3065,165
3066,166
3067,167
3068,168
3069,169
3070,169
3071,169
3072,168
3073,167
3074,166
3075,165
3076,163
3077,163
3078,162
3079,162
3080,162
3081,164
3082,164
3083,166
3084,166
3085,168
3086,168
3087,168
3088,168
3089,167
3090,166
3091,165
3092,164
3093,163
3094,162
3095,162
3096,162
3097,162
3098,164
3099,165
3100,166
3101,167
3102,168
3103,168
3104,168
3105,168
3106,167
3107,165
3108,165
3109,163
3110,162
3111,161
3112,162
3113,161
3114,163
3115,163
3116,165
3117,165
3118,167
3119,167
3120,168
3121,167
3122,167
3123,165
3124,164
3125,164
3126,162
3127,161
3128,161
3129,161
3130,161
3131,162
3132,164
3133,164
3134,166
3135,166
3136,167
3137,167
3138,167
3139,166
3140,165
3141,164
3142,163
3143,161
3144,161
3145,161
3146,161
3147,161
3148,162
3149,164
3150,164
3151,166
3152,166
3153,167
3154,167
3155,167
3156,166
3157,164
3158,164
3159,162
3160,161
3161,161
3162,160
3163,161
3164,162
3165,163
3166,164
3167,165
3168,166
3169,167
3170,167
3171,167
3172,167
3173,165
3174,164
3175,163
3176,161
3177,161
3178,161
3179,161
3180,162
3181,163
3182,164
3183,165
3184,165
3185,167
3186,167
3187,167
3188,167
3189,166
3190,165
3191,164
3192,163
3193,162
3194,161
3195,162
3196,161
3197,162
3198,163
3199,164
3200,165
3201,166
3202,167
3203,167
3204,167
3205,167
3206,166
3207,165
3208,164
3209,163
3210,162
3211,161
3212,161
3213,161
3214,162
3215,164
3216,165
3217,166
3218,167
3219,167
3220,168
3221,167
3222,167
3223,166
3224,165
3225,163
3226,162
3227,161
3228,161
3229,161
3230,162
3231,163
3232,164
3233,165
3234,166
3235,166
3236,168
3237,168
3238,168
3239,167
3240,166
3241,165
3242,164
3243,163
3244,162
3245,162
3246,162
3247,163
3248,164
3249,165
3250,166
3251,167
3252,167
3253,168
3254,168
3255,167
3256,166
3257,165
3258,164
3259,162
3260,161
3261,162
3262,161
3263,162
3264,162
3265,164
3266,164
3267,166
3268,166
3269,167
3270,167
3271,167
3272,166
3273,166
3274,165
3275,164
3276,162
3277,162
3278,161
3279,161
3280,161
3281,163
3282,164
3283,165
3284,166
3285,167
3286,167
3287,168
3288,167
3289,166
3290,165
3291,164
3292,163
3293,162
3294,161
3295,161
3296,161
3297,162
3298,164
3299,165
3300,166
3301,166
3302,167
3303,167
3304,168
3305,167
3306,166
3307,165
3308,164
3309,163
3310,162
3311,161
3312,161
3313,161
3314,162
3315,164
3316,165
3317,166
3318,167
3319,167
3320,167
3321,167
3322,167
3323,165
3324,164
3325,163
3326,162
3327,161
3328,161
3329,160
3330,161
3331,162
3332,164
3333,164
3334,166
3335,166
3336,167
3337,166
3338,167
3339,165
3340,165
3341,164
3342,163
3343,162
3344,161
3345,161
3346,161
3347,162
3348,163
3349,164
3350,165
3351,166
3352,167
3353,167
3354,167
3355,167
3356,165
3357,165
3358,163
3359,162
3360,161
3361,161
3362,160
3363,160
3364,162
3365,163
3366,163
3367,165
3368,166
3369,167
3370,166
3371,167
3372,165
3373,165
3374,163
3375,162
3376,161
3377,161
3378,160
3379,161
3380,161
3381,162
3382,164
3383,165
3384,165
3385,167
3386,166
3387,167
3388,166
3389,166
3390,165
3391,164
3392,163
3393,162
3394,161
3395,161
3396,161
3397,162
3398,163
3399,165
3400,165
3401,167
3402,167
3403,167
3404,167
3405,167
3406,167
3407,165
3408,164
3409,162
3410,161
3411,161
3412,161
3413,161
3414,162
3415,164
3416,165
3417,165
3418,166
3419,167
3420,167
3421,167
3422,166
3423,165
3424,164
3425,163
3426,162
3427,161
3428,162
3429,161
3430,162
3431,163
3432,165
3433,165
3434,167
3435,167
3436,168
3437,168
3438,168
3439,166
3440,166
3441,165
3442,164
3443,163
3444,163
3445,162
3446,162
3447,163
3448,165
3449,166
3450,167
3451,168
3452,169
3453,169
3454,169
3455,168
3456,167
3457,166
3458,165
3459,164
3460,163
3461,163
3462,163
3463,163
3464,164
3465,165
3466,166
3467,168
3468,168
3469,169
3470,169
3471,169
3472,168
3473,167
3474,166
3475,165
3476,163
3477,163
3478,163
3479,163
3480,163
3481,165
3482,165
3483,167
3484,168
3485,169
3486,169
3487,169
3488,169
3489,168
3490,166
3491,166
3492,164
3493,163
3494,163
3495,163
3496,163
3497,164
3498,165
3499,166
3500,167
3501,168
3502,169
3503,169
3504,169
3505,168
3506,168
3507,166
3508,165
3509,163
3510,163
3511,163
3512,163
3513,163
3514,164
3515,165
3516,166
3517,167
3518,168
3519,168
3520,169
3521,168
3522,168
3523,166
3524,166
3525,164
3526,163
3527,162
3528,162
3529,162
3530,163
3531,164
3532,165
3533,166
3534,167
3535,168
3536,168
3537,168
3538,168
3539,167
3540,166
3541,164
3542,163
3543,162
3544,162
3545,162
3546,162
3547,163
3548,164
3549,165
3550,166
3551,167
3552,168
3553,168
3554,168
3555,168
3556,166
3557,165
3558,164
3559,163
3560,162
3561,162
3562,162
3563,162
3564,163
3565,164
3566,165
3567,166
3568,167
3569,168
3570,168
3571,168
3572,167
3573,166
3574,165
3575,164
3576,162
3577,162
3578,162
3579,162
3580,162
3581,164
3582,165
3583,166
3584,167
3585,168
3586,168
3587,168
3588,168
3589,167
3590,166
3591,165
3592,163
3593,162
3594,161
3595,162
3596,162
3597,163
3598,164
3599,165
3600,166
3601,167
3602,167
3603,168
3604,168
3605,168
3606,166
3607,165
3608,164
3609,163
3610,162
3611,161
3612,161
3613,161
3614,163
3615,164
3616,165
3617,166
3618,167
3619,168
3620,168
3621,168
3622,167
3623,166
3624,165
3625,163
3626,163
3627,161
3628,161
3629,161
3630,162
3631,163
3632,165
3633,165
3634,167
3635,167
3636,168
3637,167
3638,167
3639,166
3640,166
3641,164
3642,163
3643,161
3644,161
3645,160
3646,161
3647,162
3648,163
3649,164
3650,165
3651,166
3652,167
3653,167
3654,168
3655,167
3656,166
3657,165
3658,163
3659,162
3660,161
3661,161
3662,161
3663,161
3664,162
3665,163
3666,164
3667,165
3668,166
3669,167
3670,167
3671,167
3672,166
3673,165
3674,164
3675,163
3676,162
3677,161
3678,161
3679,161
3680,161
3681,163
3682,164
3683,165
3684,166
3685,167
3686,167
3687,167
3688,167
3689,166
3690,165
3691,164
3692,162
3693,161
3694,160
3695,161
3696,160
3697,162
3698,163
3699,164
3700,165
3701,166
3702,167
3703,167
3704,167
3705,167
3706,165
3707,165
3708,163
3709,161
3710,161
3711,160
3712,160
3713,161
3714,162
3715,163
3716,164
3717,165
3718,166
3719,166
3720,167
3721,167
3722,166
3723,165
3724,164
3725,162
3726,161
3727,160
3728,160
3729,160
3730,161
3731,162
3732,164
3733,164
3734,166
3735,166
3736,167
3737,167
3738,167
3739,165
3740,165
3741,163
3742,162
3743,161
3744,161
3745,160
3746,161
3747,161
3748,163
3749,164
3750,165
3751,166
3752,166
3753,166
3754,167
3755,166
3756,166
3757,164
3758,163
3759,162
3760,160
3761,160
3762,160
3763,161
3764,162
3765,163
3766,164
3767,165
3768,166
3769,167
3770,166
3771,167
3772,166
3773,165
3774,164
3775,163
3776,161
3777,160
3778,160
3779,160
3780,160
3781,162
3782,163
3783,164
3784,165
3785,166
3786,166
3787,166
3788,166
3789,165
3790,164
3791,163
3792,161
3793,161
3794,160
3795,160
3796,160
3797,161
3798,162
3799,164
3800,164
3801,165
3802,166
3803,166
3804,166
3805,166
3806,165
3807,164
3808,163
3809,162
3810,160
3811,160
3812,160
3813,160
3814,162
3815,162
3816,164
3817,164
3818,166
3819,166
3820,166
3821,166
3822,165
3823,164
3824,163
3825,162
3826,160
3827,159
3828,160
3829,159
3830,160
3831,161
3832,163
3833,163
3834,165
3835,165
3836,165
3837,165
3838,165
3839,164
3840,163
3841,162
3842,161
3843,159
3844,160
3845,159
3846,159
3847,160
3848,162
3849,162
3850,164
3851,165
3852,165
3853,165
3854,165
3855,165
3856,164
3857,162
3858,162
3859,160
3860,159
3861,159
3862,159
3863,159
3864,160
3865,162
3866,162
3867,164
3868,164
3869,165
3870,165
3871,165
3872,164
3873,163
3874,161
3875,160
3876,159
3877,159
3878,159
3879,158
3880,159
3881,160
3882,161
3883,162
3884,163
3885,164
3886,164
3887,164
3888,164
3889,163
3890,161
3891,161
3892,159
3893,158
3894,158
3895,158
3896,158
3897,159
3898,160
3899,161
3900,162
3901,163
3902,164
3903,165
3904,164
3905,164
3906,162
3907,161
3908,160
3909,159
3910,158
3911,158
3912,158
3913,158
3914,159
3915,160
3916,162
3917,163
3918,164
3919,164
3920,164
3921,164
3922,163
3923,162
3924,161
3925,160
3926,159
3927,158
3928,158
3929,158
3930,159
3931,160
3932,161
3933,162
3934,163
3935,164
3936,164
3937,164
3938,164
3939,163
3940,162
3941,160
3942,159
3943,158
3944,158
3945,158
3946,158
3947,159
3948,160
3949,161
3950,162
3951,163
3952,164
3953,164
3954,164
3955,163
3956,162
3957,161
3958,160
3959,159
3960,159
3961,158
3962,158
3963,159
3964,160
3965,162
3966,162
3967,163
3968,164
3969,165
3970,164
3971,165
3972,164
3973,163
3974,161
3975,160
3976,159
3977,159
3978,159
3979,159
3980,160
3981,161
3982,162
3983,163
3984,164
3985,165
3986,165
3987,165
3988,165
3989,164
3990,163
3991,162
3992,160
3993,160
3994,159
3995,159
3996,159
3997,161
3998,162
3999,163
4000,163
4001,165
4002,165
4003,166
4004,166
4005,165
4006,164
4007,163
4008,163
4009,162
4010,160
4011,161
4012,160
4013,161
4014,162
4015,163
4016,164
4017,165
4018,166
4019,166
4020,166
4021,166
4022,166
4023,164
4024,163
4025,162
4026,161
4027,160
4028,160
4029,160
4030,161
4031,162
4032,163
4033,164
4034,165
4035,166
4036,167
4037,166
4038,166
4039,165
4040,164
4041,162
4042,161
4043,160
4044,160
4045,160
4046,160
4047,161
4048,162
4049,163
4050,164
4051,165
4052,166
4053,166
4054,166
4055,166
4056,165
4057,164
4058,163
4059,161
4060,161
4061,161
4062,161
4063,161
4064,163
4065,163
4066,164
4067,165
4068,166
4069,166
4070,166
4071,166
4072,165
4073,164
4074,164
4075,162
4076,161
4077,161
4078,160
4079,160
4080,161
4081,162
4082,163
4083,165
4084,166
4085,167
4086,167
4087,167
4088,166
4089,165
4090,164
4091,163
4092,162
4093,161
4094,160
4095,160
4096,160
4097,162
4098,163
4099,164
4100,165
4101,166
4102,166
4103,167
4104,166
4105,166
4106,165
4107,164
4108,163
4109,161
4110,161
4111,161
4112,161
4113,162
4114,163
4115,164
4116,165
4117,166
4118,167
4119,167
4120,167
4121,166
4122,166
4123,164
4124,164
4125,162
4126,161
4127,160
4128,161
4129,160
4130,161
4131,162
4132,164
4133,164
4134,165
4135,165
4136,166
4137,166
4138,166
4139,165
4140,164
4141,163
4142,161
4143,160
4144,160
4145,160
4146,160
4147,161
4148,163
4149,163
4150,165
4151,165
4152,166
4153,165
4154,166
4155,165
4156,164
4157,163
4158,162
4159,161
4160,160
4161,160
4162,160
4163,161
4164,162
4165,163
4166,164
4167,165
4168,165
4169,167
4170,167
4171,166
4172,165
4173,165
4174,163
4175,162
4176,160
4177,160
4178,159
4179,160
4180,161
4181,162
4182,163
4183,164
4184,165
4185,166
4186,166
4187,166
4188,165
4189,164
4190,163
4191,162
4192,161
4193,160
4194,160
4195,160
4196,160
4197,161
4198,162
4199,163
4200,164
4201,165
4202,165
4203,166
4204,165
4205,165
4206,164
4207,163
4208,162
4209,161
4210,160
4211,160
4212,160
4213,160
4214,161
4215,163
4216,164
4217,166
4218,166
4219,166
4220,167
4221,166
4222,166
4223,164
4224,163
4225,162
4226,161
4227,160
4228,160
4229,160
4230,161
4231,163
4232,164
4233,164
4234,166
4235,166
4236,166
4237,166
4238,166
4239,164
4240,164
4241,163
4242,162
4243,161
4244,161
4245,160
4246,161
4247,162
4248,163
4249,164
4250,165
4251,166
4252,167
4253,167
4254,168
4255,166
4256,165
4257,164
4258,163
4259,162
4260,162
4261,161
4262,161
4263,162
4264,163
4265,164
4266,165
4267,166
4268,167
4269,167
4270,167
4271,167
4272,166
4273,165
4274,164
4275,163
4276,162
4277,161
4278,162
4279,162
4280,162
4281,164
4282,164
4283,166
4284,166
4285,167
4286,168
4287,168
4288,167
4289,166
4290,165
4291,164
4292,162
4293,162
4294,161
4295,162
4296,161
4297,163
4298,164
4299,165
4300,166
4301,167
4302,167
4303,167
4304,167
4305,166
4306,165
4307,164
4308,163
4309,162
4310,162
4311,161
4312,161
4313,162
4314,163
4315,165
4316,165
4317,167
4318,167
4319,167
4320,167
4321,167
4322,166
4323,164
4324,164
4325,162
4326,161
4327,160
4328,161
4329,160
4330,162
4331,163
4332,164
4333,165
4334,166
4335,166
4336,167
4337,166
4338,167
4339,165
4340,164
4341,163
4342,162
4343,160
4344,161
4345,160
4346,161
4347,162
4348,163
4349,164
4350,165
4351,166
4352,167
4353,166
4354,167
4355,166
4356,165
4357,163
4358,162
4359,160
4360,161
4361,160
4362,161
4363,161
4364,162
4365,163
4366,164
4367,165
4368,167
4369,166
4370,167
4371,166
4372,165
4373,164
4374,162
4375,161
4376,160
4377,160
4378,159
4379,160
4380,161
4381,162
4382,163
4383,164
4384,166
4385,166
4386,166
4387,167
4388,166
4389,165
4390,163
4391,162
4392,161
4393,160
4394,159
4395,160
4396,160
4397,161
4398,163
4399,164
4400,164
4401,166
4402,165
4403,166
4404,166
4405,165
4406,164
4407,163
4408,161
4409,160
4410,160
4411,160
4412,160
4413,160
4414,162
4415,163
4416,164
4417,165
4418,165
4419,166
4420,166
4421,166
4422,165
4423,164
4424,163
4425,161
4426,160
4427,160
4428,160
4429,160
4430,161
4431,162
4432,163
4433,164
4434,165
4435,165
4436,166
4437,166
4438,166
4439,164
4440,163
4441,162
4442,161
4443,160
4444,160
4445,160
4446,160
4447,161
4448,163
4449,163
4450,165
4451,165
4452,166
4453,166
4454,166
4455,165
4456,164
4457,163
4458,162
4459,160
4460,160
4461,160
4462,160
4463,160
4464,162
4465,163
4466,164
4467,165
4468,166
4469,166
4470,167
4471,166
4472,166
4473,164
4474,163
4475,162
4476,160
4477,160
4478,160
4479,160
4480,161
4481,162
4482,163
4483,164
4484,165
4485,166
4486,166
4487,166
4488,166
4489,165
4490,163
4491,162
4492,161
4493,161
4494,160
4495,160
4496,160
4497,162
4498,163
4499,164
4500,165
4501,166
4502,166
4503,166
4504,166
4505,165
4506,164
4507,163
4508,162
4509,161
4510,160
4511,160
4512,160
4513,161
4514,162
4515,163
4516,164
4517,165
4518,166
4519,166
4520,166
4521,166
4522,165
4523,163
4524,163
4525,161
4526,160
4527,159
4528,159
4529,160
4530,161
4531,162
4532,163
4533,164
4534,165
4535,165
4536,166
4537,166
4538,165
4539,164
4540,163
4541,161
4542,161
4543,159
4544,159
4545,159
4546,159
4547,161
4548,162
4549,163
4550,164
4551,165
4552,165
4553,165
4554,165
4555,165
4556,164
4557,162
4558,161
4559,159
4560,160
4561,159
4562,160
4563,160
4564,162
4565,163
4566,164
4567,165
4568,166
4569,166
4570,166
4571,166
4572,165
4573,164
4574,163
4575,162
4576,160
4577,160
4578,160
4579,160
4580,162
4581,163
4582,163
4583,165
4584,165
4585,166
4586,166
4587,167
4588,166
4589,165
4590,164
4591,163
4592,162
4593,161
4594,161
4595,161
4596,161
4597,163
4598,163
4599,165
4600,165
4601,166
4602,166
4603,167
4604,166
4605,166
4606,165
4607,164
4608,162
4609,162
4610,161
4611,162
4612,161
4613,162
4614,163
4615,164
4616,165
4617,166
4618,167
4619,167
4620,167
4621,167
4622,165
4623,165
4624,163
4625,162
4626,161
4627,160
4628,160
4629,160
4630,161
4631,162
4632,164
4633,165
4634,166
4635,166
4636,166
4637,166
4638,166
4639,165
4640,164
4641,162
4642,161
4643,160
4644,160
4645,160
4646,161
4647,162
4648,164
4649,164
4650,165
4651,166
4652,167
4653,166
4654,166
4655,165
4656,164
4657,163
4658,162
4659,160
4660,160
4661,159
4662,160
4663,160
4664,163
4665,162
4666,164
4667,165
4668,166
4669,166
4670,166
4671,166
4672,165
4673,164
4674,163
4675,161
4676,160
4677,160
4678,159
4679,160
4680,161
4681,162
4682,163
4683,164
4684,165
4685,165
4686,166
4687,166
4688,165
4689,164
4690,163
4691,162
4692,160
4693,160
4694,159
4695,159
4696,159
4697,161
4698,162
4699,163
4700,164
4701,165
4702,165
4703,165
4704,165
4705,164
4706,163
4707,162
4708,160
4709,160
4710,159
4711,159
4712,159
4713,160
4714,161
4715,163
4716,163
4717,164
4718,165
4719,165
4720,165
4721,165
4722,164
4723,163
4724,161
4725,161
4726,160
4727,159
4728,159
4729,160
4730,161
4731,162
4732,163
4733,164
4734,165
4735,165
4736,166
4737,166
4738,165
4739,164
4740,163
4741,162
4742,160
4743,160
4744,160
4745,159
4746,160
4747,161
4748,163
4749,163
4750,164
4751,165
4752,166
4753,165
4754,165
4755,164
4756,163
4757,162
4758,161
4759,160
4760,160
4761,159
4762,160
4763,160
4764,162
4765,162
4766,164
4767,164
4768,165
4769,165
4770,166
4771,165
4772,164
4773,163
4774,162
4775,160
4776,160
4777,159
4778,159
4779,159
4780,160
4781,162
4782,162
4783,163
4784,165
4785,165
4786,165
4787,165
4788,164
4789,163
4790,162
4791,161
4792,159
4793,159
4794,159
4795,159
4796,159
4797,161
4798,161
4799,162
4800,163
4801,164
4802,164
4803,164
4804,164
4805,164
4806,162
4807,161
4808,160
4809,159
4810,158
4811,158
4812,158
4813,159
4814,160
4815,161
4816,162
4817,163
4818,164
4819,165
4820,164
4821,164
4822,163
4823,162
4824,160
4825,160
4826,158
4827,158
4828,158
4829,158
4830,159
4831,160
4832,162
4833,162
4834,164
4835,164
4836,164
4837,164
4838,164
4839,162
4840,161
4841,160
4842,159
4843,158
4844,158
4845,158
4846,159
4847,160
4848,161
4849,162
4850,163
4851,163
4852,164
4853,164
4854,164
4855,163
4856,162
4857,161
4858,160
4859,158
4860,158
4861,158
4862,158
4863,159
4864,160
4865,161
4866,162
4867,162
4868,164
4869,164
4870,164
4871,164
4872,162
4873,161
4874,160
4875,159
4876,158
4877,158
4878,158
4879,158
4880,159
4881,160
4882,161
4883,162
4884,163
4885,164
4886,164
4887,164
4888,163
4889,162
4890,161
4891,160
4892,158
4893,158
4894,157
4895,158
4896,158
4897,160
4898,160
4899,161
4900,163
4901,163
4902,163
4903,164
4904,163
4905,162
4906,161
4907,160
4908,159
4909,158
4910,157
4911,157
4912,157
4913,158
4914,159
4915,161
4916,161
4917,163
4918,162
4919,163
4920,163
4921,163
4922,162
4923,161
4924,160
4925,158
4926,157
4927,157
4928,157
4929,158
4930,158
4931,159
4932,161
4933,161
4934,163
4935,163
4936,163
4937,163
4938,162
4939,161
4940,160
4941,159
4942,158
4943,157
4944,157
4945,157
4946,158
4947,158
4948,160
4949,161
4950,162
4951,162
4952,163
4953,164
4954,163
4955,162
4956,161
4957,160
4958,159
4959,157
4960,157
4961,157
4962,157
4963,158
4964,160
4965,160
4966,162
4967,162
4968,163
4969,163
4970,164
4971,163
4972,162
4973,161
4974,160
4975,159
4976,158
4977,158
4978,158
4979,158
4980,160
4981,161
4982,162
4983,162
4984,163
4985,164
4986,164
4987,164
4988,163
4989,162
4990,161
4991,160
4992,158
4993,158
4994,158
4995,158
4996,158
4997,160
4998,161
4999,162
5000,163
5001,164
5002,164
5003,164
5004,164
5005,163
5006,162
5007,161
5008,159
5009,158
5010,158
5011,158
5012,158
5013,159
5014,160
5015,161
5016,162
5017,164
5018,163
5019,164
5020,163
5021,163
5022,162
5023,161
5024,160
5025,159
5026,158
5027,158
5028,158
5029,158
5030,159
5031,161
5032,162
5033,163
5034,164
5035,164
5036,165
5037,165
5038,164
5039,163
5040,162
5041,161
5042,159
5043,159
5044,159
5045,159
5046,159
5047,161
5048,162
5049,163
5050,164
5051,164
5052,165
5053,165
5054,165
5055,164
5056,163
5057,162
5058,161
5059,159
5060,159
5061,158
5062,159
5063,159
5064,161
5065,162
5066,163
5067,164
5068,165
5069,165
5070,165
5071,164
5072,163
5073,162
5074,161
5075,159
5076,159
5077,159
5078,159
5079,159
5080,160
5081,162
5082,163
5083,163
5084,165
5085,165
5086,165
5087,166
5088,164
5089,163
5090,162
5091,161
5092,160
5093,160
5094,159
5095,159
5096,160
5097,161
5098,162
5099,163
5100,164
5101,165
5102,165
5103,165
5104,164
5105,164
5106,163
5107,162
5108,160
5109,159
5110,159
5111,159
5112,159
5113,160
5114,161
5115,162
5116,163
5117,164
5118,164
5119,165
5120,165
5121,164
5122,162
5123,163
5124,160
5125,160
5126,159
5127,159
5128,159
5129,159
5130,160
5131,161
5132,162
5133,164
5134,164
5135,165
5136,165
5137,165
5138,164
5139,163
5140,162
5141,160
5142,159
5143,158
5144,158
5145,158
5146,159
5147,160
5148,161
5149,162
5150,163
5151,164
5152,164
5153,164
5154,164
5155,163
5156,162
5157,160
5158,160
5159,159
5160,159
5161,158
5162,159
5163,159
5164,161
5165,162
5166,163
5167,164
5168,165
5169,165
5170,165
5171,164
5172,164
5173,161
5174,161
5175,160
5176,159
5177,159
5178,159
5179,159
5180,160
5181,161
5182,162
5183,163
5184,164
5185,164
5186,165
5187,164
5188,163
5189,162
5190,161
5191,160
5192,159
5193,158
5194,158
5195,158
5196,158
5197,160
5198,161
5199,162
5200,163
5201,164
5202,164
5203,164
5204,164
5205,164
5206,162
5207,161
5208,160
5209,159
5210,159
5211,159
5212,158
5213,160
5214,160
5215,162
5216,163
5217,164
5218,164
5219,164
5220,165
5221,165
5222,163
5223,162
5224,160
5225,160
5226,160
5227,159
5228,159
5229,160
5230,161
5231,162
5232,163
5233,164
5234,165
5235,166
5236,165
5237,165
5238,164
5239,163
5240,162
5241,161
5242,159
5243,159
5244,159
5245,159
5246,160
5247,161
5248,162
5249,163
5250,165
5251,165
5252,165
5253,165
5254,165
5255,164
5256,163
5257,161
5258,161
5259,159
5260,159
5261,159
5262,159
5263,160
5264,162
5265,163
5266,163
5267,164
5268,165
5269,165
5270,165
5271,164
5272,164
5273,162
5274,161
5275,159
5276,159
5277,158
5278,159
5279,159
5280,161
5281,162
5282,163
5283,164
5284,165
5285,165
5286,166
5287,165
5288,165
5289,163
5290,162
5291,161
5292,159
5293,159
5294,159
5295,159
5296,159
5297,161
5298,162
5299,163
5300,163
5301,164
5302,165
5303,165
5304,164
5305,163
5306,163
5307,161
5308,160
5309,159
5310,158
5311,158
5312,158
5313,160
5314,161
5315,162
5316,163
5317,164
5318,165
5319,165
5320,164
5321,164
5322,162
5323,162
5324,160
5325,160
5326,158
5327,158
5328,158
5329,159
5330,160
5331,161
5332,162
5333,163
5334,164
5335,164
5336,164
5337,164
5338,163
5339,162
5340,161
5341,160
5342,159
5343,158
5344,158
5345,158
5346,159
5347,160
5348,161
5349,162
5350,163
5351,163
5352,164
5353,164
5354,164
5355,162
5356,162
5357,160
5358,159
5359,158
5360,158
5361,158
5362,158
5363,158
5364,160
5365,160
5366,162
5367,162
5368,164
5369,163
5370,164
5371,162
5372,162
5373,160
5374,160
5375,158
5376,158
5377,157
5378,158
5379,158
5380,159
5381,161
5382,162
5383,162
5384,163
5385,164
5386,164
5387,164
5388,163
5389,162
5390,161
5391,159
5392,158
5393,158
5394,157
5395,158
5396,159
5397,160
5398,161
5399,162
5400,163
5401,163
5402,163
5403,164
5404,163
5405,162
5406,161
5407,160
5408,158
5409,158
5410,157
5411,157
5412,157
5413,159
5414,160
5415,161
5416,161
5417,163
5418,163
5419,163
5420,163
5421,163
5422,161
5423,160
5424,159
5425,158
5426,157
5427,157
5428,156
5429,158
5430,158
5431,160
5432,161
5433,162
5434,162
5435,163
5436,163
5437,163
5438,162
5439,161
5440,160
5441,159
5442,157
5443,157
5444,157
5445,157
5446,158
5447,159
5448,160
5449,160
5450,162
5451,162
5452,163
5453,162
5454,162
5455,161
5456,160
5457,159
5458,158
5459,156
5460,156
5461,156
5462,156
5463,157
5464,159
5465,160
5466,162
5467,162
5468,163
5469,162
5470,163
5471,162
5472,161
5473,159
5474,159
5475,157
5476,157
5477,156
5478,156
5479,157
5480,159
5481,160
5482,161
5483,162
5484,163
5485,163
5486,163
5487,163
5488,162
5489,161
5490,160
5491,158
5492,158
5493,157
5494,157
5495,157
5496,157
5497,159
5498,160
5499,161
5500,162
5501,163
5502,163
5503,164
5504,162
5505,162
5506,160
5507,160
5508,158
5509,158
5510,157
5511,157
5512,157
5513,159
5514,160
5515,161
5516,161
5517,163
5518,163
5519,163
5520,163
5521,163
5522,162
5523,161
5524,159
5525,159
5526,158
5527,158
5528,157
5529,158
5530,159
5531,160
5532,161
5533,163
5534,163
5535,163
5536,164
5537,163
5538,163
5539,162
5540,160
5541,161
5542,158
5543,158
5544,158
5545,158
5546,159
5547,160
5548,161
5549,162
5550,163
5551,164
5552,164
5553,164
5554,164
5555,163
5556,162
5557,161
5558,160
5559,159
5560,159
5561,158
5562,159
5563,159
5564,161
5565,162
5566,163
5567,164
5568,164
5569,164
5570,165
5571,163
5572,163
5573,161
5574,160
5575,159
5576,159
5577,158
5578,158
5579,159
5580,160
5581,161
5582,162
5583,163
5584,164
5585,165
5586,165
5587,165
5588,164
5589,163
5590,162
5591,160
5592,159
5593,159
5594,159
5595,159
5596,159
5597,161
5598,162
5599,163
5600,164
5601,164
5602,164
5603,165
5604,164
5605,163
5606,162
5607,161
5608,159
5609,159
5610,158
5611,158
5612,158
5613,160
5614,161
5615,162
5616,163
5617,164
5618,164
5619,165
5620,164
5621,164
5622,162
5623,162
5624,160
5625,159
5626,158
5627,159
5628,158
5629,159
5630,160
5631,161
5632,161
5633,163
5634,163
5635,164
5636,164
5637,164
5638,163
5639,162
5640,161
5641,160
5642,159
5643,159
5644,158
5645,159
5646,159
5647,160
5648,161
5649,162
5650,163
5651,163
5652,164
5653,164
5654,163
5655,162
5656,161
5657,160
5658,159
5659,158
5660,158
5661,158
5662,158
5663,159
5664,160
5665,161
5666,162
5667,163
5668,164
5669,163
5670,164
5671,162
5672,162
5673,161
5674,160
5675,158
5676,158
5677,157
5678,157
5679,157
5680,159
5681,160
5682,161
5683,161
5684,163
5685,163
5686,163
5687,163
5688,163
5689,161
5690,160
5691,159
5692,158
5693,157
5694,157
5695,157
5696,159
5697,160
5698,160
5699,162
5700,163
5701,163
5702,163
5703,164
5704,163
5705,161
5706,160
5707,160
5708,158
5709,158
5710,157
5711,157
5712,157
5713,158
5714,160
5715,161
5716,161
5717,163
5718,163
5719,163
5720,163
5721,162
5722,161
5723,160
5724,159
5725,158
5726,157
5727,157
5728,157
5729,158
5730,159
5731,160
5732,161
5733,162
5734,162
5735,163
5736,162
5737,162
5738,162
5739,161
5740,160
5741,158
5742,157
5743,157
5744,157
5745,157
5746,158
5747,159
5748,160
5749,161
5750,162
5751,163
5752,163
5753,163
5754,163
5755,162
5756,161
5757,160
5758,158
5759,157
5760,157
5761,157
5762,157
5763,158
5764,160
5765,161
5766,162
5767,163
5768,163
5769,163
5770,163
5771,163
5772,161
5773,160
5774,159
5775,158
5776,157
5777,157
5778,157
5779,157
5780,159
5781,160
5782,161
5783,162
5784,163
5785,163
5786,163
5787,163
5788,162
5789,161
5790,160
5791,159
5792,158
5793,157
5794,157
5795,158
5796,159
5797,161
5798,162
5799,163
5800,163
5801,164
5802,164
5803,164
5804,163
5805,162
5806,161
5807,160
5808,158
5809,158
5810,158
5811,158
5812,158
5813,159
5814,160
5815,161
5816,162
5817,163
5818,163
5819,164
5820,163
5821,163
5822,162
5823,160
5824,159
5825,158
5826,157
5827,157
5828,157
5829,158
5830,159
5831,160
5832,161
5833,163
5834,163
5835,163
5836,163
5837,163
5838,161
5839,161
5840,160
5841,158
5842,157
5843,157
5844,157
5845,157
5846,158
5847,160
5848,160
5849,161
5850,162
5851,162
5852,163
5853,162
5854,162
5855,161
5856,160
5857,159
5858,158
5859,157
5860,157
5861,156
5862,158
5863,158
5864,160
5865,160
5866,161
5867,162
5868,163
5869,163
5870,163
5871,162
5872,160
5873,160
5874,158
5875,157
5876,157
5877,156
5878,156
5879,157
5880,158
5881,160
5882,160
5883,161
5884,162
5885,162
5886,162
5887,162
5888,161
5889,160
5890,159
5891,158
5892,157
5893,157
5894,156
5895,156
5896,157
5897,159
5898,160
5899,160
5900,162
5901,162
5902,162
5903,162
5904,162
5905,161
5906,159
5907,159
5908,158
5909,157
5910,156
5911,157
5912,157
5913,158
5914,159
5915,160
5916,161
5917,162
5918,162
5919,162
5920,162
5921,161
5922,160
5923,159
5924,158
5925,157
5926,156
5927,156
5928,156
5929,157
5930,158
5931,159
5932,160
5933,161
5934,161
5935,162
5936,162
5937,162
5938,160
5939,160
5940,158
5941,158
5942,156
5943,156
5944,156
5945,157
5946,157
5947,158
5948,160
5949,161
5950,161
5951,162
5952,162
5953,162
5954,162
5955,160
5956,159
5957,158
5958,157
5959,156
5960,156
5961,156
5962,157
5963,157
5964,159
5965,159
5966,160
5967,161
5968,162
5969,161
5970,162
5971,160
5972,160
5973,158
5974,157
5975,156
5976,156
5977,155
5978,156
5979,156
5980,158
5981,158
5982,160
5983,160
5984,161
5985,161
5986,162
5987,161
5988,160
5989,159
5990,158
5991,156
5992,156
5993,155
5994,155
5995,155
5996,157
5997,158
5998,159
5999,160
6000,161
6001,161
6002,162
6003,161
6004,160
6005,160
6006,158
6007,157
6008,156
6009,155
6010,155
6011,155
6012,155
6013,157
6014,158
6015,159
6016,160
6017,161
6018,161
6019,161
6020,161
6021,160
6022,159
6023,158
6024,157
6025,156
6026,155
6027,156
6028,155
6029,157
6030,158
6031,159
6032,160
6033,161
6034,161
6035,162
6036,162
6037,162
6038,161
6039,161
6040,158
6041,158
6042,156
6043,156
6044,156
6045,156
6046,158
6047,159
6048,160
6049,161
6050,162
6051,163
6052,163
6053,163
6054,162
6055,161
6056,160
6057,159
6058,158
6059,157
6060,157
6061,156
6062,157
6063,158
6064,160
6065,161
6066,162
6067,163
6068,163
6069,163
6070,163
6071,162
6072,161
6073,160
6074,159
6075,157
6076,157
6077,157
6078,157
6079,158
6080,159
6081,160
6082,161
6083,162
6084,163
6085,163
6086,163
6087,163
6088,162
6089,161
6090,160
6091,158
6092,158
6093,157
6094,157
6095,158
6096,159
6097,159
6098,161
6099,162
6100,163
6101,164
6102,164
6103,164
6104,164
6105,162
6106,161
6107,159
6108,158
6109,158
6110,157
6111,158
6112,158
6113,159
6114,160
6115,161
6116,162
6117,163
6118,164
6119,164
6120,163
6121,163
6122,161
6123,160
6124,159
6125,158
6126,158
6127,158
6128,158
6129,159
6130,160
6131,161
6132,162
6133,163
6134,163
6135,164
6136,164
6137,164
6138,162
6139,162
6140,160
6141,159
6142,158
6143,158
6144,157
6145,158
6146,159
6147,160
6148,161
6149,162
6150,163
6151,163
6152,164
6153,164
6154,163
6155,162
6156,161
6157,159
6158,158
6159,157
6160,158
6161,158
6162,158
6163,159
6164,161
6165,161
6166,163
6167,163
6168,164
6169,164
6170,164
6171,163
6172,162
6173,161
6174,160
6175,158
6176,158
6177,157
6178,158
6179,158
6180,160
6181,161
6182,162
6183,163
6184,164
6185,164
6186,164
6187,163
6188,162
6189,161
6190,160
6191,158
6192,158
6193,157
6194,157
6195,157
6196,159
6197,160
6198,161
6199,162
6200,163
6201,163
6202,164
6203,163
6204,163
6205,161
6206,161
6207,159
6208,157
6209,157
6210,156
6211,157
6212,157
6213,158
6214,159
6215,160
6216,161
6217,162
6218,162
6219,162
6220,162
6221,161
6222,161
6223,160
6224,158
6225,157
6226,156
6227,157
6228,156
6229,157
6230,159
6231,160
6232,160
6233,162
6234,162
6235,163
6236,162
6237,162
6238,161
6239,160
6240,159
6241,158
6242,157
6243,157
6244,156
6245,158
6246,158
6247,160
6248,161
6249,161
6250,162
6251,163
6252,163
6253,163
6254,162
6255,161
6256,160
6257,159
6258,157
6259,157
6260,157
6261,157
6262,157
6263,159
6264,160
6265,160
6266,162
6267,162
6268,163
6269,163
6270,162
6271,161
6272,161
6273,160
6274,159
6275,157
6276,157
6277,157
6278,157
6279,157
6280,159
6281,160
6282,161
6283,162
6284,163
6285,163
6286,163
6287,162
6288,161
6289,160
6290,159
6291,157
6292,157
6293,157
6294,157
6295,156
6296,158
6297,159
6298,160
6299,161
6300,162
6301,163
6302,163
6303,163
6304,162
6305,161
6306,160
6307,159
6308,158
6309,157
6310,157
6311,157
6312,158
6313,159
6314,160
6315,161
6316,162
6317,163
6318,163
6319,163
6320,163
6321,162
6322,161
6323,160
6324,158
6325,157
6326,157
6327,157
6328,157
6329,158
6330,159
6331,160
6332,161
6333,162
6334,163
6335,163
6336,163
6337,163
6338,161
6339,160
6340,159
6341,158
6342,157
6343,157
6344,156
6345,157
6346,158
6347,159
6348,160
6349,161
6350,162
6351,163
6352,163
6353,163
6354,162
6355,161
6356,160
6357,159
6358,158
6359,157
6360,156
6361,156
6362,157
6363,158
6364,160
6365,160
6366,161
6367,162
6368,163
6369,162
6370,162
6371,161
6372,161
6373,159
6374,158
6375,157
6376,157
6377,156
6378,156
6379,157
6380,158
6381,159
6382,160
6383,161
6384,163
6385,162
6386,162
6387,161
6388,161
6389,159
6390,158
6391,157
6392,156
6393,156
6394,156
6395,156
6396,157
6397,157
6398,160
6399,160
6400,161
6401,162
6402,162
6403,162
6404,161
6405,160
6406,159
6407,158
6408,157
6409,156
6410,156
6411,156
6412,156
6413,158
6414,159
6415,160
6416,161
6417,162
6418,162
6419,162
6420,162
6421,161
6422,160
6423,159
6424,157
6425,156
6426,156
6427,156
6428,156
6429,157
6430,158
6431,159
6432,160
6433,161
6434,161
6435,162
6436,162
6437,162
6438,160
6439,159
6440,158
6441,157
6442,156
6443,156
6444,156
6445,156
6446,157
6447,159
6448,159
6449,161
6450,161
6451,162
6452,162
6453,162
6454,161
6455,160
6456,159
6457,158
6458,156
6459,156
6460,155
6461,156
6462,156
6463,157
6464,159
6465,159
6466,161
6467,161
6468,162
6469,161
6470,162
6471,160
6472,159
6473,158
6474,157
6475,156
6476,155
6477,155
6478,155
6479,156
6480,158
6481,159
6482,160
6483,161
6484,162
6485,161
6486,162
6487,161
6488,160
6489,159
6490,158
6491,156
6492,156
6493,156
6494,156
6495,156
6496,157
6497,158
6498,159
6499,160
6500,162
6501,161
6502,162
6503,161
6504,161
6505,160
6506,159
6507,157
6508,156
6509,155
6510,156
6511,155
6512,157
6513,157
6514,158
6515,160
6516,160
6517,161
6518,161
6519,161
6520,161
6521,160
6522,159
6523,158
6524,157
6525,156
6526,155
6527,155
6528,156
6529,156
6530,157
6531,159
6532,160
6533,161
6534,161
6535,162
6536,162
6537,161
6538,160
6539,160
6540,158
6541,157
6542,156
6543,156
6544,157
6545,157
6546,158
6547,160
6548,160
6549,162
6550,162
6551,163
6552,163
6553,163
6554,162
6555,161
6556,160
6557,159
6558,158
6559,157
6560,157
6561,158
6562,158
6563,159
6564,160
6565,161
6566,162
6567,163
6568,163
6569,163
6570,163
6571,162
6572,161
6573,160
6574,158
6575,157
6576,157
6577,157
6578,157
6579,158
6580,159
6581,160
6582,162
6583,163
6584,163
6585,163
6586,163
6587,163
6588,162
6589,161
6590,160
6591,158
6592,158
6593,157
6594,158
6595,157
6596,159
6597,160
6598,162
6599,162
6600,163
6601,163
6602,164
6603,163
6604,163
6605,162
6606,161
6607,159
6608,158
6609,158
6610,158
6611,158
6612,159
6613,160
6614,161
6615,162
6616,163
6617,163
6618,163
6619,164
6620,163
6621,163
6622,161
6623,161
6624,159
6625,158
6626,157
6627,158
6628,158
6629,159
6630,160
6631,161
6632,162
6633,163
6634,163
6635,164
6636,163
6637,163
6638,161
6639,161
6640,159
6641,158
6642,157
6643,157
6644,158
6645,158
6646,159
6647,160
6648,161
6649,162
6650,163
6651,163
6652,163
6653,163
6654,162
6655,161
6656,160
6657,159
6658,158
6659,157
6660,157
6661,157
6662,158
6663,160
6664,160
6665,161
6666,162
6667,162
6668,163
6669,163
6670,163
6671,161
6672,161
6673,159
6674,158
6675,157
6676,157
6677,157
6678,157
6679,158
6680,159
6681,160
6682,161
6683,162
6684,163
6685,163
6686,163
6687,162
6688,161
6689,160
6690,159
6691,157
6692,157
6693,156
6694,157
6695,157
6696,158
6697,159
6698,160
6699,161
6700,162
6701,162
6702,163
6703,162
6704,162
6705,160
6706,159
6707,159
6708,157
6709,157
6710,156
6711,157
6712,157
6713,159
6714,160
6715,160
6716,162
6717,162
6718,163
6719,163
6720,162
6721,161
6722,160
6723,159
6724,157
6725,157
6726,156
6727,156
6728,156
6729,157
6730,158
6731,160
6732,161
6733,162
6734,163
6735,163
6736,163
6737,162
6738,161
6739,161
6740,159
6741,158
6742,157
6743,157
6744,157
6745,158
6746,159
6747,160
6748,160
6749,162
6750,162
6751,163
6752,163
6753,163
6754,161
6755,161
6756,160
6757,159
6758,158
6759,157
6760,157
6761,157
6762,158
6763,159
6764,161
6765,162
6766,162
6767,163
6768,163
6769,163
6770,163
6771,162
6772,161
6773,159
6774,159
6775,157
6776,157
6777,157
6778,157
6779,158
6780,160
6781,161
6782,162
6783,163
6784,163
6785,163
6786,163
6787,163
6788,161
6789,160
6790,160
6791,158
6792,158
6793,157
6794,157
6795,158
6796,159
6797,160
6798,161
6799,162
6800,163
6801,163
6802,163
6803,163
6804,163
6805,161
6806,160
6807,160
6808,158
6809,158
6810,158
6811,158
6812,159
6813,160
6814,161
6815,162
6816,164
6817,164
6818,165
6819,165
6820,164
6821,163
6822,162
6823,161
6824,159
6825,159
6826,158
6827,159
6828,158
6829,160
6830,161
6831,162
6832,163
6833,164
6834,165
6835,165
6836,164
6837,164
6838,163
6839,162
6840,160
6841,159
6842,159
6843,159
6844,159
6845,159
6846,160
6847,161
6848,162
6849,163
6850,164
6851,165
6852,165
6853,165
6854,163
6855,163
6856,161
6857,160
6858,158
6859,158
6860,158
6861,158
6862,159
6863,160
6864,161
6865,162
6866,163
6867,164
6868,164
6869,164
6870,164
6871,162
6872,162
6873,160
6874,159
6875,158
6876,158
6877,157
6878,158
6879,159
6880,160
6881,161
6882,162
6883,163
6884,164
6885,163
6886,164
6887,163
6888,162
6889,160
6890,160
6891,158
6892,158
6893,158
6894,158
6895,158
6896,159
6897,161
6898,162
6899,162
6900,163
6901,163
6902,164
6903,164
6904,164
6905,162
6906,161
6907,159
6908,159
6909,158
6910,159
6911,158
6912,159
6913,160
6914,161
6915,162
6916,163
6917,164
6918,164
6919,164
6920,164
6921,163
6922,161
6923,160
6924,159
6925,158
6926,158
6927,158
6928,158
6929,159
6930,160
6931,161
6932,162
6933,163
6934,164
6935,164
6936,164
6937,163
6938,162
6939,161
6940,160
6941,158
6942,158
6943,158
6944,158
6945,158
6946,160
6947,161
6948,161
6949,163
6950,163
6951,164
6952,164
6953,164
6954,162
6955,162
6956,161
6957,160
6958,158
6959,158
6960,157
6961,158
6962,159
6963,160
6964,161
6965,162
6966,163
6967,164
6968,164
6969,165
6970,164
6971,163
6972,162
6973,160
6974,160
6975,158
6976,158
6977,158
6978,158
6979,159
6980,161
6981,161
6982,163
6983,163
6984,164
6985,164
6986,164
6987,163
6988,162
6989,161
6990,160
6991,159
6992,158
6993,157
6994,158
6995,158
6996,160
6997,160
6998,162
6999,163
7000,164
7001,164
7002,164
7003,164
7004,163
7005,161
7006,161
7007,159
7008,158
7009,157
7010,158
7011,157
7012,159
7013,160
7014,161
7015,162
7016,163
7017,163
7018,164
7019,164
7020,164
7021,162
7022,162
7023,161
7024,159
7025,158
7026,157
7027,158
7028,158
7029,160
7030,161
7031,162
7032,163
7033,164
7034,165
7035,165
7036,164
7037,164
7038,162
7039,162
7040,160
7041,159
7042,158
7043,159
7044,158
7045,159
7046,160
7047,161
7048,162
7049,163
7050,164
7051,164
7052,164
7053,164
7054,163
7055,162
7056,161
7057,160
7058,158
7059,158
7060,157
7061,158
7062,159
7063,160
7064,162
7065,162
7066,163
7067,164
7068,165
7069,165
7070,165
7071,164
7072,163
7073,162
7074,160
7075,159
7076,159
7077,159
7078,160
7079,160
7080,162
7081,163
7082,164
7083,165
7084,166
7085,166
7086,166
7087,165
7088,164
7089,163
7090,162
7091,160
7092,160
7093,160
7094,159
7095,161
7096,162
7097,163
7098,164
7099,165
7100,166
7101,166
7102,167
7103,166
7104,166
7105,164
7106,163
7107,162
7108,161
7109,160
7110,160
7111,160
7112,161
7113,162
7114,164
7115,165
7116,166
7117,166
7118,167
7119,167
7120,166
7121,165
7122,164
7123,163
7124,162
7125,161
7126,161
7127,160
7128,160
7129,162
7130,163
7131,164
7132,165
7133,166
7134,166
7135,167
7136,167
7137,166
7138,165
7139,164
7140,162
7141,161
7142,160
7143,161
7144,160
7145,161
7146,162
7147,164
7148,165
7149,166
7150,166
7151,167
7152,166
7153,167
7154,165
7155,164
7156,163
7157,162
7158,161
7159,161
7160,160
7161,160
7162,161
7163,163
7164,163
7165,165
7166,166
7167,166
7168,166
7169,167
7170,166
7171,165
7172,164
7173,163
7174,162
7175,161
7176,161
7177,160
7178,161
7179,162
7180,163
7181,164
7182,165
7183,166
7184,166
7185,166
7186,166
7187,166
7188,165
7189,163
7190,162
7191,161
7192,161
7193,160
7194,160
7195,161
7196,163
7197,163
7198,165
7199,165
7200,167
7201,166
7202,167
7203,166
7204,166
7205,164
7206,163
7207,162
7208,161
7209,160
7210,160
7211,160
7212,161
7213,162
7214,164
7215,164
7216,166
7217,166
7218,166
7219,167
7220,166
7221,165
7222,164
7223,163
7224,162
7225,161
7226,161
7227,160
7228,160
7229,162
7230,163
7231,164
7232,165
7233,166
7234,166
7235,166
7236,166
7237,165
7238,164
7239,163
7240,161
7241,161
7242,160
7243,160
7244,159
7245,161
7246,162
7247,163
7248,164
7249,165
7250,165
7251,166
7252,165
7253,166
7254,165
7255,164
7256,162
7257,161
7258,160
7259,160
7260,159
7261,160
7262,161
7263,162
7264,163
7265,164
7266,165
7267,166
7268,167
7269,166
7270,165
7271,165
7272,163
7273,162
7274,161
7275,161
7276,160
7277,161
7278,160
7279,161
7280,163
7281,163
7282,165
7283,165
7284,166
7285,166
7286,166
7287,165
7288,164
7289,163
7290,162
7291,161
7292,160
7293,160
7294,160
7295,160
7296,162
7297,163
7298,164
7299,165
7300,166
7301,166
7302,166
7303,165
7304,165
7305,163
7306,163
7307,161
7308,160
7309,159
7310,159
7311,159
7312,161
7313,161
7314,163
7315,163
7316,165
7317,165
7318,165
7319,165
7320,165
7321,164
7322,163
7323,161
7324,161
7325,160
7326,160
7327,160
7328,160
7329,161
7330,162
7331,163
7332,164
7333,165
7334,165
7335,166
7336,165
7337,165
7338,163
7339,163
7340,162
7341,160
7342,160
7343,160
7344,159
7345,160
7346,162
7347,163
7348,163
7349,165
7350,166
7351,166
7352,166
7353,166
7354,164
7355,164
7356,162
7357,161
7358,160
7359,160
7360,160
7361,161
7362,161
7363,162
7364,163
7365,165
7366,165
7367,166
7368,165
7369,167
7370,165
7371,165
7372,163
7373,163
7374,161
7375,161
7376,160
7377,160
7378,160
7379,162
7380,163
7381,164
7382,165
7383,166
7384,166
7385,166
7386,166
7387,165
7388,164
7389,163
7390,162
7391,161
7392,160
7393,160
7394,160
7395,160
7396,162
7397,163
7398,164
7399,165
7400,166
7401,166
7402,166
7403,166
7404,164
7405,163
7406,163
7407,161
7408,160
7409,159
7410,160
7411,160
7412,161
7413,162
7414,163
7415,164
7416,165
7417,165
7418,165
7419,165
7420,165
7421,164
7422,163
7423,162
7424,160
7425,160
7426,160
7427,159
7428,160
7429,161
7430,162
7431,163
7432,164
7433,165
7434,165
7435,165
7436,165
7437,164
7438,163
7439,163
7440,160
7441,161
7442,159
7443,160
7444,159
7445,161
7446,161
7447,162
7448,163
7449,164
7450,164
7451,165
7452,165
7453,165
7454,164
7455,163
7456,161
7457,160
7458,159
7459,159
7460,159
7461,159
7462,160
7463,161
7464,162
7465,163
7466,164
7467,164
7468,164
7469,165
7470,164
7471,163
7472,162
7473,162
7474,160
7475,159
7476,159
7477,159
7478,159
7479,161
7480,161
7481,163
7482,163
7483,164
7484,165
7485,164
7486,164
7487,163
7488,162
7489,161
7490,160
7491,158
7492,158
7493,158
7494,158
7495,158
7496,160
7497,161
7498,162
7499,163
7500,164
7501,164
7502,164
7503,163
7504,163
7505,161
7506,161
7507,159
7508,158
7509,158
7510,159
7511,158
7512,159
7513,160
7514,161
7515,162
7516,163
7517,163
7518,164
7519,163
7520,163
7521,162
7522,161
7523,160
7524,158
7525,158
7526,158
7527,157
7528,158
7529,159
7530,161
7531,161
7532,163
7533,163
7534,163
7535,164
7536,163
7537,162
7538,161
7539,160
7540,159
7541,158
7542,157
7543,157
7544,157
7545,158
7546,159
7547,160
7548,161
7549,162
7550,162
7551,163
7552,163
7553,163
7554,161
7555,161
7556,159
7557,159
7558,157
7559,157
7560,157
7561,157
7562,158
7563,160
7564,161
7565,162
7566,162
7567,163
7568,163
7569,163
7570,162
7571,161
7572,160
7573,160
7574,158
7575,158
7576,158
7577,158
7578,158
7579,160
7580,161
7581,162
7582,163
7583,164
7584,164
7585,164
7586,164
7587,163
7588,162
7589,161
7590,160
7591,159
7592,159
7593,158
7594,158
7595,159
7596,161
7597,161
7598,162
7599,163
7600,164
7601,164
7602,165
7603,164
7604,163
7605,162
7606,161
7607,160
7608,159
7609,158
7610,159
7611,158
7612,160
7613,161
7614,162
7615,163
7616,165
7617,164
7618,165
7619,165
7620,165
7621,163
7622,163
7623,161
7624,160
7625,159
7626,159
7627,159
7628,159
7629,161
7630,162
7631,163
7632,165
7633,165
7634,165
7635,165
7636,165
7637,164
7638,163
7639,163
7640,161
7641,160
7642,159
7643,159
7644,159
7645,160
7646,161
7647,162
7648,164
7649,165
7650,165
7651,165
7652,166
7653,165
7654,164
7655,163
7656,162
7657,161
7658,159
7659,159
7660,159
7661,159
7662,160
7663,162
7664,163
7665,164
7666,165
7667,165
7668,165
7669,165
7670,164
7671,163
7672,162
7673,161
7674,160
7675,159
7676,159
7677,159
7678,159
7679,161
7680,162
7681,163
7682,164
7683,165
7684,165
7685,165
7686,165
7687,163
7688,163
7689,161
7690,160
7691,159
7692,159
7693,158
7694,159
7695,159
7696,161
7697,162
7698,163
7699,164
7700,164
7701,164
7702,165
7703,164
7704,163
7705,162
7706,161
7707,159
7708,159
7709,158
7710,158
7711,158
7712,160
7713,161
7714,162
7715,163
7716,164
7717,164
7718,164
7719,164
7720,163
7721,162
7722,162
7723,160
7724,159
7725,158
7726,158
7727,158
7728,159
7729,160
7730,161
7731,162
7732,163
7733,164
7734,165
7735,164
7736,164
7737,163
7738,162
7739,161
7740,159
7741,158
7742,158
7743,158
7744,157
7745,159
7746,160
7747,161
7748,161
7749,163
7750,164
7751,164
7752,164
7753,164
7754,162
7755,161
7756,160
7757,159
7758,157
7759,157
7760,157
7761,158
7762,159
7763,160
7764,161
7765,162
7766,163
7767,163
7768,163
7769,164
7770,163
7771,162
7772,160
7773,160
7774,157
7775,157
7776,157
7777,157
7778,158
7779,159
7780,160
7781,161
7782,162
7783,163
7784,163
7785,164
7786,163
7787,162
7788,161
7789,160
7790,159
7791,157
7792,157
7793,157
7794,157
7795,157
7796,159
7797,160
7798,161
7799,162
7800,163
7801,163
7802,163
7803,162
7804,161
7805,160
7806,159
7807,158
7808,157
7809,157
7810,157
7811,157
7812,158
7813,159
7814,160
7815,161
7816,162
7817,162
7818,163
7819,162
7820,162
7821,160
7822,160
7823,158
7824,157
7825,156
7826,156
7827,156
7828,157
7829,158
7830,159
7831,161
7832,162
7833,162
7834,163
7835,163
7836,163
7837,161
7838,161
7839,160
7840,158
7841,157
7842,156
7843,156
7844,156
7845,157
7846,159
7847,160
7848,161
7849,162
7850,162
7851,163
7852,163
7853,162
7854,161
7855,160
7856,159
7857,158
7858,156
7859,156
7860,156
7861,157
7862,158
7863,159
7864,160
7865,161
7866,162
7867,162
7868,162
7869,163
7870,161
7871,161
7872,159
7873,158
7874,157
7875,157
7876,156
7877,156
7878,156
7879,159
7880,160
7881,161
7882,162
7883,163
7884,163
7885,163
7886,163
7887,162
7888,161
7889,159
7890,158
7891,157
7892,157
7893,156
7894,157
7895,158
7896,159
7897,160
7898,161
7899,162
7900,163
7901,162
7902,163
7903,162
7904,161
7905,160
7906,159
7907,158
7908,157
7909,157
7910,157
7911,157
7912,158
7913,159
7914,160
7915,161
7916,162
7917,162
7918,162
7919,162
7920,162
7921,160
7922,160
7923,158
7924,157
7925,156
7926,156
7927,156
7928,157
7929,158
7930,160
7931,160
7932,161
7933,162
7934,162
7935,162
7936,162
7937,161
7938,160
7939,159
7940,158
7941,156
7942,156
7943,156
7944,156
7945,157
7946,159
7947,160
7948,160
7949,161
7950,162
7951,162
7952,162
7953,162
7954,160
7955,160
7956,158
7957,157
7958,156
7959,156
7960,155
7961,156
7962,157
7963,158
7964,159
7965,160
7966,160
7967,161
7968,161
7969,162
7970,160
7971,159
7972,158
7973,157
7974,156
7975,155
7976,155
7977,155
7978,155
7979,157
7980,158
7981,159
7982,160
7983,160
7984,161
7985,161
7986,160
7987,160
7988,158
7989,158
7990,156
7991,155
7992,155
7993,154
7994,155
7995,156
7996,157
7997,159
7998,160
7999,160
8000,161
8001,161
8002,161
8003,160
8004,160
8005,158
8006,157
8007,156
8008,155
8009,154
8010,155
8011,155
8012,156
8013,158
8014,159
8015,160
8016,161
8017,161
8018,161
8019,161
8020,160
8021,159
8022,159
8023,157
8024,156
8025,155
8026,155
8027,155
8028,156
8029,157
8030,159
8031,159
8032,161
8033,161
8034,162
8035,162
8036,161
8037,160
8038,159
8039,158
8040,157
8041,156
8042,156
8043,155
8044,155
8045,156
8046,158
8047,159
8048,160
8049,161
8050,161
8051,161
8052,161
8053,161
8054,159
8055,158
8056,157
8057,156
8058,155
8059,155
8060,154
8061,155
8062,156
8063,158
8064,158
8065,159
8066,160
8067,161
8068,161
8069,161
8070,160
8071,159
8072,158
8073,157
8074,155
8075,155
8076,155
8077,155
8078,155
8079,157
8080,157
8081,159
8082,160
8083,161
8084,161
8085,161
8086,161
8087,160
8088,159
8089,158
8090,157
8091,156
8092,156
8093,156
8094,156
8095,157
8096,158
8097,159
8098,160
8099,161
8100,162
8101,162
8102,162
8103,161
8104,160
8105,159
8106,158
8107,157
8108,156
8109,156
8110,156
8111,156
8112,158
8113,159
8114,160
8115,161
8116,162
8117,162
8118,162
8119,162
8120,162
8121,160
8122,160
8123,158
8124,158
8125,157
8126,157
8127,156
8128,158
8129,158
8130,160
8131,160
8132,162
8133,162
8134,163
8135,163
8136,163
8137,162
8138,161
8139,160
8140,158
8141,157
8142,158
8143,157
8144,157
8145,158
8146,160
8147,161
8148,161
8149,162
8150,164
8151,163
8152,163
8153,163
8154,162
8155,161
8156,160
8157,159
8158,158
8159,158
8160,157
8161,158
8162,159
8163,160
8164,161
8165,162
8166,163
8167,163
8168,163
8169,163
8170,162
8171,161
8172,160
8173,159
8174,158
8175,157
8176,157
8177,157
8178,158
8179,159
8180,160
8181,161
8182,162
8183,163
8184,163
8185,163
8186,163
8187,162
8188,161
8189,159
8190,158
8191,157
8192,157
8193,157
8194,157
8195,158
8196,159
8197,160
8198,161
8199,161
8200,162
8201,163
8202,163
8203,162
8204,161
8205,160
8206,159
8207,157
8208,157
8209,156
8210,157
8211,157
8212,158
8213,159
8214,161
8215,161
8216,163
8217,162
8218,163
8219,162
8220,162
8221,160
8222,160
8223,158
8224,157
8225,157
8226,157
8227,156
8228,158
8229,159
8230,160
8231,161
8232,162
8233,162
8234,163
8235,163
8236,163
8237,162
8238,161
8239,160
8240,158
8241,158
8242,157
8243,157
8244,158
8245,158
8246,159
8247,160
8248,161
8249,162
8250,162
8251,163
8252,162
8253,162
8254,161
8255,160
8256,158
8257,157
8258,156
8259,156
8260,156
8261,157
8262,158
8263,159
8264,160
8265,161
8266,162
8267,163
8268,162
8269,162
8270,161
8271,160
8272,159
8273,159
8274,157
8275,157
8276,156
8277,157
8278,158
8279,160
8280,160
8281,161
8282,162
8283,163
8284,162
8285,163
8286,162
8287,162
8288,161
8289,160
8290,159
8291,157
8292,157
8293,157
8294,157
8295,159
8296,160
8297,161
8298,161
8299,162
8300,163
8301,163
8302,163
8303,162
8304,161
8305,160
8306,159
8307,157
8308,157
8309,157
8310,157
8311,157
8312,158
8313,159
8314,160
8315,162
8316,162
8317,162
8318,163
8319,162
8320,162
8321,160
8322,160
8323,158
8324,157
8325,156
8326,157
8327,156
8328,157
8329,158
8330,160
8331,160
8332,161
8333,162
8334,162
8335,162
8336,162
8337,160
8338,160
8339,159
8340,157
8341,156
8342,156
8343,156
8344,156
8345,157
8346,159
8347,160
8348,161
8349,161
8350,162
8351,162
8352,162
8353,161
8354,160
8355,159
8356,158
8357,157
8358,156
8359,156
8360,156
8361,157
8362,158
8363,159
8364,160
8365,161
8366,162
8367,162
8368,162
8369,162
8370,161
8371,160
8372,159
8373,158
8374,156
8375,156
8376,156
8377,156
8378,157
8379,158
8380,159
8381,160
8382,161
8383,162
8384,162
8385,162
8386,161
8387,161
8388,160
8389,159
8390,158
8391,157
8392,157
8393,157
8394,157
8395,158
8396,159
8397,160
8398,161
8399,163
8400,163
8401,163
8402,163
8403,162
8404,162
8405,161
8406,160
8407,158
8408,157
8409,157
8410,157
8411,158
8412,159
8413,160
8414,161
8415,162
8416,163
8417,163
8418,163
8419,163
8420,162
8421,160
8422,160
8423,158
8424,157
8425,157
8426,157
8427,157
8428,158
8429,159
8430,160
8431,161
8432,162
8433,162
8434,163
8435,163
8436,162
8437,161
8438,160
8439,158
8440,158
8441,157
8442,157
8443,157
8444,157
8445,158
8446,159
8447,161
8448,161
8449,162
8450,163
8451,163
8452,162
8453,162
8454,161
8455,160
8456,159
8457,157
8458,156
8459,156
8460,156
8461,156
8462,158
8463,159
8464,160
8465,161
8466,161
8467,162
8468,162
8469,162
8470,160
8471,160
8472,158
8473,157
8474,156
8475,156
8476,156
8477,156
8478,157
8479,158
8480,159
8481,160
8482,161
8483,162
8484,162
8485,162
8486,161
8487,160
8488,158
8489,158
8490,156
8491,156
8492,155
8493,155
8494,156
8495,157
8496,158
8497,159
8498,160
8499,161
8500,161
8501,162
8502,161
8503,160
8504,160
8505,158
8506,157
8507,156
8508,156
8509,156
8510,156
8511,156
8512,158
8513,158
8514,159
8515,160
8516,161
8517,161
8518,162
8519,161
8520,160
8521,159
8522,158
8523,157
8524,156
8525,156
8526,156
8527,155
8528,157
8529,158
8530,159
8531,159
8532,161
8533,161
8534,162
8535,162
8536,161
8537,160
8538,159
8539,157
8540,157
8541,155
8542,155
8543,155
8544,156
8545,157
8546,158
8547,159
8548,160
8549,161
8550,161
8551,161
8552,161
8553,160
8554,159
8555,158
8556,157
8557,156
8558,155
8559,155
8560,155
8561,156
8562,156
8563,158
8564,158
8565,160
8566,160
8567,161
8568,161
8569,161
8570,159
8571,159
8572,157
8573,156
8574,156
8575,155
8576,156
8577,156
8578,156
8579,158
8580,158
8581,160
8582,160
8583,161
8584,161
8585,161
8586,160
8587,160
8588,158
8589,158
8590,156
8591,156
8592,155
8593,155
8594,156
8595,157
8596,158
8597,159
8598,160
8599,161
8600,161
8601,162
8602,162
8603,161
8604,160
8605,158
8606,158
8607,156
8608,156
8609,155
8610,155
8611,156
8612,157
8613,158
8614,160
8615,160
8616,161
8617,161
8618,162
8619,161
8620,160
8621,159
8622,159
8623,158
8624,157
8625,156
8626,156
8627,156
8628,157
8629,158
8630,160
8631,160
8632,161
8633,161
8634,162
8635,162
8636,162
8637,161
8638,160
8639,158
8640,158
8641,156
8642,156
8643,155
8644,156
8645,158
8646,159
8647,160
8648,161
8649,162
8650,162
8651,163
8652,163
8653,162
8654,161
8655,160
8656,158
8657,157
8658,156
8659,157
8660,156
8661,157
8662,159
8663,160
8664,160
8665,162
8666,162
8667,163
8668,163
8669,163
8670,162
8671,161
8672,159
8673,159
8674,157
8675,157
8676,157
8677,157
8678,158
8679,159
8680,160
8681,162
8682,162
8683,163
8684,163
8685,163
8686,162
8687,162
8688,160
8689,159
8690,158
8691,157
8692,157
8693,157
8694,157
8695,159
8696,160
8697,161
8698,162
8699,163
8700,163
8701,163
8702,163
8703,163
8704,161
8705,161
8706,159
8707,158
8708,157
8709,157
8710,157
8711,157
8712,159
8713,159
8714,161
8715,161
8716,163
8717,162
8718,163
8719,162
8720,162
8721,160
8722,159
8723,158
8724,157
8725,157
8726,157
8727,156
8728,158
8729,159
8730,160
8731,161
8732,162
8733,162
8734,163
8735,163
8736,163
8737,161
8738,161
8739,159
8740,158
8741,157
8742,157
8743,156
8744,157
8745,158
8746,160
8747,160
8748,162
8749,162
8750,163
8751,163
8752,163
8753,162
8754,161
8755,160
8756,159
8757,157
8758,157
8759,157
8760,156
8761,157
8762,158
8763,160
8764,160
8765,162
8766,162
8767,163
8768,163
8769,163
8770,162
8771,161
8772,160
8773,158
8774,157
8775,157
8776,157
8777,157
8778,158
8779,159
8780,160
8781,161
8782,162
8783,163
8784,163
8785,163
8786,162
8787,161
8788,160
8789,160
8790,158
8791,157
8792,157
8793,157
8794,156
8795,159
8796,160
8797,161
8798,162
8799,163
8800,163
8801,163
8802,163
8803,162
8804,161
8805,160
8806,159
8807,158
8808,157
8809,157
8810,157
8811,158
8812,159
8813,160
8814,161
8815,162
8816,163
8817,163
8818,163
8819,163
8820,162
8821,161
8822,160
8823,159
8824,158
8825,157
8826,157
8827,157
8828,158
8829,159
8830,161
8831,161
8832,163
8833,163
8834,164
8835,163
8836,163
8837,161
8838,161
8839,160
8840,158
8841,157
8842,157
8843,157
8844,158
8845,158
8846,160
8847,161
8848,162
8849,163
8850,164
8851,163
8852,164
8853,163
8854,162
8855,161
8856,159
8857,158
8858,158
8859,157
8860,158
8861,158
8862,160
8863,161
8864,161
8865,163
8866,163
8867,163
8868,163
8869,163
8870,162
8871,161
8872,160
8873,159
8874,157
8875,157
8876,157
8877,157
8878,158
8879,160
8880,160
8881,162
8882,163
8883,163
8884,163
8885,164
8886,163
8887,162
8888,161
8889,160
8890,159
8891,158
8892,157
8893,158
8894,158
8895,159
8896,160
8897,161
8898,162
8899,163
8900,164
8901,164
8902,164
8903,163
8904,162
8905,161
8906,160
8907,159
8908,158
8909,158
8910,159
8911,159
8912,160
8913,161
8914,162
8915,163
8916,164
8917,164
8918,164
8919,164
8920,163
8921,162
8922,161
8923,159
8924,159
8925,158
8926,158
8927,158
8928,159
8929,161
8930,162
8931,163
8932,164
8933,165
8934,165
8935,164
8936,164
8937,163
8938,162
8939,160
8940,160
8941,159
8942,159
8943,159
8944,159
8945,160
8946,161
8947,162
8948,163
8949,164
8950,165
8951,165
8952,165
8953,164
8954,163
8955,162
8956,160
8957,159
8958,160
8959,159
8960,159
8961,159
8962,161
8963,162
8964,163
8965,164
8966,164
8967,165
8968,164
8969,164
8970,163
8971,162
8972,161
8973,160
8974,159
8975,159
8976,158
8977,159
8978,160
8979,161
8980,162
8981,163
8982,164
8983,164
8984,164
8985,164
8986,164
8987,163
8988,162
8989,161
8990,159
8991,159
8992,158
8993,158
8994,158
8995,160
8996,161
8997,162
8998,162
8999,164
9000,164
9001,164
9002,164
9003,163
9004,162
9005,161
9006,160
9007,158
9008,158
9009,158
9010,158
9011,159
9012,160
9013,161
9014,162
9015,163
9016,164
9017,164
9018,164
9019,163
9020,163
9021,161
9022,161
9023,159
9024,158
9025,158
9026,157
9027,158
9028,159
9029,160
9030,161
9031,162
9032,163
9033,163
9034,164
9035,163
9036,163
9037,162
9038,161
9039,160
9040,159
9041,158
9042,158
9043,158
9044,158
9045,159
9046,161
9047,161
9048,162
9049,163
9050,164
9051,164
9052,164
9053,163
9054,162
9055,161
9056,159
9057,158
9058,158
9059,158
9060,158
9061,159
9062,160
9063,161
9064,161
9065,163
9066,163
9067,163
9068,163
9069,163
9070,162
9071,161
9072,160
9073,159
9074,157
9075,157
9076,157
9077,158
9078,158
9079,160
9080,161
9081,162
9082,162
9083,163
9084,163
9085,163
9086,162
9087,161
9088,160
9089,159
9090,158
9091,157
9092,157
9093,157
9094,157
9095,159
9096,160
9097,161
9098,162
9099,163
9100,163
9101,164
9102,163
9103,163
9104,162
9105,160
9106,159
9107,158
9108,157
9109,157
9110,157
9111,159
9112,160
9113,161
9114,162
9115,162
9116,163
9117,164
9118,164
9119,163
9120,162
9121,161
9122,160
9123,158
9124,158
9125,157
9126,157
9127,157
9128,159
9129,160
9130,161
9131,162
9132,163
9133,163
9134,164
9135,163
9136,163
9137,162
9138,161
9139,160
9140,159
9141,158
9142,158
9143,158
9144,159
9145,160
9146,161
9147,162
9148,163
9149,163
9150,164
9151,163
9152,165
9153,163
9154,163
9155,161
9156,160
9157,159
9158,159
9159,159
9160,159
9161,159
9162,161
9163,162
9164,163
9165,164
9166,165
9167,165
9168,165
9169,165
9170,163
9171,162
9172,161
9173,160
9174,159
9175,159
9176,159
9177,159
9178,160
9179,161
9180,162
9181,163
9182,164
9183,165
9184,165
9185,165
9186,164
9187,163
9188,162
9189,161
9190,160
9191,160
9192,159
9193,159
9194,160
9195,161
9196,162
9197,164
9198,164
9199,165
9200,166
9201,166
9202,165
9203,165
9204,163
9205,163
9206,161
9207,160
9208,159
9209,159
9210,159
9211,160
9212,161
9213,163
9214,163
9215,165
9216,165
9217,166
9218,166
9219,165
9220,164
9221,163
9222,162
9223,160
9224,160
9225,159
9226,159
9227,159
9228,161
9229,162
9230,163
9231,164
9232,165
9233,165
9234,166
9235,166
9236,165
9237,163
9238,163
9239,161
9240,160
9241,160
9242,160
9243,159
9244,160
9245,161
9246,162
9247,163
9248,164
9249,165
9250,165
9251,165
9252,165
9253,164
9254,163
9255,162
9256,161
9257,159
9258,159
9259,159
9260,159
9261,160
9262,161
9263,162
9264,164
9265,164
9266,165
9267,165
9268,165
9269,164
9270,163
9271,162
9272,161
9273,160
9274,159
9275,159
9276,159
9277,159
9278,160
9279,162
9280,162
9281,163
9282,164
9283,165
9284,165
9285,166
9286,164
9287,163
9288,162
9289,161
9290,159
9291,159
9292,159
9293,159
9294,159
9295,161
9296,161
9297,163
9298,163
9299,165
9300,164
9301,165
9302,165
9303,164
9304,162
9305,162
9306,160
9307,159
9308,159
9309,159
9310,159
9311,160
9312,161
9313,163
9314,163
9315,164
9316,165
9317,166
9318,165
9319,164
9320,164
9321,162
9322,161
9323,160
9324,159
9325,159
9326,159
9327,159
9328,161
9329,161
9330,163
9331,163
9332,165
9333,165
9334,165
9335,165
9336,165
9337,163
9338,162
9339,161
9340,160
9341,159
9342,159
9343,159
9344,160
9345,161
9346,162
9347,163
9348,164
9349,164
9350,165
9351,165
9352,165
9353,164
9354,163
9355,161
9356,161
9357,160
9358,159
9359,159
9360,159
9361,160
9362,162
9363,163
9364,164
9365,165
9366,166
9367,165
9368,165
9369,165
9370,163
9371,163
9372,161
9373,160
9374,159
9375,159
9376,159
9377,159
9378,160
9379,161
9380,163
9381,164
9382,164
9383,165
9384,165
9385,165
9386,164
9387,163
9388,161
9389,161
9390,159
9391,159
9392,159
9393,159
9394,159
9395,161
9396,161
9397,163
9398,163
9399,164
9400,164
9401,165
9402,164
9403,164
9404,162
9405,161
9406,160
9407,159
9408,159
9409,159
9410,159
9411,160
9412,161
9413,162
9414,163
9415,164
9416,165
9417,165
9418,165
9419,165
9420,164
9421,162
9422,161
9423,160
9424,159
9425,159
9426,159
9427,159
9428,161
9429,161
9430,163
9431,164
9432,165
9433,165
9434,165
9435,165
9436,164
9437,163
9438,162
9439,161
9440,159
9441,159
9442,159
9443,159
9444,160
9445,161
9446,162
9447,163
9448,164
9449,165
9450,165
9451,165
9452,165
9453,163
9454,163
9455,161
9456,160
9457,158
9458,159
9459,158
9460,159
9461,160
9462,161
9463,162
9464,163
9465,164
9466,164
9467,165
9468,165
9469,164
9470,163
9471,162
9472,161
9473,160
9474,159
9475,159
9476,159
9477,159
9478,160
9479,161
9480,162
9481,163
9482,164
9483,165
9484,164
9485,165
9486,163
9487,163
9488,162
9489,161
9490,159
9491,158
9492,158
9493,158
9494,158
9495,160
9496,161
9497,162
9498,163
9499,164
9500,164
9501,164
9502,164
9503,163
9504,162
9505,161
9506,159
9507,159
9508,157
9509,158
9510,157
9511,159
9512,160
9513,161
9514,162
9515,163
9516,164
9517,164
9518,164
9519,164
9520,162
9521,161
9522,160
9523,158
9524,158
9525,158
9526,158
9527,158
9528,159
9529,160
9530,161
9531,162
9532,163
9533,163
9534,163
9535,163
9536,162
9537,161
9538,160
9539,159
9540,157
9541,157
9542,157
9543,156
9544,158
9545,159
9546,160
9547,161
9548,162
9549,163
9550,163
9551,163
9552,163
9553,162
9554,161
9555,160
9556,158
9557,157
9558,158
9559,156
9560,157
9561,158
9562,159
9563,160
9564,161
9565,162
9566,163
9567,163
9568,163
9569,162
9570,162
9571,160
9572,159
9573,158
9574,157
9575,157
9576,157
9577,158
9578,158
9579,159
9580,160
9581,162
9582,162
9583,163
9584,163
9585,163
9586,162
9587,161
9588,160
9589,159
9590,157
9591,157
9592,157
9593,157
9594,157
9595,159
9596,160
9597,161
9598,161
9599,163
9600,162
9601,163
9602,162
9603,162
9604,160
9605,159
9606,158
9607,157
9608,156
9609,156
9610,156
9611,158
9612,158
9613,160
9614,161
9615,162
9616,163
9617,162
9618,163
9619,162
9620,161
9621,160
9622,159
9623,158
9624,156
9625,156
9626,156
9627,156
9628,158
9629,159
9630,160
9631,161
9632,162
9633,162
9634,163
9635,162
9636,162
9637,160
9638,160
9639,158
9640,157
9641,156
9642,156
9643,156
9644,157
9645,158
9646,160
9647,160
9648,161
9649,162
9650,162
9651,162
9652,162
9653,161
9654,160
9655,159
9656,158
9657,157
9658,156
9659,157
9660,157
9661,157
9662,159
9663,160
9664,161
9665,162
9666,163
9667,163
9668,163
9669,162
9670,161
9671,160
9672,160
9673,158
9674,157
9675,157
9676,156
9677,157
9678,158
9679,160
9680,161
9681,162
9682,162
9683,163
9684,163
9685,163
9686,162
9687,161
9688,160
9689,159
9690,158
9691,157
9692,157
9693,157
9694,158
9695,159
9696,160
9697,161
9698,162
9699,163
9700,163
9701,163
9702,163
9703,162
9704,161
9705,160
9706,159
9707,158
9708,157
9709,157
9710,157
9711,159
9712,159
9713,161
9714,162
9715,163
9716,164
9717,164
9718,164
9719,163
9720,162
9721,161
9722,160
9723,159
9724,158
9725,158
9726,158
9727,158
9728,159
9729,160
9730,161
9731,162
9732,163
9733,163
9734,163
9735,163
9736,162
9737,161
9738,160
9739,159
9740,158
9741,157
9742,157
9743,157
9744,158
9745,159
9746,160
9747,161
9748,162
9749,163
9750,163
9751,163
9752,163
9753,161
9754,161
9755,159
9756,158
9757,157
9758,157
9759,156
9760,157
9761,158
9762,159
9763,160
9764,161
9765,162
9766,163
9767,163
9768,163
9769,163
9770,161
9771,160
9772,159
9773,158
9774,157
9775,157
9776,157
9777,157
9778,158
9779,159
9780,160
9781,162
9782,162
9783,163
9784,162
9785,162
9786,161
9787,160
9788,159
9789,158
9790,157
9791,157
9792,156
9793,157
9794,157
9795,159
9796,159
9797,161
9798,161
9799,162
9800,163
9801,163
9802,162
9803,161
9804,160
9805,159
9806,158
9807,157
9808,156
9809,157
9810,157
9811,158
9812,159
9813,160
9814,161
9815,162
9816,162
9817,163
9818,163
9819,162
9820,162
9821,160
9822,159
9823,158
9824,157
9825,157
9826,157
9827,157
9828,158
9829,159
9830,161
9831,161
9832,162
9833,163
9834,163
9835,162
9836,162
9837,160
9838,160
9839,158
9840,157
9841,157
9842,157
9843,157
9844,158
9845,159
9846,160
9847,160
9848,162
9849,162
9850,163
9851,162
9852,163
9853,161
9854,160
9855,159
9856,158
9857,157
9858,157
9859,157
9860,157
9861,158
9862,160
9863,160
9864,161
9865,161
9866,162
9867,162
9868,163
9869,163
9870,161
9871,160
9872,159
9873,158
9874,157
9875,157
9876,157
9877,157
9878,159
9879,160
9880,161
9881,161
9882,162
9883,162
9884,162
9885,162
9886,161
9887,160
9888,159
9889,158
9890,157
9891,156
9892,156
9893,156
9894,157
9895,158
9896,160
9897,161
9898,161
9899,162
9900,162
9901,163
9902,162
9903,161
9904,160
9905,159
9906,157
9907,157
9908,156
9909,156
9910,156
9911,158
9912,159
9913,160
9914,160
9915,162
9916,162
9917,162
9918,162
9919,162
9920,161
9921,160
9922,159
9923,157
9924,157
9925,157
9926,157
9927,158
9928,159
9929,160
9930,160
9931,161
9932,162
9933,162
9934,162
9935,162
9936,161
9937,160
9938,159
9939,158
9940,157
9941,157
9942,157
9943,156
9944,158
9945,159
9946,160
9947,161
9948,162
9949,162
9950,163
9951,163
9952,163
9953,162
9954,161
9955,160
9956,159
9957,157
9958,158
9959,157
9960,158
9961,159
9962,161
9963,161
9964,162
9965,163
9966,164
9967,163
9968,164
9969,162
9970,162
9971,161
9972,160
9973,158
9974,158
9975,158
9976,158
9977,158
9978,160
9979,161
9980,162
9981,163
9982,164
9983,164
9984,164
9985,164
9986,163
9987,162
9988,160
9989,159
9990,158
9991,158
9992,158
9993,158
9994,159
9995,160
9996,161
9997,162
9998,163
9999,164
10000,164

