1,0
2,0
3,0
4,0
5,0
6,0
7,0
8,0
9,0
10,26
11,26
12,26
13,26
14,26
15,26
16,26
17,26
18,26
19,26
20,120
21,120
22,120
23,120
24,120
25,120
26,120
27,120
28,120
29,120
30,192
31,192
32,192
33,192
34,192
35,192
36,192
37,192
38,192
39,192
40,240
41,240
42,240
43,240
44,240
45,240
46,240
47,240
48,240
49,240
50,266
51,266
52,266
53,266
54,266
55,266
56,266
57,266
58,266
59,266
60,284
61,284
62,284
63,284
64,284
65,284
66,284
67,284
68,284
69,284
70,297
71,297
72,297
73,297
74,297
75,297
76,297
77,297
78,297
79,297
80,307
81,307
82,307
83,307
84,307
85,307
86,307
87,307
88,307
89,307
90,318
91,318
92,318
93,318
94,318
95,318
96,318
97,318
98,318
99,318
100,327
101,327
102,327
103,327
104,327
105,327
106,327
107,327
108,327
109,327
110,334
111,334
112,334
113,334
114,334
115,334
116,334
117,334
118,334
119,334
120,340
121,340
122,340
123,340
124,340
125,340
126,340
127,340
128,340
129,340
130,346
131,346
132,346
133,346
134,346
135,346
136,346
137,346
138,346
139,346
140,350
141,350
142,350
143,350
144,350
145,350
146,350
147,350
148,350
149,350
150,356
151,356
152,356
153,356
154,356
155,356
156,356
157,356
158,356
159,356
160,361
161,361
162,361
163,361
164,361
165,361
166,361
167,361
168,361
169,361
170,366
171,366
172,366
173,366
174,366
175,366
176,366
177,366
178,366
179,366
180,370
181,370
182,370
183,370
184,370
185,370
186,370
187,370
188,370
189,370
190,366
191,366
192,366
193,366
194,366
195,366
196,366
197,366
198,366
199,366
200,371
201,371
202,371
203,371
204,371
205,371
206,371
207,371
208,371
209,371
210,376
211,376
212,376
213,376
214,376
215,376
216,376
217,376
218,376
219,376
220,380
221,380
222,380
223,380
224,380
225,380
226,380
227,380
228,380
229,380
230,383
231,383
232,383
233,383
234,383
235,383
236,383
237,383
238,383
239,383
240,378
241,378
242,378
243,378
244,378
245,378
246,378
247,378
248,378
249,378
250,381
251,381
252,381
253,381
254,381
255,381
256,381
257,381
258,381
259,381
260,384
261,384
262,384
263,384
264,384
265,384
266,384
267,384
268,384
269,384
270,387
271,387
272,387
273,387
274,387
275,387
276,387
277,387
278,387
279,387
280,389
281,389
282,389
283,389
284,389
285,389
286,389
287,389
288,389
289,389
290,382
291,382
292,382
293,382
294,382
295,382
296,382
297,382
298,382
299,382
300,382
301,382
302,382
303,382
304,382
305,382
306,382
307,382
308,382
309,382
310,384
311,384
312,384
313,384
314,384
315,384
316,384
317,384
318,384
319,384
320,385
321,385
322,385
323,385
324,385
325,385
326,385
327,385
328,385
329,385
330,386
331,386
332,386
333,386
334,386
335,386
336,386
337,386
338,386
339,386
340,379
341,379
342,379
343,379
344,379
345,379
346,379
347,379
348,379
349,379
350,378
351,378
352,378
353,378
354,378
355,378
356,378
357,378
358,378
359,378
360,379
361,379
362,379
363,379
364,379
365,379
366,379
367,379
368,379
369,379
370,378
371,378
372,378
373,378
374,378
375,378
376,378
377,378
378,378
379,378
380,377
381,377
382,377
383,377
384,377
385,377
386,377
387,377
388,377
389,377
390,370
391,370
392,370
393,370
394,370
395,370
396,370
397,370
398,370
399,370
400,367
401,367
402,367
403,367
404,367
405,367
406,367
407,367
408,367
409,367
410,365
411,365
412,365
413,365
414,365
415,365
416,365
417,365
418,365
419,365
420,363
421,363
422,363
423,363
424,363
425,363
426,363
427,363
428,363
429,363
430,358
431,358
432,358
433,358
434,358
435,358
436,358
437,358
438,358
439,358
440,354
441,354
442,354
443,354
444,354
445,354
446,354
447,354
448,354
449,354
450,352
451,352
452,352
453,352
454,352
455,352
456,352
457,352
458,352
459,352
460,349
461,349
462,349
463,349
464,349
465,349
466,349
467,349
468,349
469,349
470,344
471,344
472,344
473,344
474,344
475,344
476,344
477,344
478,344
479,344
480,337
481,337
482,337
483,337
484,337
485,337
486,337
487,337
488,337
489,337
490,332
491,332
492,332
493,332
494,332
495,332
496,332
497,332
498,332
499,332
500,331
501,331
502,331
503,331
504,331
505,331
506,331
507,331
508,331
509,331
510,325
511,325
512,325
513,325
514,325
515,325
516,325
517,325
518,325
519,325
520,317
521,317
522,317
523,317
524,317
525,317
526,317
527,317
528,317
529,317
530,306
531,306
532,306
533,306
534,306
535,306
536,306
537,306
538,306
539,306
540,304
541,304
542,304
543,304
544,304
545,304
546,304
547,304
548,304
549,304
550,308
551,308
552,308
553,308
554,308
555,308
556,308
557,308
558,308
559,308
560,301
561,301
562,301
563,301
564,301
565,301
566,301
567,301
568,301
569,301
570,290
571,290
572,290
573,290
574,290
575,290
576,290
577,290
578,290
579,290
580,277
581,277
582,277
583,277
584,277
585,277
586,277
587,277
588,277
589,277
590,274
591,274
592,274
593,274
594,274
595,274
596,274
597,274
598,274
599,274
600,279
601,279
602,279
603,279
604,279
605,279
606,279
607,279
608,279
609,279
610,271
611,271
612,271
613,271
614,271
615,271
616,271
617,271
618,271
619,271
620,259
621,259
622,259
623,259
624,259
625,259
626,259
627,259
628,259
629,259
630,245
631,245
632,245
633,245
634,245
635,245
636,245
637,245
638,245
639,245
640,245
641,245
642,245
643,245
644,245
645,245
646,245
647,245
648,245
649,245
650,248
651,248
652,248
653,248
654,248
655,248
656,248
657,248
658,248
659,248
660,246
661,246
662,246
663,246
664,246
665,246
666,246
667,246
668,246
669,246
670,234
671,234
672,234
673,234
674,234
675,234
676,234
677,234
678,234
679,234
680,219
681,219
682,219
683,219
684,219
685,219
686,219
687,219
688,219
689,219
690,218
691,218
692,218
693,218
694,218
695,218
696,218
697,218
698,218
699,218
700,222
701,222
702,222
703,222
704,222
705,222
706,222
707,222
708,222
709,222
710,223
711,223
712,223
713,223
714,223
715,223
716,223
717,223
718,223
719,223
720,210
721,210
722,210
723,210
724,210
725,210
726,210
727,210
728,210
729,210
730,196
731,196
732,196
733,196
734,196
735,196
736,196
737,196
738,196
739,196
740,198
741,198
742,198
743,198
744,198
745,198
746,198
747,198
748,198
749,198
750,203
751,203
752,203
753,203
754,203
755,203
756,203
757,203
758,203
759,203
760,209
761,209
762,209
763,209
764,209
765,209
766,209
767,209
768,209
769,209
770,200
771,200
772,200
773,200
774,200
775,200
776,200
777,200
778,200
779,200
780,187
781,187
782,187
783,187
784,187
785,187
786,187
787,187
788,187
789,187
790,190
791,190
792,190
793,190
794,190
795,190
796,190
797,190
798,190
799,190
800,197
801,197
802,197
803,197
804,197
805,197
806,197
807,197
808,197
809,197
810,204
811,204
812,204
813,204
814,204
815,204
816,204
817,204
818,204
819,204
820,197
821,197
822,197
823,197
824,197
825,197
826,197
827,197
828,197
829,197
830,187
831,187
832,187
833,187
834,187
835,187
836,187
837,187
838,187
839,187
840,191
841,191
842,191
843,191
844,191
845,191
846,191
847,191
848,191
849,191
850,200
851,200
852,200
853,200
854,200
855,200
856,200
857,200
858,200
859,200
860,212
861,212
862,212
863,212
864,212
865,212
866,212
867,212
868,212
869,212
870,211
871,211
872,211
873,211
874,211
875,211
876,211
877,211
878,211
879,211
880,203
881,203
882,203
883,203
884,203
885,203
886,203
887,203
888,203
889,203
890,204
891,204
892,204
893,204
894,204
895,204
896,204
897,204
898,204
899,204
900,216
901,216
902,216
903,216
904,216
905,216
906,216
907,216
908,216
909,216
910,230
911,230
912,230
913,230
914,230
915,230
916,230
917,230
918,230
919,230
920,230
921,230
922,230
923,230
924,230
925,230
926,230
927,230
928,230
929,230
930,226
931,226
932,226
933,226
934,226
935,226
936,226
937,226
938,226
939,226
940,226
941,226
942,226
943,226
944,226
945,226
946,226
947,226
948,226
949,226
950,241
951,241
952,241
953,241
954,241
955,241
956,241
957,241
958,241
959,241
960,256
961,256
962,256
963,256
964,256
965,256
966,256
967,256
968,256
969,256
970,259
971,259
972,259
973,259
974,259
975,259
976,259
977,259
978,259
979,259
980,258
981,258
982,258
983,258
984,258
985,258
986,258
987,258
988,258
989,258
990,257
991,257
992,257
993,257
994,257
995,257
996,257
997,257
998,257
999,257
1000,269
1001,269
1002,269
1003,269
1004,269
1005,269
1006,269
1007,269
1008,269
1009,269
1010,284
1011,284
1012,284
1013,284
1014,284
1015,284
1016,284
1017,284
1018,284
1019,284
1020,286
1021,286
1022,286
1023,286
1024,286
1025,286
1026,286
1027,286
1028,286
1029,286
1030,288
1031,288
1032,288
1033,288
1034,288
1035,288
1036,288
1037,288
1038,288
1039,288
1040,289
1041,289
1042,289
1043,289
1044,289
1045,289
1046,289
1047,289
1048,289
1049,289
1050,298
1051,298
1052,298
1053,298
1054,298
1055,298
1056,298
1057,298
1058,298
1059,298
1060,312
1061,312
1062,312
1063,312
1064,312
1065,312
1066,312
1067,312
1068,312
1069,312
1070,316
1071,316
1072,316
1073,316
1074,316
1075,316
1076,316
1077,316
1078,316
1079,316
1080,320
1081,320
1082,320
1083,320
1084,320
1085,320
1086,320
1087,320
1088,320
1089,320
1090,322
1091,322
1092,322
1093,322
1094,322
1095,322
1096,322
1097,322
1098,322
1099,322
1100,326
1101,326
1102,326
1103,326
1104,326
1105,326
1106,326
1107,326
1108,326
1109,326
1110,335
1111,335
1112,335
1113,335
1114,335
1115,335
1116,335
1117,335
1118,335
1119,335
1120,340
1121,340
1122,340
1123,340
1124,340
1125,340
1126,340
1127,340
1128,340
1129,340
1130,345
1131,345
1132,345
1133,345
1134,345
1135,345
1136,345
1137,345
1138,345
1139,345
1140,348
1141,348
1142,348
1143,348
1144,348
1145,348
1146,348
1147,348
1148,348
1149,348
1150,351
1151,351
1152,351
1153,351
1154,351
1155,351
1156,351
1157,351
1158,351
1159,351
1160,357
1161,357
1162,357
1163,357
1164,357
1165,357
1166,357
1167,357
1168,357
1169,357
1170,362
1171,362
1172,362
1173,362
1174,362
1175,362
1176,362
1177,362
1178,362
1179,362
1180,366
1181,366
1182,366
1183,366
1184,366
1185,366
1186,366
1187,366
1188,366
1189,366
1190,370
1191,370
1192,370
1193,370
1194,370
1195,370
1196,370
1197,370
1198,370
1199,370
1200,373
1201,373
1202,373
1203,373
1204,373
1205,373
1206,373
1207,373
1208,373
1209,373
1210,370
1211,370
1212,370
1213,370
1214,370
1215,370
1216,370
1217,370
1218,370
1219,370
1220,375
1221,375
1222,375
1223,375
1224,375
1225,375
1226,375
1227,375
1228,375
1229,375
1230,379
1231,379
1232,379
1233,379
1234,379
1235,379
1236,379
1237,379
1238,379
1239,379
1240,383
1241,383
1242,383
1243,383
1244,383
1245,383
1246,383
1247,383
1248,383
1249,383
1250,386
1251,386
1252,386
1253,386
1254,386
1255,386
1256,386
1257,386
1258,386
1259,386
1260,382
1261,382
1262,382
1263,382
1264,382
1265,382
1266,382
1267,382
1268,382
1269,382
1270,385
1271,385
1272,385
1273,385
1274,385
1275,385
1276,385
1277,385
1278,385
1279,385
1280,388
1281,388
1282,388
1283,388
1284,388
1285,388
1286,388
1287,388
1288,388
1289,388
1290,392
1291,392
1292,392
1293,392
1294,392
1295,392
1296,392
1297,392
1298,392
1299,392
1300,394
1301,394
1302,394
1303,394
1304,394
1305,394
1306,394
1307,394
1308,394
1309,394
1310,386
1311,386
1312,386
1313,386
1314,386
1315,386
1316,386
1317,386
1318,386
1319,386
1320,386
1321,386
1322,386
1323,386
1324,386
1325,386
1326,386
1327,386
1328,386
1329,386
1330,389
1331,389
1332,389
1333,389
1334,389
1335,389
1336,389
1337,389
1338,389
1339,389
1340,391
1341,391
1342,391
1343,391
1344,391
1345,391
1346,391
1347,391
1348,391
1349,391
1350,393
1351,393
1352,393
1353,393
1354,393
1355,393
1356,393
1357,393
1358,393
1359,393
1360,386
1361,386
1362,386
1363,386
1364,386
1365,386
1366,386
1367,386
1368,386
1369,386
1370,385
1371,385
1372,385
1373,385
1374,385
1375,385
1376,385
1377,385
1378,385
1379,385
1380,387
1381,387
1382,387
1383,387
1384,387
1385,387
1386,387
1387,387
1388,387
1389,387
1390,387
1391,387
1392,387
1393,387
1394,387
1395,387
1396,387
1397,387
1398,387
1399,387
1400,387
1401,387
1402,387
1403,387
1404,387
1405,387
1406,387
1407,387
1408,387
1409,387
1410,380
1411,380
1412,380
1413,380
1414,380
1415,380
1416,380
1417,380
1418,380
1419,380
1420,376
1421,376
1422,376
1423,376
1424,376
1425,376
1426,376
1427,376
1428,376
1429,376
1430,375
1431,375
1432,375
1433,375
1434,375
1435,375
1436,375
1437,375
1438,375
1439,375
1440,374
1441,374
1442,374
1443,374
1444,374
1445,374
1446,374
1447,374
1448,374
1449,374
1450,371
1451,371
1452,371
1453,371
1454,371
1455,371
1456,371
1457,371
1458,371
1459,371
1460,366
1461,366
1462,366
1463,366
1464,366
1465,366
1466,366
1467,366
1468,366
1469,366
1470,364
1471,364
1472,364
1473,364
1474,364
1475,364
1476,364
1477,364
1478,364
1479,364
1480,361
1481,361
1482,361
1483,361
1484,361
1485,361
1486,361
1487,361
1488,361
1489,361
1490,358
1491,358
1492,358
1493,358
1494,358
1495,358
1496,358
1497,358
1498,358
1499,358
1500,352
1501,352
1502,352
1503,352
1504,352
1505,352
1506,352
1507,352
1508,352
1509,352
1510,347
1511,347
1512,347
1513,347
1514,347
1515,347
1516,347
1517,347
1518,347
1519,347
1520,344
1521,344
1522,344
1523,344
1524,344
1525,344
1526,344
1527,344
1528,344
1529,344
1530,340
1531,340
1532,340
1533,340
1534,340
1535,340
1536,340
1537,340
1538,340
1539,340
1540,333
1541,333
1542,333
1543,333
1544,333
1545,333
1546,333
1547,333
1548,333
1549,333
1550,325
1551,325
1552,325
1553,325
1554,325
1555,325
1556,325
1557,325
1558,325
1559,325
1560,320
1561,320
1562,320
1563,320
1564,320
1565,320
1566,320
1567,320
1568,320
1569,320
1570,323
1571,323
1572,323
1573,323
1574,323
1575,323
1576,323
1577,323
1578,323
1579,323
1580,317
1581,317
1582,317
1583,317
1584,317
1585,317
1586,317
1587,317
1588,317
1589,317
1590,308
1591,308
1592,308
1593,308
1594,308
1595,308
1596,308
1597,308
1598,308
1599,308
1600,296
1601,296
1602,296
1603,296
1604,296
1605,296
1606,296
1607,296
1608,296
1609,296
1610,291
1611,291
1612,291
1613,291
1614,291
1615,291
1616,291
1617,291
1618,291
1619,291
1620,296
1621,296
1622,296
1623,296
1624,296
1625,296
1626,296
1627,296
1628,296
1629,296
1630,288
1631,288
1632,288
1633,288
1634,288
1635,288
1636,288
1637,288
1638,288
1639,288
1640,277
1641,277
1642,277
1643,277
1644,277
1645,277
1646,277
1647,277
1648,277
1649,277
1650,263
1651,263
1652,263
1653,263
1654,263
1655,263
1656,263
1657,263
1658,263
1659,263
1660,261
1661,261
1662,261
1663,261
1664,261
1665,261
1666,261
1667,261
1668,261
1669,261
1670,266
1671,266
1672,266
1673,266
1674,266
1675,266
1676,266
1677,266
1678,266
1679,266
1680,262
1681,262
1682,262
1683,262
1684,262
1685,262
1686,262
1687,262
1688,262
1689,262
1690,249
1691,249
1692,249
1693,249
1694,249
1695,249
1696,249
1697,249
1698,249
1699,249
1700,234
1701,234
1702,234
1703,234
1704,234
1705,234
1706,234
1707,234
1708,234
1709,234
1710,233
1711,233
1712,233
1713,233
1714,233
1715,233
1716,233
1717,233
1718,233
1719,233
1720,236
1721,236
1722,236
1723,236
1724,236
1725,236
1726,236
1727,236
1728,236
1729,236
1730,236
1731,236
1732,236
1733,236
1734,236
1735,236
1736,236
1737,236
1738,236
1739,236
1740,223
1741,223
1742,223
1743,223
1744,223
1745,223
1746,223
1747,223
1748,223
1749,223
1750,208
1751,208
1752,208
1753,208
1754,208
1755,208
1756,208
1757,208
1758,208
1759,208
1760,208
1761,208
1762,208
1763,208
1764,208
1765,208
1766,208
1767,208
1768,208
1769,208
1770,212
1771,212
1772,212
1773,212
1774,212
1775,212
1776,212
1777,212
1778,212
1779,212
1780,216
1781,216
1782,216
1783,216
1784,216
1785,216
1786,216
1787,216
1788,216
1789,216
1790,206
1791,206
1792,206
1793,206
1794,206
1795,206
1796,206
1797,206
1798,206
1799,206
1800,193
1801,193
1802,193
1803,193
1804,193
1805,193
1806,193
1807,193
1808,193
1809,193
1810,193
1811,193
1812,193
1813,193
1814,193
1815,193
1816,193
1817,193
1818,193
1819,193
1820,199
1821,199
1822,199
1823,199
1824,199
1825,199
1826,199
1827,199
1828,199
1829,199
1830,205
1831,205
1832,205
1833,205
1834,205
1835,205
1836,205
1837,205
1838,205
1839,205
1840,198
1841,198
1842,198
1843,198
1844,198
1845,198
1846,198
1847,198
1848,198
1849,198
1850,186
1851,186
1852,186
1853,186
1854,186
1855,186
1856,186
1857,186
1858,186
1859,186
1860,189
1861,189
1862,189
1863,189
1864,189
1865,189
1866,189
1867,189
1868,189
1869,189
1870,196
1871,196
1872,196
1873,196
1874,196
1875,196
1876,196
1877,196
1878,196
1879,196
1880,206
1881,206
1882,206
1883,206
1884,206
1885,206
1886,206
1887,206
1888,206
1889,206
1890,204
1891,204
1892,204
1893,204
1894,204
1895,204
1896,204
1897,204
1898,204
1899,204
1900,194
1901,194
1902,194
1903,194
1904,194
1905,194
1906,194
1907,194
1908,194
1909,194
1910,196
1911,196
1912,196
1913,196
1914,196
1915,196
1916,196
1917,196
1918,196
1919,196
1920,207
1921,207
1922,207
1923,207
1924,207
1925,207
1926,207
1927,207
1928,207
1929,207
1930,219
1931,219
1932,219
1933,219
1934,219
1935,219
1936,219
1937,219
1938,219
1939,219
1940,218
1941,218
1942,218
1943,218
1944,218
1945,218
1946,218
1947,218
1948,218
1949,218
1950,212
1951,212
1952,212
1953,212
1954,212
1955,212
1956,212
1957,212
1958,212
1959,212
1960,213
1961,213
1962,213
1963,213
1964,213
1965,213
1966,213
1967,213
1968,213
1969,213
1970,227
1971,227
1972,227
1973,227
1974,227
1975,227
1976,227
1977,227
1978,227
1979,227
1980,242
1981,242
1982,242
1983,242
1984,242
1985,242
1986,242
1987,242
1988,242
1989,242
1990,245
1991,245
1992,245
1993,245
1994,245
1995,245
1996,245
1997,245
1998,245
1999,245
2000,242
2001,242
2002,242
2003,242
2004,242
2005,242
2006,242
2007,242
2008,242
2009,242
2010,240
2011,240
2012,240
2013,240
2014,240
2015,240
2016,240
2017,240
2018,240
2019,240
2020,254
2021,254
2022,254
2023,254
2024,254
2025,254
2026,254
2027,254
2028,254
2029,254
2030,269
2031,269
2032,269
2033,269
2034,269
2035,269
2036,269
2037,269
2038,269
2039,269
2040,271
2041,271
2042,271
2043,271
2044,271
2045,271
2046,271
2047,271
2048,271
2049,271
2050,271
2051,271
2052,271
2053,271
2054,271
2055,271
2056,271
2057,271
2058,271
2059,271
2060,271
2061,271
2062,271
2063,271
2064,271
2065,271
2066,271
2067,271
2068,271
2069,271
2070,282
2071,282
2072,282
2073,282
2074,282
2075,282
2076,282
2077,282
2078,282
2079,282
2080,298
2081,298
2082,298
2083,298
2084,298
2085,298
2086,298
2087,298
2088,298
2089,298
2090,302
2091,302
2092,302
2093,302
2094,302
2095,302
2096,302
2097,302
2098,302
2099,302
2100,304
2101,304
2102,304
2103,304
2104,304
2105,304
2106,304
2107,304
2108,304
2109,304
2110,306
2111,306
2112,306
2113,306
2114,306
2115,306
2116,306
2117,306
2118,306
2119,306
2120,311
2121,311
2122,311
2123,311
2124,311
2125,311
2126,311
2127,311
2128,311
2129,311
2130,323
2131,323
2132,323
2133,323
2134,323
2135,323
2136,323
2137,323
2138,323
2139,323
2140,327
2141,327
2142,327
2143,327
2144,327
2145,327
2146,327
2147,327
2148,327
2149,327
2150,331
2151,331
2152,331
2153,331
2154,331
2155,331
2156,331
2157,331
2158,331
2159,331
2160,334
2161,334
2162,334
2163,334
2164,334
2165,334
2166,334
2167,334
2168,334
2169,334
2170,337
2171,337
2172,337
2173,337
2174,337
2175,337
2176,337
2177,337
2178,337
2179,337
2180,346
2181,346
2182,346
2183,346
2184,346
2185,346
2186,346
2187,346
2188,346
2189,346
2190,351
2191,351
2192,351
2193,351
2194,351
2195,351
2196,351
2197,351
2198,351
2199,351
2200,356
2201,356
2202,356
2203,356
2204,356
2205,356
2206,356
2207,356
2208,356
2209,356
2210,360
2211,360
2212,360
2213,360
2214,360
2215,360
2216,360
2217,360
2218,360
2219,360
2220,363
2221,363
2222,363
2223,363
2224,363
2225,363
2226,363
2227,363
2228,363
2229,363
2230,362
2231,362
2232,362
2233,362
2234,362
2235,362
2236,362
2237,362
2238,362
2239,362
2240,368
2241,368
2242,368
2243,368
2244,368
2245,368
2246,368
2247,368
2248,368
2249,368
2250,372
2251,372
2252,372
2253,372
2254,372
2255,372
2256,372
2257,372
2258,372
2259,372
2260,376
2261,376
2262,376
2263,376
2264,376
2265,376
2266,376
2267,376
2268,376
2269,376
2270,380
2271,380
2272,380
2273,380
2274,380
2275,380
2276,380
2277,380
2278,380
2279,380
2280,377
2281,377
2282,377
2283,377
2284,377
2285,377
2286,377
2287,377
2288,377
2289,377
2290,381
2291,381
2292,381
2293,381
2294,381
2295,381
2296,381
2297,381
2298,381
2299,381
2300,385
2301,385
2302,385
2303,385
2304,385
2305,385
2306,385
2307,385
2308,385
2309,385
2310,389
2311,389
2312,389
2313,389
2314,389
2315,389
2316,389
2317,389
2318,389
2319,389
2320,392
2321,392
2322,392
2323,392
2324,392
2325,392
2326,392
2327,392
2328,392
2329,392
2330,385
2331,385
2332,385
2333,385
2334,385
2335,385
2336,385
2337,385
2338,385
2339,385
2340,386
2341,386
2342,386
2343,386
2344,386
2345,386
2346,386
2347,386
2348,386
2349,386
2350,389
2351,389
2352,389
2353,389
2354,389
2355,389
2356,389
2357,389
2358,389
2359,389
2360,391
2361,391
2362,391
2363,391
2364,391
2365,391
2366,391
2367,391
2368,391
2369,391
2370,393
2371,393
2372,393
2373,393
2374,393
2375,393
2376,393
2377,393
2378,393
2379,393
2380,387
2381,387
2382,387
2383,387
2384,387
2385,387
2386,387
2387,387
2388,387
2389,387
2390,388
2391,388
2392,388
2393,388
2394,388
2395,388
2396,388
2397,388
2398,388
2399,388
2400,390
2401,390
2402,390
2403,390
2404,390
2405,390
2406,390
2407,390
2408,390
2409,390
2410,391
2411,391
2412,391
2413,391
2414,391
2415,391
2416,391
2417,391
2418,391
2419,391
2420,392
2421,392
2422,392
2423,392
2424,392
2425,392
2426,392
2427,392
2428,392
2429,392
2430,384
2431,384
2432,384
2433,384
2434,384
2435,384
2436,384
2437,384
2438,384
2439,384
2440,382
2441,382
2442,382
2443,382
2444,382
2445,382
2446,382
2447,382
2448,382
2449,382
2450,382
2451,382
2452,382
2453,382
2454,382
2455,382
2456,382
2457,382
2458,382
2459,382
2460,381
2461,381
2462,381
2463,381
2464,381
2465,381
2466,381
2467,381
2468,381
2469,381
2470,380
2471,380
2472,380
2473,380
2474,380
2475,380
2476,380
2477,380
2478,380
2479,380
2480,375
2481,375
2482,375
2483,375
2484,375
2485,375
2486,375
2487,375
2488,375
2489,375
2490,372
2491,372
2492,372
2493,372
2494,372
2495,372
2496,372
2497,372
2498,372
2499,372
2500,370
2501,370
2502,370
2503,370
2504,370
2505,370
2506,370
2507,370
2508,370
2509,370
2510,368
2511,368
2512,368
2513,368
2514,368
2515,368
2516,368
2517,368
2518,368
2519,368
2520,365
2521,365
2522,365
2523,365
2524,365
2525,365
2526,365
2527,365
2528,365
2529,365
2530,358
2531,358
2532,358
2533,358
2534,358
2535,358
2536,358
2537,358
2538,358
2539,358
2540,355
2541,355
2542,355
2543,355
2544,355
2545,355
2546,355
2547,355
2548,355
2549,355
2550,351
2551,351
2552,351
2553,351
2554,351
2555,351
2556,351
2557,351
2558,351
2559,351
2560,347
2561,347
2562,347
2563,347
2564,347
2565,347
2566,347
2567,347
2568,347
2569,347
2570,340
2571,340
2572,340
2573,340
2574,340
2575,340
2576,340
2577,340
2578,340
2579,340
2580,335
2581,335
2582,335
2583,335
2584,335
2585,335
2586,335
2587,335
2588,335
2589,335
2590,336
2591,336
2592,336
2593,336
2594,336
2595,336
2596,336
2597,336
2598,336
2599,336
2600,331
2601,331
2602,331
2603,331
2604,331
2605,331
2606,331
2607,331
2608,331
2609,331
2610,323
2611,323
2612,323
2613,323
2614,323
2615,323
2616,323
2617,323
2618,323
2619,323
2620,314
2621,314
2622,314
2623,314
2624,314
2625,314
2626,314
2627,314
2628,314
2629,314
2630,307
2631,307
2632,307
2633,307
2634,307
2635,307
2636,307
2637,307
2638,307
2639,307
2640,311
2641,311
2642,311
2643,311
2644,311
2645,311
2646,311
2647,311
2648,311
2649,311
2650,303
2651,303
2652,303
2653,303
2654,303
2655,303
2656,303
2657,303
2658,303
2659,303
2660,293
2661,293
2662,293
2663,293
2664,293
2665,293
2666,293
2667,293
2668,293
2669,293
2670,280
2671,280
2672,280
2673,280
2674,280
2675,280
2676,280
2677,280
2678,280
2679,280
2680,277
2681,277
2682,277
2683,277
2684,277
2685,277
2686,277
2687,277
2688,277
2689,277
2690,282
2691,282
2692,282
2693,282
2694,282
2695,282
2696,282
2697,282
2698,282
2699,282
2700,277
2701,277
2702,277
2703,277
2704,277
2705,277
2706,277
2707,277
2708,277
2709,277
2710,265
2711,265
2712,265
2713,265
2714,265
2715,265
2716,265
2717,265
2718,265
2719,265
2720,251
2721,251
2722,251
2723,251
2724,251
2725,251
2726,251
2727,251
2728,251
2729,251
2730,247
2731,247
2732,247
2733,247
2734,247
2735,247
2736,247
2737,247
2738,247
2739,247
2740,251
2741,251
2742,251
2743,251
2744,251
2745,251
2746,251
2747,251
2748,251
2749,251
2750,249
2751,249
2752,249
2753,249
2754,249
2755,249
2756,249
2757,249
2758,249
2759,249
2760,235
2761,235
2762,235
2763,235
2764,235
2765,235
2766,235
2767,235
2768,235
2769,235
2770,220
2771,220
2772,220
2773,220
2774,220
2775,220
2776,220
2777,220
2778,220
2779,220
2780,220
2781,220
2782,220
2783,220
2784,220
2785,220
2786,220
2787,220
2788,220
2789,220
2790,224
2791,224
2792,224
2793,224
2794,224
2795,224
2796,224
2797,224
2798,224
2799,224
2800,227
2801,227
2802,227
2803,227
2804,227
2805,227
2806,227
2807,227
2808,227
2809,227
2810,216
2811,216
2812,216
2813,216
2814,216
2815,216
2816,216
2817,216
2818,216
2819,216
2820,201
2821,201
2822,201
2823,201
2824,201
2825,201
2826,201
2827,201
2828,201
2829,201
2830,200
2831,200
2832,200
2833,200
2834,200
2835,200
2836,200
2837,200
2838,200
2839,200
2840,204
2841,204
2842,204
2843,204
2844,204
2845,204
2846,204
2847,204
2848,204
2849,204
2850,210
2851,210
2852,210
2853,210
2854,210
2855,210
2856,210
2857,210
2858,210
2859,210
2860,200
2861,200
2862,200
2863,200
2864,200
2865,200
2866,200
2867,200
2868,200
2869,200
2870,188
2871,188
2872,188
2873,188
2874,188
2875,188
2876,188
2877,188
2878,188
2879,188
2880,190
2881,190
2882,190
2883,190
2884,190
2885,190
2886,190
2887,190
2888,190
2889,190
2890,197
2891,197
2892,197
2893,197
2894,197
2895,197
2896,197
2897,197
2898,197
2899,197
2900,205
2901,205
2902,205
2903,205
2904,205
2905,205
2906,205
2907,205
2908,205
2909,205
2910,201
2911,201
2912,201
2913,201
2914,201
2915,201
2916,201
2917,201
2918,201
2919,201
2920,189
2921,189
2922,189
2923,189
2924,189
2925,189
2926,189
2927,189
2928,189
2929,189
2930,190
2931,190
2932,190
2933,190
2934,190
2935,190
2936,190
2937,190
2938,190
2939,190
2940,200
2941,200
2942,200
2943,200
2944,200
2945,200
2946,200
2947,200
2948,200
2949,200
2950,210
2951,210
2952,210
2953,210
2954,210
2955,210
2956,210
2957,210
2958,210
2959,210
2960,209
2961,209
2962,209
2963,209
2964,209
2965,209
2966,209
2967,209
2968,209
2969,209
2970,201
2971,201
2972,201
2973,201
2974,201
2975,201
2976,201
2977,201
2978,201
2979,201
2980,202
2981,202
2982,202
2983,202
2984,202
2985,202
2986,202
2987,202
2988,202
2989,202
2990,214
2991,214
2992,214
2993,214
2994,214
2995,214
2996,214
2997,214
2998,214
2999,214
3000,228
3001,228
3002,228
3003,228
3004,228
3005,228
3006,228
3007,228
3008,228
3009,228
3010,231
3011,231
3012,231
3013,231
3014,231
3015,231
3016,231
3017,231
3018,231
3019,231
3020,226
3021,226
3022,226
3023,226
3024,226
3025,226
3026,226
3027,226
3028,226
3029,226
3030,224
3031,224
3032,224
3033,224
3034,224
3035,224
3036,224
3037,224
3038,224
3039,224
3040,238
3041,238
3042,238
3043,238
3044,238
3045,238
3046,238
3047,238
3048,238
3049,238
3050,253
3051,253
3052,253
3053,253
3054,253
3055,253
3056,253
3057,253
3058,253
3059,253
3060,256
3061,256
3062,256
3063,256
3064,256
3065,256
3066,256
3067,256
3068,256
3069,256
3070,254
3071,254
3072,254
3073,254
3074,254
3075,254
3076,254
3077,254
3078,254
3079,254
3080,253
3081,253
3082,253
3083,253
3084,253
3085,253
3086,253
3087,253
3088,253
3089,253
3090,266
3091,266
3092,266
3093,266
3094,266
3095,266
3096,266
3097,266
3098,266
3099,266
3100,282
3101,282
3102,282
3103,282
3104,282
3105,282
3106,282
3107,282
3108,282
3109,282
3110,286
3111,286
3112,286
3113,286
3114,286
3115,286
3116,286
3117,286
3118,286
3119,286
3120,288
3121,288
3122,288
3123,288
3124,288
3125,288
3126,288
3127,288
3128,288
3129,288
3130,289
3131,289
3132,289
3133,289
3134,289
3135,289
3136,289
3137,289
3138,289
3139,289
3140,295
3141,295
3142,295
3143,295
3144,295
3145,295
3146,295
3147,295
3148,295
3149,295
3150,309
3151,309
3152,309
3153,309
3154,309
3155,309
3156,309
3157,309
3158,309
3159,309
3160,313
3161,313
3162,313
3163,313
3164,313
3165,313
3166,313
3167,313
3168,313
3169,313
3170,316
3171,316
3172,316
3173,316
3174,316
3175,316
3176,316
3177,316
3178,316
3179,316
3180,319
3181,319
3182,319
3183,319
3184,319
3185,319
3186,319
3187,319
3188,319
3189,319
3190,323
3191,323
3192,323
3193,323
3194,323
3195,323
3196,323
3197,323
3198,323
3199,323
3200,335
3201,335
3202,335
3203,335
3204,335
3205,335
3206,335
3207,335
3208,335
3209,335
3210,339
3211,339
3212,339
3213,339
3214,339
3215,339
3216,339
3217,339
3218,339
3219,339
3220,344
3221,344
3222,344
3223,344
3224,344
3225,344
3226,344
3227,344
3228,344
3229,344
3230,348
3231,348
3232,348
3233,348
3234,348
3235,348
3236,348
3237,348
3238,348
3239,348
3240,351
3241,351
3242,351
3243,351
3244,351
3245,351
3246,351
3247,351
3248,351
3249,351
3250,354
3251,354
3252,354
3253,354
3254,354
3255,354
3256,354
3257,354
3258,354
3259,354
3260,359
3261,359
3262,359
3263,359
3264,359
3265,359
3266,359
3267,359
3268,359
3269,359
3270,363
3271,363
3272,363
3273,363
3274,363
3275,363
3276,363
3277,363
3278,363
3279,363
3280,367
3281,367
3282,367
3283,367
3284,367
3285,367
3286,367
3287,367
3288,367
3289,367
3290,371
3291,371
3292,371
3293,371
3294,371
3295,371
3296,371
3297,371
3298,371
3299,371
3300,370
3301,370
3302,370
3303,370
3304,370
3305,370
3306,370
3307,370
3308,370
3309,370
3310,375
3311,375
3312,375
3313,375
3314,375
3315,375
3316,375
3317,375
3318,375
3319,375
3320,379
3321,379
3322,379
3323,379
3324,379
3325,379
3326,379
3327,379
3328,379
3329,379
3330,383
3331,383
3332,383
3333,383
3334,383
3335,383
3336,383
3337,383
3338,383
3339,383
3340,387
3341,387
3342,387
3343,387
3344,387
3345,387
3346,387
3347,387
3348,387
3349,387
3350,381
3351,381
3352,381
3353,381
3354,381
3355,381
3356,381
3357,381
3358,381
3359,381
3360,383
3361,383
3362,383
3363,383
3364,383
3365,383
3366,383
3367,383
3368,383
3369,383
3370,387
3371,387
3372,387
3373,387
3374,387
3375,387
3376,387
3377,387
3378,387
3379,387
3380,390
3381,390
3382,390
3383,390
3384,390
3385,390
3386,390
3387,390
3388,390
3389,390
3390,393
3391,393
3392,393
3393,393
3394,393
3395,393
3396,393
3397,393
3398,393
3399,393
3400,387
3401,387
3402,387
3403,387
3404,387
3405,387
3406,387
3407,387
3408,387
3409,387
3410,387
3411,387
3412,387
3413,387
3414,387
3415,387
3416,387
3417,387
3418,387
3419,387
3420,390
3421,390
3422,390
3423,390
3424,390
3425,390
3426,390
3427,390
3428,390
3429,390
3430,393
3431,393
3432,393
3433,393
3434,393
3435,393
3436,393
3437,393
3438,393
3439,393
3440,395
3441,395
3442,395
3443,395
3444,395
3445,395
3446,395
3447,395
3448,395
3449,395
3450,387
3451,387
3452,387
3453,387
3454,387
3455,387
3456,387
3457,387
3458,387
3459,387
3460,385
3461,385
3462,385
3463,385
3464,385
3465,385
3466,385
3467,385
3468,385
3469,385
3470,386
3471,386
3472,386
3473,386
3474,386
3475,386
3476,386
3477,386
3478,386
3479,386
3480,387
3481,387
3482,387
3483,387
3484,387
3485,387
3486,387
3487,387
3488,387
3489,387
3490,386
3491,386
3492,386
3493,386
3494,386
3495,386
3496,386
3497,386
3498,386
3499,386
3500,381
3501,381
3502,381
3503,381
3504,381
3505,381
3506,381
3507,381
3508,381
3509,381
3510,378
3511,378
3512,378
3513,378
3514,378
3515,378
3516,378
3517,378
3518,378
3519,378
3520,378
3521,378
3522,378
3523,378
3524,378
3525,378
3526,378
3527,378
3528,378
3529,378
3530,377
3531,377
3532,377
3533,377
3534,377
3535,377
3536,377
3537,377
3538,377
3539,377
3540,374
3541,374
3542,374
3543,374
3544,374
3545,374
3546,374
3547,374
3548,374
3549,374
3550,368
3551,368
3552,368
3553,368
3554,368
3555,368
3556,368
3557,368
3558,368
3559,368
3560,364
3561,364
3562,364
3563,364
3564,364
3565,364
3566,364
3567,364
3568,364
3569,364
3570,362
3571,362
3572,362
3573,362
3574,362
3575,362
3576,362
3577,362
3578,362
3579,362
3580,358
3581,358
3582,358
3583,358
3584,358
3585,358
3586,358
3587,358
3588,358
3589,358
3590,353
3591,353
3592,353
3593,353
3594,353
3595,353
3596,353
3597,353
3598,353
3599,353
3600,348
3601,348
3602,348
3603,348
3604,348
3605,348
3606,348
3607,348
3608,348
3609,348
3610,348
3611,348
3612,348
3613,348
3614,348
3615,348
3616,348
3617,348
3618,348
3619,348
3620,343
3621,343
3622,343
3623,343
3624,343
3625,343
3626,343
3627,343
3628,343
3629,343
3630,337
3631,337
3632,337
3633,337
3634,337
3635,337
3636,337
3637,337
3638,337
3639,337
3640,329
3641,329
3642,329
3643,329
3644,329
3645,329
3646,329
3647,329
3648,329
3649,329
3650,323
3651,323
3652,323
3653,323
3654,323
3655,323
3656,323
3657,323
3658,323
3659,323
3660,325
3661,325
3662,325
3663,325
3664,325
3665,325
3666,325
3667,325
3668,325
3669,325
3670,318
3671,318
3672,318
3673,318
3674,318
3675,318
3676,318
3677,318
3678,318
3679,318
3680,309
3681,309
3682,309
3683,309
3684,309
3685,309
3686,309
3687,309
3688,309
3689,309
3690,298
3691,298
3692,298
3693,298
3694,298
3695,298
3696,298
3697,298
3698,298
3699,298
3700,293
3701,293
3702,293
3703,293
3704,293
3705,293
3706,293
3707,293
3708,293
3709,293
3710,299
3711,299
3712,299
3713,299
3714,299
3715,299
3716,299
3717,299
3718,299
3719,299
3720,293
3721,293
3722,293
3723,293
3724,293
3725,293
3726,293
3727,293
3728,293
3729,293
3730,282
3731,282
3732,282
3733,282
3734,282
3735,282
3736,282
3737,282
3738,282
3739,282
3740,268
3741,268
3742,268
3743,268
3744,268
3745,268
3746,268
3747,268
3748,268
3749,268
3750,263
3751,263
3752,263
3753,263
3754,263
3755,263
3756,263
3757,263
3758,263
3759,263
3760,268
3761,268
3762,268
3763,268
3764,268
3765,268
3766,268
3767,268
3768,268
3769,268
3770,264
3771,264
3772,264
3773,264
3774,264
3775,264
3776,264
3777,264
3778,264
3779,264
3780,251
3781,251
3782,251
3783,251
3784,251
3785,251
3786,251
3787,251
3788,251
3789,251
3790,236
3791,236
3792,236
3793,236
3794,236
3795,236
3796,236
3797,236
3798,236
3799,236
3800,233
3801,233
3802,233
3803,233
3804,233
3805,233
3806,233
3807,233
3808,233
3809,233
3810,237
3811,237
3812,237
3813,237
3814,237
3815,237
3816,237
3817,237
3818,237
3819,237
3820,239
3821,239
3822,239
3823,239
3824,239
3825,239
3826,239
3827,239
3828,239
3829,239
3830,227
3831,227
3832,227
3833,227
3834,227
3835,227
3836,227
3837,227
3838,227
3839,227
3840,212
3841,212
3842,212
3843,212
3844,212
3845,212
3846,212
3847,212
3848,212
3849,212
3850,209
3851,209
3852,209
3853,209
3854,209
3855,209
3856,209
3857,209
3858,209
3859,209
3860,213
3861,213
3862,213
3863,213
3864,213
3865,213
3866,213
3867,213
3868,213
3869,213
3870,217
3871,217
3872,217
3873,217
3874,217
3875,217
3876,217
3877,217
3878,217
3879,217
3880,207
3881,207
3882,207
3883,207
3884,207
3885,207
3886,207
3887,207
3888,207
3889,207
3890,193
3891,193
3892,193
3893,193
3894,193
3895,193
3896,193
3897,193
3898,193
3899,193
3900,193
3901,193
3902,193
3903,193
3904,193
3905,193
3906,193
3907,193
3908,193
3909,193
3910,198
3911,198
3912,198
3913,198
3914,198
3915,198
3916,198
3917,198
3918,198
3919,198
3920,206
3921,206
3922,206
3923,206
3924,206
3925,206
3926,206
3927,206
3928,206
3929,206
3930,202
3931,202
3932,202
3933,202
3934,202
3935,202
3936,202
3937,202
3938,202
3939,202
3940,189
3941,189
3942,189
3943,189
3944,189
3945,189
3946,189
3947,189
3948,189
3949,189
3950,189
3951,189
3952,189
3953,189
3954,189
3955,189
3956,189
3957,189
3958,189
3959,189
3960,196
3961,196
3962,196
3963,196
3964,196
3965,196
3966,196
3967,196
3968,196
3969,196
3970,204
3971,204
3972,204
3973,204
3974,204
3975,204
3976,204
3977,204
3978,204
3979,204
3980,203
3981,203
3982,203
3983,203
3984,203
3985,203
3986,203
3987,203
3988,203
3989,203
3990,192
3991,192
3992,192
3993,192
3994,192
3995,192
3996,192
3997,192
3998,192
3999,192
4000,194
4001,194
4002,194
4003,194
4004,194
4005,194
4006,194
4007,194
4008,194
4009,194
4010,204
4011,204
4012,204
4013,204
4014,204
4015,204
4016,204
4017,204
4018,204
4019,204
4020,216
4021,216
4022,216
4023,216
4024,216
4025,216
4026,216
4027,216
4028,216
4029,216
4030,219
4031,219
4032,219
4033,219
4034,219
4035,219
4036,219
4037,219
4038,219
4039,219
4040,213
4041,213
4042,213
4043,213
4044,213
4045,213
4046,213
4047,213
4048,213
4049,213
4050,211
4051,211
4052,211
4053,211
4054,211
4055,211
4056,211
4057,211
4058,211
4059,211
4060,224
4061,224
4062,224
4063,224
4064,224
4065,224
4066,224
4067,224
4068,224
4069,224
4070,238
4071,238
4072,238
4073,238
4074,238
4075,238
4076,238
4077,238
4078,238
4079,238
4080,241
4081,241
4082,241
4083,241
4084,241
4085,241
4086,241
4087,241
4088,241
4089,241
4090,238
4091,238
4092,238
4093,238
4094,238
4095,238
4096,238
4097,238
4098,238
4099,238
4100,236
4101,236
4102,236
4103,236
4104,236
4105,236
4106,236
4107,236
4108,236
4109,236
4110,250
4111,250
4112,250
4113,250
4114,250
4115,250
4116,250
4117,250
4118,250
4119,250
4120,266
4121,266
4122,266
4123,266
4124,266
4125,266
4126,266
4127,266
4128,266
4129,266
4130,270
4131,270
4132,270
4133,270
4134,270
4135,270
4136,270
4137,270
4138,270
4139,270
4140,270
4141,270
4142,270
4143,270
4144,270
4145,270
4146,270
4147,270
4148,270
4149,270
4150,271
4151,271
4152,271
4153,271
4154,271
4155,271
4156,271
4157,271
4158,271
4159,271
4160,279
4161,279
4162,279
4163,279
4164,279
4165,279
4166,279
4167,279
4168,279
4169,279
4170,294
4171,294
4172,294
4173,294
4174,294
4175,294
4176,294
4177,294
4178,294
4179,294
4180,298
4181,298
4182,298
4183,298
4184,298
4185,298
4186,298
4187,298
4188,298
4189,298
4190,300
4191,300
4192,300
4193,300
4194,300
4195,300
4196,300
4197,300
4198,300
4199,300
4200,302
4201,302
4202,302
4203,302
4204,302
4205,302
4206,302
4207,302
4208,302
4209,302
4210,307
4211,307
4212,307
4213,307
4214,307
4215,307
4216,307
4217,307
4218,307
4219,307
4220,321
4221,321
4222,321
4223,321
4224,321
4225,321
4226,321
4227,321
4228,321
4229,321
4230,326
4231,326
4232,326
4233,326
4234,326
4235,326
4236,326
4237,326
4238,326
4239,326
4240,330
4241,330
4242,330
4243,330
4244,330
4245,330
4246,330
4247,330
4248,330
4249,330
4250,333
4251,333
4252,333
4253,333
4254,333
4255,333
4256,333
4257,333
4258,333
4259,333
4260,336
4261,336
4262,336
4263,336
4264,336
4265,336
4266,336
4267,336
4268,336
4269,336
4270,343
4271,343
4272,343
4273,343
4274,343
4275,343
4276,343
4277,343
4278,343
4279,343
4280,348
4281,348
4282,348
4283,348
4284,348
4285,348
4286,348
4287,348
4288,348
4289,348
4290,353
4291,353
4292,353
4293,353
4294,353
4295,353
4296,353
4297,353
4298,353
4299,353
4300,357
4301,357
4302,357
4303,357
4304,357
4305,357
4306,357
4307,357
4308,357
4309,357
4310,360
4311,360
4312,360
4313,360
4314,360
4315,360
4316,360
4317,360
4318,360
4319,360
4320,363
4321,363
4322,363
4323,363
4324,363
4325,363
4326,363
4327,363
4328,363
4329,363
4330,367
4331,367
4332,367
4333,367
4334,367
4335,367
4336,367
4337,367
4338,367
4339,367
4340,372
4341,372
4342,372
4343,372
4344,372
4345,372
4346,372
4347,372
4348,372
4349,372
4350,376
4351,376
4352,376
4353,376
4354,376
4355,376
4356,376
4357,376
4358,376
4359,376
4360,380
4361,380
4362,380
4363,380
4364,380
4365,380
4366,380
4367,380
4368,380
4369,380
4370,376
4371,376
4372,376
4373,376
4374,376
4375,376
4376,376
4377,376
4378,376
4379,376
4380,379
4381,379
4382,379
4383,379
4384,379
4385,379
4386,379
4387,379
4388,379
4389,379
4390,382
4391,382
4392,382
4393,382
4394,382
4395,382
4396,382
4397,382
4398,382
4399,382
4400,386
4401,386
4402,386
4403,386
4404,386
4405,386
4406,386
4407,386
4408,386
4409,386
4410,390
4411,390
4412,390
4413,390
4414,390
4415,390
4416,390
4417,390
4418,390
4419,390
4420,385
4421,385
4422,385
4423,385
4424,385
4425,385
4426,385
4427,385
4428,385
4429,385
4430,386
4431,386
4432,386
4433,386
4434,386
4435,386
4436,386
4437,386
4438,386
4439,386
4440,390
4441,390
4442,390
4443,390
4444,390
4445,390
4446,390
4447,390
4448,390
4449,390
4450,392
4451,392
4452,392
4453,392
4454,392
4455,392
4456,392
4457,392
4458,392
4459,392
4460,395
4461,395
4462,395
4463,395
4464,395
4465,395
4466,395
4467,395
4468,395
4469,395
4470,388
4471,388
4472,388
4473,388
4474,388
4475,388
4476,388
4477,388
4478,388
4479,388
4480,386
4481,386
4482,386
4483,386
4484,386
4485,386
4486,386
4487,386
4488,386
4489,386
4490,388
4491,388
4492,388
4493,388
4494,388
4495,388
4496,388
4497,388
4498,388
4499,388
4500,390
4501,390
4502,390
4503,390
4504,390
4505,390
4506,390
4507,390
4508,390
4509,390
4510,391
4511,391
4512,391
4513,391
4514,391
4515,391
4516,391
4517,391
4518,391
4519,391
4520,386
4521,386
4522,386
4523,386
4524,386
4525,386
4526,386
4527,386
4528,386
4529,386
4530,383
4531,383
4532,383
4533,383
4534,383
4535,383
4536,383
4537,383
4538,383
4539,383
4540,384
4541,384
4542,384
4543,384
4544,384
4545,384
4546,384
4547,384
4548,384
4549,384
4550,384
4551,384
4552,384
4553,384
4554,384
4555,384
4556,384
4557,384
4558,384
4559,384
4560,383
4561,383
4562,383
4563,383
4564,383
4565,383
4566,383
4567,383
4568,383
4569,383
4570,377
4571,377
4572,377
4573,377
4574,377
4575,377
4576,377
4577,377
4578,377
4579,377
4580,372
4581,372
4582,372
4583,372
4584,372
4585,372
4586,372
4587,372
4588,372
4589,372
4590,370
4591,370
4592,370
4593,370
4594,370
4595,370
4596,370
4597,370
4598,370
4599,370
4600,368
4601,368
4602,368
4603,368
4604,368
4605,368
4606,368
4607,368
4608,368
4609,368
4610,365
4611,365
4612,365
4613,365
4614,365
4615,365
4616,365
4617,365
4618,365
4619,365
4620,359
4621,359
4622,359
4623,359
4624,359
4625,359
4626,359
4627,359
4628,359
4629,359
4630,357
4631,357
4632,357
4633,357
4634,357
4635,357
4636,357
4637,357
4638,357
4639,357
4640,354
4641,354
4642,354
4643,354
4644,354
4645,354
4646,354
4647,354
4648,354
4649,354
4650,350
4651,350
4652,350
4653,350
4654,350
4655,350
4656,350
4657,350
4658,350
4659,350
4660,343
4661,343
4662,343
4663,343
4664,343
4665,343
4666,343
4667,343
4668,343
4669,343
4670,337
4671,337
4672,337
4673,337
4674,337
4675,337
4676,337
4677,337
4678,337
4679,337
4680,337
4681,337
4682,337
4683,337
4684,337
4685,337
4686,337
4687,337
4688,337
4689,337
4690,331
4691,331
4692,331
4693,331
4694,331
4695,331
4696,331
4697,331
4698,331
4699,331
4700,324
4701,324
4702,324
4703,324
4704,324
4705,324
4706,324
4707,324
4708,324
4709,324
4710,315
4711,315
4712,315
4713,315
4714,315
4715,315
4716,315
4717,315
4718,315
4719,315
4720,308
4721,308
4722,308
4723,308
4724,308
4725,308
4726,308
4727,308
4728,308
4729,308
4730,314
4731,314
4732,314
4733,314
4734,314
4735,314
4736,314
4737,314
4738,314
4739,314
4740,307
4741,307
4742,307
4743,307
4744,307
4745,307
4746,307
4747,307
4748,307
4749,307
4750,298
4751,298
4752,298
4753,298
4754,298
4755,298
4756,298
4757,298
4758,298
4759,298
4760,286
4761,286
4762,286
4763,286
4764,286
4765,286
4766,286
4767,286
4768,286
4769,286
4770,279
4771,279
4772,279
4773,279
4774,279
4775,279
4776,279
4777,279
4778,279
4779,279
4780,284
4781,284
4782,284
4783,284
4784,284
4785,284
4786,284
4787,284
4788,284
4789,284
4790,279
4791,279
4792,279
4793,279
4794,279
4795,279
4796,279
4797,279
4798,279
4799,279
4800,267
4801,267
4802,267
4803,267
4804,267
4805,267
4806,267
4807,267
4808,267
4809,267
4810,252
4811,252
4812,252
4813,252
4814,252
4815,252
4816,252
4817,252
4818,252
4819,252
4820,249
4821,249
4822,249
4823,249
4824,249
4825,249
4826,249
4827,249
4828,249
4829,249
4830,253
4831,253
4832,253
4833,253
4834,253
4835,253
4836,253
4837,253
4838,253
4839,253
4840,253
4841,253
4842,253
4843,253
4844,253
4845,253
4846,253
4847,253
4848,253
4849,253
4850,241
4851,241
4852,241
4853,241
4854,241
4855,241
4856,241
4857,241
4858,241
4859,241
4860,226
4861,226
4862,226
4863,226
4864,226
4865,226
4866,226
4867,226
4868,226
4869,226
4870,221
4871,221
4872,221
4873,221
4874,221
4875,221
4876,221
4877,221
4878,221
4879,221
4880,225
4881,225
4882,225
4883,225
4884,225
4885,225
4886,225
4887,225
4888,225
4889,225
4890,227
4891,227
4892,227
4893,227
4894,227
4895,227
4896,227
4897,227
4898,227
4899,227
4900,216
4901,216
4902,216
4903,216
4904,216
4905,216
4906,216
4907,216
4908,216
4909,216
4910,202
4911,202
4912,202
4913,202
4914,202
4915,202
4916,202
4917,202
4918,202
4919,202
4920,200
4921,200
4922,200
4923,200
4924,200
4925,200
4926,200
4927,200
4928,200
4929,200
4930,204
4931,204
4932,204
4933,204
4934,204
4935,204
4936,204
4937,204
4938,204
4939,204
4940,210
4941,210
4942,210
4943,210
4944,210
4945,210
4946,210
4947,210
4948,210
4949,210
4950,204
4951,204
4952,204
4953,204
4954,204
4955,204
4956,204
4957,204
4958,204
4959,204
4960,190
4961,190
4962,190
4963,190
4964,190
4965,190
4966,190
4967,190
4968,190
4969,190
4970,189
4971,189
4972,189
4973,189
4974,189
4975,189
4976,189
4977,189
4978,189
4979,189
4980,196
4981,196
4982,196
4983,196
4984,196
4985,196
4986,196
4987,196
4988,196
4989,196
4990,204
4991,204
4992,204
4993,204
4994,204
4995,204
4996,204
4997,204
4998,204
4999,204
5000,200
5001,200
5002,200
5003,200
5004,200
5005,200
5006,200
5007,200
5008,200
5009,200
5010,188
5011,188
5012,188
5013,188
5014,188
5015,188
5016,188
5017,188
5018,188
5019,188
5020,189
5021,189
5022,189
5023,189
5024,189
5025,189
5026,189
5027,189
5028,189
5029,189
5030,197
5031,197
5032,197
5033,197
5034,197
5035,197
5036,197
5037,197
5038,197
5039,197
5040,208
5041,208
5042,208
5043,208
5044,208
5045,208
5046,208
5047,208
5048,208
5049,208
5050,210
5051,210
5052,210
5053,210
5054,210
5055,210
5056,210
5057,210
5058,210
5059,210
5060,203
5061,203
5062,203
5063,203
5064,203
5065,203
5066,203
5067,203
5068,203
5069,203
5070,200
5071,200
5072,200
5073,200
5074,200
5075,200
5076,200
5077,200
5078,200
5079,200
5080,212
5081,212
5082,212
5083,212
5084,212
5085,212
5086,212
5087,212
5088,212
5089,212
5090,225
5091,225
5092,225
5093,225
5094,225
5095,225
5096,225
5097,225
5098,225
5099,225
5100,228
5101,228
5102,228
5103,228
5104,228
5105,228
5106,228
5107,228
5108,228
5109,228
5110,224
5111,224
5112,224
5113,224
5114,224
5115,224
5116,224
5117,224
5118,224
5119,224
5120,221
5121,221
5122,221
5123,221
5124,221
5125,221
5126,221
5127,221
5128,221
5129,221
5130,234
5131,234
5132,234
5133,234
5134,234
5135,234
5136,234
5137,234
5138,234
5139,234
5140,250
5141,250
5142,250
5143,250
5144,250
5145,250
5146,250
5147,250
5148,250
5149,250
5150,255
5151,255
5152,255
5153,255
5154,255
5155,255
5156,255
5157,255
5158,255
5159,255
5160,254
5161,254
5162,254
5163,254
5164,254
5165,254
5166,254
5167,254
5168,254
5169,254
5170,252
5171,252
5172,252
5173,252
5174,252
5175,252
5176,252
5177,252
5178,252
5179,252
5180,262
5181,262
5182,262
5183,262
5184,262
5185,262
5186,262
5187,262
5188,262
5189,262
5190,278
5191,278
5192,278
5193,278
5194,278
5195,278
5196,278
5197,278
5198,278
5199,278
5200,283
5201,283
5202,283
5203,283
5204,283
5205,283
5206,283
5207,283
5208,283
5209,283
5210,284
5211,284
5212,284
5213,284
5214,284
5215,284
5216,284
5217,284
5218,284
5219,284
5220,285
5221,285
5222,285
5223,285
5224,285
5225,285
5226,285
5227,285
5228,285
5229,285
5230,291
5231,291
5232,291
5233,291
5234,291
5235,291
5236,291
5237,291
5238,291
5239,291
5240,307
5241,307
5242,307
5243,307
5244,307
5245,307
5246,307
5247,307
5248,307
5249,307
5250,312
5251,312
5252,312
5253,312
5254,312
5255,312
5256,312
5257,312
5258,312
5259,312
5260,316
5261,316
5262,316
5263,316
5264,316
5265,316
5266,316
5267,316
5268,316
5269,316
5270,318
5271,318
5272,318
5273,318
5274,318
5275,318
5276,318
5277,318
5278,318
5279,318
5280,321
5281,321
5282,321
5283,321
5284,321
5285,321
5286,321
5287,321
5288,321
5289,321
5290,331
5291,331
5292,331
5293,331
5294,331
5295,331
5296,331
5297,331
5298,331
5299,331
5300,336
5301,336
5302,336
5303,336
5304,336
5305,336
5306,336
5307,336
5308,336
5309,336
5310,340
5311,340
5312,340
5313,340
5314,340
5315,340
5316,340
5317,340
5318,340
5319,340
5320,344
5321,344
5322,344
5323,344
5324,344
5325,344
5326,344
5327,344
5328,344
5329,344
5330,346
5331,346
5332,346
5333,346
5334,346
5335,346
5336,346
5337,346
5338,346
5339,346
5340,353
5341,353
5342,353
5343,353
5344,353
5345,353
5346,353
5347,353
5348,353
5349,353
5350,358
5351,358
5352,358
5353,358
5354,358
5355,358
5356,358
5357,358
5358,358
5359,358
5360,363
5361,363
5362,363
5363,363
5364,363
5365,363
5366,363
5367,363
5368,363
5369,363
5370,367
5371,367
5372,367
5373,367
5374,367
5375,367
5376,367
5377,367
5378,367
5379,367
5380,371
5381,371
5382,371
5383,371
5384,371
5385,371
5386,371
5387,371
5388,371
5389,371
5390,369
5391,369
5392,369
5393,369
5394,369
5395,369
5396,369
5397,369
5398,369
5399,369
5400,372
5401,372
5402,372
5403,372
5404,372
5405,372
5406,372
5407,372
5408,372
5409,372
5410,377
5411,377
5412,377
5413,377
5414,377
5415,377
5416,377
5417,377
5418,377
5419,377
5420,381
5421,381
5422,381
5423,381
5424,381
5425,381
5426,381
5427,381
5428,381
5429,381
5430,385
5431,385
5432,385
5433,385
5434,385
5435,385
5436,385
5437,385
5438,385
5439,385
5440,381
5441,381
5442,381
5443,381
5444,381
5445,381
5446,381
5447,381
5448,381
5449,381
5450,383
5451,383
5452,383
5453,383
5454,383
5455,383
5456,383
5457,383
5458,383
5459,383
5460,387
5461,387
5462,387
5463,387
5464,387
5465,387
5466,387
5467,387
5468,387
5469,387
5470,391
5471,391
5472,391
5473,391
5474,391
5475,391
5476,391
5477,391
5478,391
5479,391
5480,394
5481,394
5482,394
5483,394
5484,394
5485,394
5486,394
5487,394
5488,394
5489,394
5490,387
5491,387
5492,387
5493,387
5494,387
5495,387
5496,387
5497,387
5498,387
5499,387
5500,386
5501,386
5502,386
5503,386
5504,386
5505,386
5506,386
5507,386
5508,386
5509,386
5510,388
5511,388
5512,388
5513,388
5514,388
5515,388
5516,388
5517,388
5518,388
5519,388
5520,391
5521,391
5522,391
5523,391
5524,391
5525,391
5526,391
5527,391
5528,391
5529,391
5530,393
5531,393
5532,393
5533,393
5534,393
5535,393
5536,393
5537,393
5538,393
5539,393
5540,388
5541,388
5542,388
5543,388
5544,388
5545,388
5546,388
5547,388
5548,388
5549,388
5550,386
5551,386
5552,386
5553,386
5554,386
5555,386
5556,386
5557,386
5558,386
5559,386
5560,387
5561,387
5562,387
5563,387
5564,387
5565,387
5566,387
5567,387
5568,387
5569,387
5570,388
5571,388
5572,388
5573,388
5574,388
5575,388
5576,388
5577,388
5578,388
5579,388
5580,389
5581,389
5582,389
5583,389
5584,389
5585,389
5586,389
5587,389
5588,389
5589,389
5590,383
5591,383
5592,383
5593,383
5594,383
5595,383
5596,383
5597,383
5598,383
5599,383
5600,378
5601,378
5602,378
5603,378
5604,378
5605,378
5606,378
5607,378
5608,378
5609,378
5610,377
5611,377
5612,377
5613,377
5614,377
5615,377
5616,377
5617,377
5618,377
5619,377
5620,376
5621,376
5622,376
5623,376
5624,376
5625,376
5626,376
5627,376
5628,376
5629,376
5630,374
5631,374
5632,374
5633,374
5634,374
5635,374
5636,374
5637,374
5638,374
5639,374
5640,370
5641,370
5642,370
5643,370
5644,370
5645,370
5646,370
5647,370
5648,370
5649,370
5650,366
5651,366
5652,366
5653,366
5654,366
5655,366
5656,366
5657,366
5658,366
5659,366
5660,364
5661,364
5662,364
5663,364
5664,364
5665,364
5666,364
5667,364
5668,364
5669,364
5670,361
5671,361
5672,361
5673,361
5674,361
5675,361
5676,361
5677,361
5678,361
5679,361
5680,357
5681,357
5682,357
5683,357
5684,357
5685,357
5686,357
5687,357
5688,357
5689,357
5690,351
5691,351
5692,351
5693,351
5694,351
5695,351
5696,351
5697,351
5698,351
5699,351
5700,348
5701,348
5702,348
5703,348
5704,348
5705,348
5706,348
5707,348
5708,348
5709,348
5710,344
5711,344
5712,344
5713,344
5714,344
5715,344
5716,344
5717,344
5718,344
5719,344
5720,338
5721,338
5722,338
5723,338
5724,338
5725,338
5726,338
5727,338
5728,338
5729,338
5730,330
5731,330
5732,330
5733,330
5734,330
5735,330
5736,330
5737,330
5738,330
5739,330
5740,324
5741,324
5742,324
5743,324
5744,324
5745,324
5746,324
5747,324
5748,324
5749,324
5750,327
5751,327
5752,327
5753,327
5754,327
5755,327
5756,327
5757,327
5758,327
5759,327
5760,322
5761,322
5762,322
5763,322
5764,322
5765,322
5766,322
5767,322
5768,322
5769,322
5770,314
5771,314
5772,314
5773,314
5774,314
5775,314
5776,314
5777,314
5778,314
5779,314
5780,303
5781,303
5782,303
5783,303
5784,303
5785,303
5786,303
5787,303
5788,303
5789,303
5790,295
5791,295
5792,295
5793,295
5794,295
5795,295
5796,295
5797,295
5798,295
5799,295
5800,300
5801,300
5802,300
5803,300
5804,300
5805,300
5806,300
5807,300
5808,300
5809,300
5810,294
5811,294
5812,294
5813,294
5814,294
5815,294
5816,294
5817,294
5818,294
5819,294
5820,283
5821,283
5822,283
5823,283
5824,283
5825,283
5826,283
5827,283
5828,283
5829,283
5830,270
5831,270
5832,270
5833,270
5834,270
5835,270
5836,270
5837,270
5838,270
5839,270
5840,264
5841,264
5842,264
5843,264
5844,264
5845,264
5846,264
5847,264
5848,264
5849,264
5850,269
5851,269
5852,269
5853,269
5854,269
5855,269
5856,269
5857,269
5858,269
5859,269
5860,268
5861,268
5862,268
5863,268
5864,268
5865,268
5866,268
5867,268
5868,268
5869,268
5870,255
5871,255
5872,255
5873,255
5874,255
5875,255
5876,255
5877,255
5878,255
5879,255
5880,241
5881,241
5882,241
5883,241
5884,241
5885,241
5886,241
5887,241
5888,241
5889,241
5890,235
5891,235
5892,235
5893,235
5894,235
5895,235
5896,235
5897,235
5898,235
5899,235
5900,239
5901,239
5902,239
5903,239
5904,239
5905,239
5906,239
5907,239
5908,239
5909,239
5910,240
5911,240
5912,240
5913,240
5914,240
5915,240
5916,240
5917,240
5918,240
5919,240
5920,228
5921,228
5922,228
5923,228
5924,228
5925,228
5926,228
5927,228
5928,228
5929,228
5930,213
5931,213
5932,213
5933,213
5934,213
5935,213
5936,213
5937,213
5938,213
5939,213
5940,210
5941,210
5942,210
5943,210
5944,210
5945,210
5946,210
5947,210
5948,210
5949,210
5950,214
5951,214
5952,214
5953,214
5954,214
5955,214
5956,214
5957,214
5958,214
5959,214
5960,219
5961,219
5962,219
5963,219
5964,219
5965,219
5966,219
5967,219
5968,219
5969,219
5970,211
5971,211
5972,211
5973,211
5974,211
5975,211
5976,211
5977,211
5978,211
5979,211
5980,196
5981,196
5982,196
5983,196
5984,196
5985,196
5986,196
5987,196
5988,196
5989,196
5990,193
5991,193
5992,193
5993,193
5994,193
5995,193
5996,193
5997,193
5998,193
5999,193
6000,198
6001,198
6002,198
6003,198
6004,198
6005,198
6006,198
6007,198
6008,198
6009,198
6010,205
6011,205
6012,205
6013,205
6014,205
6015,205
6016,205
6017,205
6018,205
6019,205
6020,201
6021,201
6022,201
6023,201
6024,201
6025,201
6026,201
6027,201
6028,201
6029,201
6030,188
6031,188
6032,188
6033,188
6034,188
6035,188
6036,188
6037,188
6038,188
6039,188
6040,188
6041,188
6042,188
6043,188
6044,188
6045,188
6046,188
6047,188
6048,188
6049,188
6050,195
6051,195
6052,195
6053,195
6054,195
6055,195
6056,195
6057,195
6058,195
6059,195
6060,203
6061,203
6062,203
6063,203
6064,203
6065,203
6066,203
6067,203
6068,203
6069,203
6070,205
6071,205
6072,205
6073,205
6074,205
6075,205
6076,205
6077,205
6078,205
6079,205
6080,195
6081,195
6082,195
6083,195
6084,195
6085,195
6086,195
6087,195
6088,195
6089,195
6090,192
6091,192
6092,192
6093,192
6094,192
6095,192
6096,192
6097,192
6098,192
6099,192
6100,202
6101,202
6102,202
6103,202
6104,202
6105,202
6106,202
6107,202
6108,202
6109,202
6110,214
6111,214
6112,214
6113,214
6114,214
6115,214
6116,214
6117,214
6118,214
6119,214
6120,217
6121,217
6122,217
6123,217
6124,217
6125,217
6126,217
6127,217
6128,217
6129,217
6130,211
6131,211
6132,211
6133,211
6134,211
6135,211
6136,211
6137,211
6138,211
6139,211
6140,208
6141,208
6142,208
6143,208
6144,208
6145,208
6146,208
6147,208
6148,208
6149,208
6150,220
6151,220
6152,220
6153,220
6154,220
6155,220
6156,220
6157,220
6158,220
6159,220
6160,236
6161,236
6162,236
6163,236
6164,236
6165,236
6166,236
6167,236
6168,236
6169,236
6170,241
6171,241
6172,241
6173,241
6174,241
6175,241
6176,241
6177,241
6178,241
6179,241
6180,238
6181,238
6182,238
6183,238
6184,238
6185,238
6186,238
6187,238
6188,238
6189,238
6190,235
6191,235
6192,235
6193,235
6194,235
6195,235
6196,235
6197,235
6198,235
6199,235
6200,246
6201,246
6202,246
6203,246
6204,246
6205,246
6206,246
6207,246
6208,246
6209,246
6210,262
6211,262
6212,262
6213,262
6214,262
6215,262
6216,262
6217,262
6218,262
6219,262
6220,267
6221,267
6222,267
6223,267
6224,267
6225,267
6226,267
6227,267
6228,267
6229,267
6230,267
6231,267
6232,267
6233,267
6234,267
6235,267
6236,267
6237,267
6238,267
6239,267
6240,267
6241,267
6242,267
6243,267
6244,267
6245,267
6246,267
6247,267
6248,267
6249,267
6250,275
6251,275
6252,275
6253,275
6254,275
6255,275
6256,275
6257,275
6258,275
6259,275
6260,292
6261,292
6262,292
6263,292
6264,292
6265,292
6266,292
6267,292
6268,292
6269,292
6270,297
6271,297
6272,297
6273,297
6274,297
6275,297
6276,297
6277,297
6278,297
6279,297
6280,300
6281,300
6282,300
6283,300
6284,300
6285,300
6286,300
6287,300
6288,300
6289,300
6290,302
6291,302
6292,302
6293,302
6294,302
6295,302
6296,302
6297,302
6298,302
6299,302
6300,305
6301,305
6302,305
6303,305
6304,305
6305,305
6306,305
6307,305
6308,305
6309,305
6310,318
6311,318
6312,318
6313,318
6314,318
6315,318
6316,318
6317,318
6318,318
6319,318
6320,322
6321,322
6322,322
6323,322
6324,322
6325,322
6326,322
6327,322
6328,322
6329,322
6330,326
6331,326
6332,326
6333,326
6334,326
6335,326
6336,326
6337,326
6338,326
6339,326
6340,330
6341,330
6342,330
6343,330
6344,330
6345,330
6346,330
6347,330
6348,330
6349,330
6350,332
6351,332
6352,332
6353,332
6354,332
6355,332
6356,332
6357,332
6358,332
6359,332
6360,342
6361,342
6362,342
6363,342
6364,342
6365,342
6366,342
6367,342
6368,342
6369,342
6370,347
6371,347
6372,347
6373,347
6374,347
6375,347
6376,347
6377,347
6378,347
6379,347
6380,352
6381,352
6382,352
6383,352
6384,352
6385,352
6386,352
6387,352
6388,352
6389,352
6390,356
6391,356
6392,356
6393,356
6394,356
6395,356
6396,356
6397,356
6398,356
6399,356
6400,359
6401,359
6402,359
6403,359
6404,359
6405,359
6406,359
6407,359
6408,359
6409,359
6410,360
6411,360
6412,360
6413,360
6414,360
6415,360
6416,360
6417,360
6418,360
6419,360
6420,364
6421,364
6422,364
6423,364
6424,364
6425,364
6426,364
6427,364
6428,364
6429,364
6430,369
6431,369
6432,369
6433,369
6434,369
6435,369
6436,369
6437,369
6438,369
6439,369
6440,373
6441,373
6442,373
6443,373
6444,373
6445,373
6446,373
6447,373
6448,373
6449,373
6450,377
6451,377
6452,377
6453,377
6454,377
6455,377
6456,377
6457,377
6458,377
6459,377
6460,376
6461,376
6462,376
6463,376
6464,376
6465,376
6466,376
6467,376
6468,376
6469,376
6470,379
6471,379
6472,379
6473,379
6474,379
6475,379
6476,379
6477,379
6478,379
6479,379
6480,383
6481,383
6482,383
6483,383
6484,383
6485,383
6486,383
6487,383
6488,383
6489,383
6490,387
6491,387
6492,387
6493,387
6494,387
6495,387
6496,387
6497,387
6498,387
6499,387
6500,391
6501,391
6502,391
6503,391
6504,391
6505,391
6506,391
6507,391
6508,391
6509,391
6510,385
6511,385
6512,385
6513,385
6514,385
6515,385
6516,385
6517,385
6518,385
6519,385
6520,385
6521,385
6522,385
6523,385
6524,385
6525,385
6526,385
6527,385
6528,385
6529,385
6530,388
6531,388
6532,388
6533,388
6534,388
6535,388
6536,388
6537,388
6538,388
6539,388
6540,391
6541,391
6542,391
6543,391
6544,391
6545,391
6546,391
6547,391
6548,391
6549,391
6550,393
6551,393
6552,393
6553,393
6554,393
6555,393
6556,393
6557,393
6558,393
6559,393
6560,389
6561,389
6562,389
6563,389
6564,389
6565,389
6566,389
6567,389
6568,389
6569,389
6570,387
6571,387
6572,387
6573,387
6574,387
6575,387
6576,387
6577,387
6578,387
6579,387
6580,390
6581,390
6582,390
6583,390
6584,390
6585,390
6586,390
6587,390
6588,390
6589,390
6590,391
6591,391
6592,391
6593,391
6594,391
6595,391
6596,391
6597,391
6598,391
6599,391
6600,393
6601,393
6602,393
6603,393
6604,393
6605,393
6606,393
6607,393
6608,393
6609,393
6610,387
6611,387
6612,387
6613,387
6614,387
6615,387
6616,387
6617,387
6618,387
6619,387
6620,382
6621,382
6622,382
6623,382
6624,382
6625,382
6626,382
6627,382
6628,382
6629,382
6630,383
6631,383
6632,383
6633,383
6634,383
6635,383
6636,383
6637,383
6638,383
6639,383
6640,383
6641,383
6642,383
6643,383
6644,383
6645,383
6646,383
6647,383
6648,383
6649,383
6650,382
6651,382
6652,382
6653,382
6654,382
6655,382
6656,382
6657,382
6658,382
6659,382
6660,378
6661,378
6662,378
6663,378
6664,378
6665,378
6666,378
6667,378
6668,378
6669,378
6670,374
6671,374
6672,374
6673,374
6674,374
6675,374
6676,374
6677,374
6678,374
6679,374
6680,372
6681,372
6682,372
6683,372
6684,372
6685,372
6686,372
6687,372
6688,372
6689,372
6690,371
6691,371
6692,371
6693,371
6694,371
6695,371
6696,371
6697,371
6698,371
6699,371
6700,368
6701,368
6702,368
6703,368
6704,368
6705,368
6706,368
6707,368
6708,368
6709,368
6710,363
6711,363
6712,363
6713,363
6714,363
6715,363
6716,363
6717,363
6718,363
6719,363
6720,358
6721,358
6722,358
6723,358
6724,358
6725,358
6726,358
6727,358
6728,358
6729,358
6730,355
6731,355
6732,355
6733,355
6734,355
6735,355
6736,355
6737,355
6738,355
6739,355
6740,350
6741,350
6742,350
6743,350
6744,350
6745,350
6746,350
6747,350
6748,350
6749,350
6750,344
6751,344
6752,344
6753,344
6754,344
6755,344
6756,344
6757,344
6758,344
6759,344
6760,338
6761,338
6762,338
6763,338
6764,338
6765,338
6766,338
6767,338
6768,338
6769,338
6770,340
6771,340
6772,340
6773,340
6774,340
6775,340
6776,340
6777,340
6778,340
6779,340
6780,335
6781,335
6782,335
6783,335
6784,335
6785,335
6786,335
6787,335
6788,335
6789,335
6790,328
6791,328
6792,328
6793,328
6794,328
6795,328
6796,328
6797,328
6798,328
6799,328
6800,320
6801,320
6802,320
6803,320
6804,320
6805,320
6806,320
6807,320
6808,320
6809,320
6810,311
6811,311
6812,311
6813,311
6814,311
6815,311
6816,311
6817,311
6818,311
6819,311
6820,315
6821,315
6822,315
6823,315
6824,315
6825,315
6826,315
6827,315
6828,315
6829,315
6830,309
6831,309
6832,309
6833,309
6834,309
6835,309
6836,309
6837,309
6838,309
6839,309
6840,299
6841,299
6842,299
6843,299
6844,299
6845,299
6846,299
6847,299
6848,299
6849,299
6850,287
6851,287
6852,287
6853,287
6854,287
6855,287
6856,287
6857,287
6858,287
6859,287
6860,280
6861,280
6862,280
6863,280
6864,280
6865,280
6866,280
6867,280
6868,280
6869,280
6870,286
6871,286
6872,286
6873,286
6874,286
6875,286
6876,286
6877,286
6878,286
6879,286
6880,283
6881,283
6882,283
6883,283
6884,283
6885,283
6886,283
6887,283
6888,283
6889,283
6890,272
6891,272
6892,272
6893,272
6894,272
6895,272
6896,272
6897,272
6898,272
6899,272
6900,258
6901,258
6902,258
6903,258
6904,258
6905,258
6906,258
6907,258
6908,258
6909,258
6910,250
6911,250
6912,250
6913,250
6914,250
6915,250
6916,250
6917,250
6918,250
6919,250
6920,254
6921,254
6922,254
6923,254
6924,254
6925,254
6926,254
6927,254
6928,254
6929,254
6930,254
6931,254
6932,254
6933,254
6934,254
6935,254
6936,254
6937,254
6938,254
6939,254
6940,242
6941,242
6942,242
6943,242
6944,242
6945,242
6946,242
6947,242
6948,242
6949,242
6950,227
6951,227
6952,227
6953,227
6954,227
6955,227
6956,227
6957,227
6958,227
6959,227
6960,222
6961,222
6962,222
6963,222
6964,222
6965,222
6966,222
6967,222
6968,222
6969,222
6970,225
6971,225
6972,225
6973,225
6974,225
6975,225
6976,225
6977,225
6978,225
6979,225
6980,229
6981,229
6982,229
6983,229
6984,229
6985,229
6986,229
6987,229
6988,229
6989,229
6990,220
6991,220
6992,220
6993,220
6994,220
6995,220
6996,220
6997,220
6998,220
6999,220
7000,206
