1,0
2,0
3,0
4,0
5,6
6,6
7,6
8,6
9,6
10,64
11,64
12,64
13,64
14,64
15,131
16,131
17,131
18,131
19,131
20,173
21,173
22,173
23,173
24,173
25,216
26,216
27,216
28,216
29,216
30,234
31,234
32,234
33,234
34,234
35,267
36,267
37,267
38,267
39,267
40,270
41,270
42,270
43,270
44,270
45,288
46,288
47,288
48,288
49,288
50,290
51,290
52,290
53,290
54,290
55,301
56,301
57,301
58,301
59,301
60,306
61,306
62,306
63,306
64,306
65,309
66,309
67,309
68,309
69,309
70,318
71,318
72,318
73,318
74,318
75,312
76,312
77,312
78,312
79,312
80,330
81,330
82,330
83,330
84,330
85,323
86,323
87,323
88,323
89,323
90,338
91,338
92,338
93,338
94,338
95,333
96,333
97,333
98,333
99,333
100,343
101,343
102,343
103,343
104,343
105,342
106,342
107,342
108,342
109,342
110,346
111,346
112,346
113,346
114,346
115,350
116,350
117,350
118,350
119,350
120,348
121,348
122,348
123,348
124,348
125,358
126,358
127,358
128,358
129,358
130,349
131,349
132,349
133,349
134,349
135,361
136,361
137,361
138,361
139,361
140,353
141,353
142,353
143,353
144,353
145,365
146,365
147,365
148,365
149,365
150,361
151,361
152,361
153,361
154,361
155,367
156,367
157,367
158,367
159,367
160,369
161,369
162,369
163,369
164,369
165,370
166,370
167,370
168,370
169,370
170,376
171,376
172,376
173,376
174,376
175,371
176,371
177,371
178,371
179,371
180,381
181,381
182,381
183,381
184,381
185,365
186,365
187,365
188,365
189,365
190,378
191,378
192,378
193,378
194,378
195,372
196,372
197,372
198,372
199,372
200,381
201,381
202,381
203,381
204,381
205,379
206,379
207,379
208,379
209,379
210,383
211,383
212,383
213,383
214,383
215,385
216,385
217,385
218,385
219,385
220,383
221,383
222,383
223,383
224,383
225,392
226,392
227,392
228,392
229,392
230,382
231,382
232,382
233,382
234,382
235,388
236,388
237,388
238,388
239,388
240,376
241,376
242,376
243,376
244,376
245,388
246,388
247,388
248,388
249,388
250,382
251,382
252,382
253,382
254,382
255,389
256,389
257,389
258,389
259,389
260,388
261,388
262,388
263,388
264,388
265,389
266,389
267,389
268,389
269,389
270,393
271,393
272,393
273,393
274,393
275,388
276,388
277,388
278,388
279,388
280,397
281,397
282,397
283,397
284,397
285,381
286,381
287,381
288,381
289,381
290,389
291,389
292,389
293,389
294,389
295,381
296,381
297,381
298,381
299,381
300,390
301,390
302,390
303,390
304,390
305,385
306,385
307,385
308,385
309,385
310,389
311,389
312,389
313,389
314,389
315,389
316,389
317,389
318,389
319,389
320,388
321,388
322,388
323,388
324,388
325,393
326,393
327,393
328,393
329,393
330,385
331,385
332,385
333,385
334,385
335,390
336,390
337,390
338,390
339,390
340,374
341,374
342,374
343,374
344,374
345,385
346,385
347,385
348,385
349,385
350,377
351,377
352,377
353,377
354,377
355,383
356,383
357,383
358,383
359,383
360,380
361,380
362,380
363,380
364,380
365,380
366,380
367,380
368,380
369,380
370,382
371,382
372,382
373,382
374,382
375,377
376,377
377,377
378,377
379,377
380,383
381,383
382,383
383,383
384,383
385,369
386,369
387,369
388,369
389,369
390,376
391,376
392,376
393,376
394,376
395,365
396,365
397,365
398,365
399,365
400,374
401,374
402,374
403,374
404,374
405,366
406,366
407,366
408,366
409,366
410,369
411,369
412,369
413,369
414,369
415,367
416,367
417,367
418,367
419,367
420,363
421,363
422,363
423,363
424,363
425,366
426,366
427,366
428,366
429,366
430,355
431,355
432,355
433,355
434,355
435,363
436,363
437,363
438,363
439,363
440,350
441,350
442,350
443,350
444,350
445,361
446,361
447,361
448,361
449,361
450,349
451,349
452,349
453,349
454,349
455,355
456,355
457,355
458,355
459,355
460,348
461,348
462,348
463,348
464,348
465,347
466,347
467,347
468,347
469,347
470,345
471,345
472,345
473,345
474,345
475,337
476,337
477,337
478,337
479,337
480,340
481,340
482,340
483,340
484,340
485,326
486,326
487,326
488,326
489,326
490,342
491,342
492,342
493,342
494,342
495,329
496,329
497,329
498,329
499,329
500,337
501,337
502,337
503,337
504,337
505,326
506,326
507,326
508,326
509,326
510,329
511,329
512,329
513,329
514,329
515,322
516,322
517,322
518,322
519,322
520,316
521,316
522,316
523,316
524,316
525,315
526,315
527,315
528,315
529,315
530,302
531,302
532,302
533,302
534,302
535,310
536,310
537,310
538,310
539,310
540,302
541,302
542,302
543,302
544,302
545,317
546,317
547,317
548,317
549,317
550,303
551,303
552,303
553,303
554,303
555,308
556,308
557,308
558,308
559,308
560,297
561,297
562,297
563,297
564,297
565,295
566,295
567,295
568,295
569,295
570,289
571,289
572,289
573,289
574,289
575,279
576,279
577,279
578,279
579,279
580,279
581,279
582,279
583,279
584,279
585,270
586,270
587,270
588,270
589,270
590,283
591,283
592,283
593,283
594,283
595,275
596,275
597,275
598,275
599,275
600,288
601,288
602,288
603,288
604,288
605,273
606,273
607,273
608,273
609,273
610,274
611,274
612,274
613,274
614,274
615,264
616,264
617,264
618,264
619,264
620,258
621,258
622,258
623,258
624,258
625,253
626,253
627,253
628,253
629,253
630,240
631,240
632,240
633,240
634,240
635,250
636,250
637,250
638,250
639,250
640,243
641,243
642,243
643,243
644,243
645,254
646,254
647,254
648,254
649,254
650,246
651,246
652,246
653,246
654,246
655,255
656,255
657,255
658,255
659,255
660,241
661,241
662,241
663,241
664,241
665,239
666,239
667,239
668,239
669,239
670,231
671,231
672,231
673,231
674,231
675,220
676,220
677,220
678,220
679,220
680,221
681,221
682,221
683,221
684,221
685,215
686,215
687,215
688,215
689,215
690,224
691,224
692,224
693,224
694,224
695,218
696,218
697,218
698,218
699,218
700,229
701,229
702,229
703,229
704,229
705,223
706,223
707,223
708,223
709,223
710,227
711,227
712,227
713,227
714,227
715,215
716,215
717,215
718,215
719,215
720,209
721,209
722,209
723,209
724,209
725,203
726,203
727,203
728,203
729,203
730,193
731,193
732,193
733,193
734,193
735,202
736,202
737,202
738,202
739,202
740,197
741,197
742,197
743,197
744,197
745,207
746,207
747,207
748,207
749,207
750,202
751,202
752,202
753,202
754,202
755,215
756,215
757,215
758,215
759,215
760,207
761,207
762,207
763,207
764,207
765,206
766,206
767,206
768,206
769,206
770,197
771,197
772,197
773,197
774,197
775,188
776,188
777,188
778,188
779,188
780,190
781,190
782,190
783,190
784,190
785,186
786,186
787,186
788,186
789,186
790,197
791,197
792,197
793,197
794,197
795,193
796,193
797,193
798,193
799,193
800,205
801,205
802,205
803,205
804,205
805,201
806,201
807,201
808,201
809,201
810,211
811,211
812,211
813,211
814,211
815,201
816,201
817,201
818,201
819,201
820,197
821,197
822,197
823,197
824,197
825,193
826,193
827,193
828,193
829,193
830,184
831,184
832,184
833,184
834,184
835,194
836,194
837,194
838,194
839,194
840,191
841,191
842,191
843,191
844,191
845,203
846,203
847,203
848,203
849,203
850,200
851,200
852,200
853,200
854,200
855,215
856,215
857,215
858,215
859,215
860,212
861,212
862,212
863,212
864,212
865,216
866,216
867,216
868,216
869,216
870,209
871,209
872,209
873,209
874,209
875,205
876,205
877,205
878,205
879,205
880,204
881,204
882,204
883,204
884,204
885,199
886,199
887,199
888,199
889,199
890,213
891,213
892,213
893,213
894,213
895,210
896,210
897,210
898,210
899,210
900,225
901,225
902,225
903,225
904,225
905,224
906,224
907,224
908,224
909,224
910,239
911,239
912,239
913,239
914,239
915,230
916,230
917,230
918,230
919,230
920,233
921,233
922,233
923,233
924,233
925,230
926,230
927,230
928,230
929,230
930,224
931,224
932,224
933,224
934,224
935,228
936,228
937,228
938,228
939,228
940,226
941,226
942,226
943,226
944,226
945,243
946,243
947,243
948,243
949,243
950,241
951,241
952,241
953,241
954,241
955,260
956,260
957,260
958,260
959,260
960,255
961,255
962,255
963,255
964,255
965,263
966,263
967,263
968,263
969,263
970,258
971,258
972,258
973,258
974,258
975,259
976,259
977,259
978,259
979,259
980,260
981,260
982,260
983,260
984,260
985,253
986,253
987,253
988,253
989,253
990,264
991,264
992,264
993,264
994,264
995,261
996,261
997,261
998,261
999,261
1000,281
1001,281
1002,281
1003,281
1004,281
1005,279
1006,279
1007,279
1008,279
1009,279
1010,293
1011,293
1012,293
1013,293
1014,293
1015,285
1016,285
1017,285
1018,285
1019,285
1020,292
1021,292
1022,292
1023,292
1024,292
1025,290
1026,290
1027,290
1028,290
1029,290
1030,290
1031,290
1032,290
1033,290
1034,290
1035,295
1036,295
1037,295
1038,295
1039,295
1040,287
1041,287
1042,287
1043,287
1044,287
1045,302
1046,302
1047,302
1048,302
1049,302
1050,299
1051,299
1052,299
1053,299
1054,299
1055,318
1056,318
1057,318
1058,318
1059,318
1060,309
1061,309
1062,309
1063,309
1064,309
1065,320
1066,320
1067,320
1068,320
1069,320
1070,316
1071,316
1072,316
1073,316
1074,316
1075,321
1076,321
1077,321
1078,321
1079,321
1080,322
1081,322
1082,322
1083,322
1084,322
1085,321
1086,321
1087,321
1088,321
1089,321
1090,328
1091,328
1092,328
1093,328
1094,328
1095,319
1096,319
1097,319
1098,319
1099,319
1100,338
1101,338
1102,338
1103,338
1104,338
1105,330
1106,330
1107,330
1108,330
1109,330
1110,344
1111,344
1112,344
1113,344
1114,344
1115,337
1116,337
1117,337
1118,337
1119,337
1120,346
1121,346
1122,346
1123,346
1124,346
1125,344
1126,344
1127,344
1128,344
1129,344
1130,347
1131,347
1132,347
1133,347
1134,347
1135,351
1136,351
1137,351
1138,351
1139,351
1140,348
1141,348
1142,348
1143,348
1144,348
1145,357
1146,357
1147,357
1148,357
1149,357
1150,348
1151,348
1152,348
1153,348
1154,348
1155,362
1156,362
1157,362
1158,362
1159,362
1160,354
1161,354
1162,354
1163,354
1164,354
1165,365
1166,365
1167,365
1168,365
1169,365
1170,361
1171,361
1172,361
1173,361
1174,361
1175,367
1176,367
1177,367
1178,367
1179,367
1180,368
1181,368
1182,368
1183,368
1184,368
1185,368
1186,368
1187,368
1188,368
1189,368
1190,375
1191,375
1192,375
1193,375
1194,375
1195,369
1196,369
1197,369
1198,369
1199,369
1200,380
1201,380
1202,380
1203,380
1204,380
1205,366
1206,366
1207,366
1208,366
1209,366
1210,379
1211,379
1212,379
1213,379
1214,379
1215,372
1216,372
1217,372
1218,372
1219,372
1220,381
1221,381
1222,381
1223,381
1224,381
1225,378
1226,378
1227,378
1228,378
1229,378
1230,383
1231,383
1232,383
1233,383
1234,383
1235,386
1236,386
1237,386
1238,386
1239,386
1240,384
1241,384
1242,384
1243,384
1244,384
1245,392
1246,392
1247,392
1248,392
1249,392
1250,383
1251,383
1252,383
1253,383
1254,383
1255,389
1256,389
1257,389
1258,389
1259,389
1260,378
1261,378
1262,378
1263,378
1264,378
1265,389
1266,389
1267,389
1268,389
1269,389
1270,385
1271,385
1272,385
1273,385
1274,385
1275,391
1276,391
1277,391
1278,391
1279,391
1280,390
1281,390
1282,390
1283,390
1284,390
1285,392
1286,392
1287,392
1288,392
1289,392
1290,396
1291,396
1292,396
1293,396
1294,396
1295,392
1296,392
1297,392
1298,392
1299,392
1300,400
1301,400
1302,400
1303,400
1304,400
1305,384
1306,384
1307,384
1308,384
1309,384
1310,392
1311,392
1312,392
1313,392
1314,392
1315,384
1316,384
1317,384
1318,384
1319,384
1320,392
1321,392
1322,392
1323,392
1324,392
1325,388
1326,388
1327,388
1328,388
1329,388
1330,393
1331,393
1332,393
1333,393
1334,393
1335,394
1336,394
1337,394
1338,394
1339,394
1340,393
1341,393
1342,393
1343,393
1344,393
1345,399
1346,399
1347,399
1348,399
1349,399
1350,390
1351,390
1352,390
1353,390
1354,390
1355,395
1356,395
1357,395
1358,395
1359,395
1360,380
1361,380
1362,380
1363,380
1364,380
1365,391
1366,391
1367,391
1368,391
1369,391
1370,384
1371,384
1372,384
1373,384
1374,384
1375,390
1376,390
1377,390
1378,390
1379,390
1380,387
1381,387
1382,387
1383,387
1384,387
1385,388
1386,388
1387,388
1388,388
1389,388
1390,390
1391,390
1392,390
1393,390
1394,390
1395,385
1396,385
1397,385
1398,385
1399,385
1400,392
1401,392
1402,392
1403,392
1404,392
1405,379
1406,379
1407,379
1408,379
1409,379
1410,384
1411,384
1412,384
1413,384
1414,384
1415,374
1416,374
1417,374
1418,374
1419,374
1420,382
1421,382
1422,382
1423,382
1424,382
1425,375
1426,375
1427,375
1428,375
1429,375
1430,379
1431,379
1432,379
1433,379
1434,379
1435,377
1436,377
1437,377
1438,377
1439,377
1440,375
1441,375
1442,375
1443,375
1444,375
1445,378
1446,378
1447,378
1448,378
1449,378
1450,368
1451,368
1452,368
1453,368
1454,368
1455,376
1456,376
1457,376
1458,376
1459,376
1460,360
1461,360
1462,360
1463,360
1464,360
1465,371
1466,371
1467,371
1468,371
1469,371
1470,360
1471,360
1472,360
1473,360
1474,360
1475,366
1476,366
1477,366
1478,366
1479,366
1480,360
1481,360
1482,360
1483,360
1484,360
1485,360
1486,360
1487,360
1488,360
1489,360
1490,359
1491,359
1492,359
1493,359
1494,359
1495,352
1496,352
1497,352
1498,352
1499,352
1500,356
1501,356
1502,356
1503,356
1504,356
1505,342
1506,342
1507,342
1508,342
1509,342
1510,356
1511,356
1512,356
1513,356
1514,356
1515,342
1516,342
1517,342
1518,342
1519,342
1520,350
1521,350
1522,350
1523,350
1524,350
1525,340
1526,340
1527,340
1528,340
1529,340
1530,342
1531,342
1532,342
1533,342
1534,342
1535,337
1536,337
1537,337
1538,337
1539,337
1540,334
1541,334
1542,334
1543,334
1544,334
1545,332
1546,332
1547,332
1548,332
1549,332
1550,320
1551,320
1552,320
1553,320
1554,320
1555,326
1556,326
1557,326
1558,326
1559,326
1560,318
1561,318
1562,318
1563,318
1564,318
1565,332
1566,332
1567,332
1568,332
1569,332
1570,318
1571,318
1572,318
1573,318
1574,318
1575,324
1576,324
1577,324
1578,324
1579,324
1580,314
1581,314
1582,314
1583,314
1584,314
1585,312
1586,312
1587,312
1588,312
1589,312
1590,307
1591,307
1592,307
1593,307
1594,307
1595,297
1596,297
1597,297
1598,297
1599,297
1600,298
1601,298
1602,298
1603,298
1604,298
1605,286
1606,286
1607,286
1608,286
1609,286
1610,301
1611,301
1612,301
1613,301
1614,301
1615,292
1616,292
1617,292
1618,292
1619,292
1620,303
1621,303
1622,303
1623,303
1624,303
1625,289
1626,289
1627,289
1628,289
1629,289
1630,291
1631,291
1632,291
1633,291
1634,291
1635,281
1636,281
1637,281
1638,281
1639,281
1640,275
1641,275
1642,275
1643,275
1644,275
1645,271
1646,271
1647,271
1648,271
1649,271
1650,257
1651,257
1652,257
1653,257
1654,257
1655,266
1656,266
1657,266
1658,266
1659,266
1660,258
1661,258
1662,258
1663,258
1664,258
1665,271
1666,271
1667,271
1668,271
1669,271
1670,263
1671,263
1672,263
1673,263
1674,263
1675,270
1676,270
1677,270
1678,270
1679,270
1680,256
1681,256
1682,256
1683,256
1684,256
1685,255
1686,255
1687,255
1688,255
1689,255
1690,247
1691,247
1692,247
1693,247
1694,247
1695,236
1696,236
1697,236
1698,236
1699,236
1700,235
1701,235
1702,235
1703,235
1704,235
1705,228
1706,228
1707,228
1708,228
1709,228
1710,239
1711,239
1712,239
1713,239
1714,239
1715,232
1716,232
1717,232
1718,232
1719,232
1720,243
1721,243
1722,243
1723,243
1724,243
1725,236
1726,236
1727,236
1728,236
1729,236
1730,238
1731,238
1732,238
1733,238
1734,238
1735,227
1736,227
1737,227
1738,227
1739,227
1740,221
1741,221
1742,221
1743,221
1744,221
1745,215
1746,215
1747,215
1748,215
1749,215
1750,204
1751,204
1752,204
1753,204
1754,204
1755,213
1756,213
1757,213
1758,213
1759,213
1760,207
1761,207
1762,207
1763,207
1764,207
1765,216
1766,216
1767,216
1768,216
1769,216
1770,211
1771,211
1772,211
1773,211
1774,211
1775,223
1776,223
1777,223
1778,223
1779,223
1780,214
1781,214
1782,214
1783,214
1784,214
1785,213
1786,213
1787,213
1788,213
1789,213
1790,204
1791,204
1792,204
1793,204
1794,204
1795,194
1796,194
1797,194
1798,194
1799,194
1800,193
1801,193
1802,193
1803,193
1804,193
1805,190
1806,190
1807,190
1808,190
1809,190
1810,199
1811,199
1812,199
1813,199
1814,199
1815,194
1816,194
1817,194
1818,194
1819,194
1820,206
1821,206
1822,206
1823,206
1824,206
1825,202
1826,202
1827,202
1828,202
1829,202
1830,213
1831,213
1832,213
1833,213
1834,213
1835,201
1836,201
1837,201
1838,201
1839,201
1840,198
1841,198
1842,198
1843,198
1844,198
1845,192
1846,192
1847,192
1848,192
1849,192
1850,183
1851,183
1852,183
1853,183
1854,183
1855,192
1856,192
1857,192
1858,192
1859,192
1860,189
1861,189
1862,189
1863,189
1864,189
1865,199
1866,199
1867,199
1868,199
1869,199
1870,196
1871,196
1872,196
1873,196
1874,196
1875,209
1876,209
1877,209
1878,209
1879,209
1880,205
1881,205
1882,205
1883,205
1884,205
1885,209
1886,209
1887,209
1888,209
1889,209
1890,202
1891,202
1892,202
1893,202
1894,202
1895,197
1896,197
1897,197
1898,197
1899,197
1900,195
1901,195
1902,195
1903,195
1904,195
1905,191
1906,191
1907,191
1908,191
1909,191
1910,204
1911,204
1912,204
1913,204
1914,204
1915,201
1916,201
1917,201
1918,201
1919,201
1920,215
1921,215
1922,215
1923,215
1924,215
1925,212
1926,212
1927,212
1928,212
1929,212
1930,228
1931,228
1932,228
1933,228
1934,228
1935,219
1936,219
1937,219
1938,219
1939,219
1940,221
1941,221
1942,221
1943,221
1944,221
1945,217
1946,217
1947,217
1948,217
1949,217
1950,210
1951,210
1952,210
1953,210
1954,210
1955,215
1956,215
1957,215
1958,215
1959,215
1960,214
1961,214
1962,214
1963,214
1964,214
1965,229
1966,229
1967,229
1968,229
1969,229
1970,227
1971,227
1972,227
1973,227
1974,227
1975,245
1976,245
1977,245
1978,245
1979,245
1980,241
1981,241
1982,241
1983,241
1984,241
1985,249
1986,249
1987,249
1988,249
1989,249
1990,243
1991,243
1992,243
1993,243
1994,243
1995,243
1996,243
1997,243
1998,243
1999,243
2000,243
2001,243
2002,243
2003,243
2004,243
2005,236
2006,236
2007,236
2008,236
2009,236
2010,248
2011,248
2012,248
2013,248
2014,248
2015,246
2016,246
2017,246
2018,246
2019,246
2020,264
2021,264
2022,264
2023,264
2024,264
2025,263
2026,263
2027,263
2028,263
2029,263
2030,278
2031,278
2032,278
2033,278
2034,278
2035,270
2036,270
2037,270
2038,270
2039,270
2040,276
2041,276
2042,276
2043,276
2044,276
2045,273
2046,273
2047,273
2048,273
2049,273
2050,273
2051,273
2052,273
2053,273
2054,273
2055,277
2056,277
2057,277
2058,277
2059,277
2060,268
2061,268
2062,268
2063,268
2064,268
2065,285
2066,285
2067,285
2068,285
2069,285
2070,282
2071,282
2072,282
2073,282
2074,282
2075,304
2076,304
2077,304
2078,304
2079,304
2080,295
2081,295
2082,295
2083,295
2084,295
2085,306
2086,306
2087,306
2088,306
2089,306
2090,301
2091,301
2092,301
2093,301
2094,301
2095,306
2096,306
2097,306
2098,306
2099,306
2100,307
2101,307
2102,307
2103,307
2104,307
2105,304
2106,304
2107,304
2108,304
2109,304
2110,312
2111,312
2112,312
2113,312
2114,312
2115,302
2116,302
2117,302
2118,302
2119,302
2120,323
2121,323
2122,323
2123,323
2124,323
2125,318
2126,318
2127,318
2128,318
2129,318
2130,332
2131,332
2132,332
2133,332
2134,332
2135,324
2136,324
2137,324
2138,324
2139,324
2140,333
2141,333
2142,333
2143,333
2144,333
2145,331
2146,331
2147,331
2148,331
2149,331
2150,334
2151,334
2152,334
2153,334
2154,334
2155,338
2156,338
2157,338
2158,338
2159,338
2160,334
2161,334
2162,334
2163,334
2164,334
2165,343
2166,343
2167,343
2168,343
2169,343
2170,335
2171,335
2172,335
2173,335
2174,335
2175,353
2176,353
2177,353
2178,353
2179,353
2180,343
2181,343
2182,343
2183,343
2184,343
2185,356
2186,356
2187,356
2188,356
2189,356
2190,351
2191,351
2192,351
2193,351
2194,351
2195,357
2196,357
2197,357
2198,357
2199,357
2200,357
2201,357
2202,357
2203,357
2204,357
2205,359
2206,359
2207,359
2208,359
2209,359
2210,365
2211,365
2212,365
2213,365
2214,365
2215,359
2216,359
2217,359
2218,359
2219,359
2220,371
2221,371
2222,371
2223,371
2224,371
2225,357
2226,357
2227,357
2228,357
2229,357
2230,371
2231,371
2232,371
2233,371
2234,371
2235,365
2236,365
2237,365
2238,365
2239,365
2240,374
2241,374
2242,374
2243,374
2244,374
2245,372
2246,372
2247,372
2248,372
2249,372
2250,376
2251,376
2252,376
2253,376
2254,376
2255,379
2256,379
2257,379
2258,379
2259,379
2260,377
2261,377
2262,377
2263,377
2264,377
2265,386
2266,386
2267,386
2268,386
2269,386
2270,377
2271,377
2272,377
2273,377
2274,377
2275,384
2276,384
2277,384
2278,384
2279,384
2280,373
2281,373
2282,373
2283,373
2284,373
2285,385
2286,385
2287,385
2288,385
2289,385
2290,380
2291,380
2292,380
2293,380
2294,380
2295,387
2296,387
2297,387
2298,387
2299,387
2300,387
2301,387
2302,387
2303,387
2304,387
2305,388
2306,388
2307,388
2308,388
2309,388
2310,393
2311,393
2312,393
2313,393
2314,393
2315,389
2316,389
2317,389
2318,389
2319,389
2320,398
2321,398
2322,398
2323,398
2324,398
2325,383
2326,383
2327,383
2328,383
2329,383
2330,391
2331,391
2332,391
2333,391
2334,391
2335,383
2336,383
2337,383
2338,383
2339,383
2340,392
2341,392
2342,392
2343,392
2344,392
2345,389
2346,389
2347,389
2348,389
2349,389
2350,393
2351,393
2352,393
2353,393
2354,393
2355,394
2356,394
2357,394
2358,394
2359,394
2360,393
2361,393
2362,393
2363,393
2364,393
2365,399
2366,399
2367,399
2368,399
2369,399
2370,391
2371,391
2372,391
2373,391
2374,391
2375,396
2376,396
2377,396
2378,396
2379,396
2380,381
2381,381
2382,381
2383,381
2384,381
2385,393
2386,393
2387,393
2388,393
2389,393
2390,386
2391,386
2392,386
2393,386
2394,386
2395,393
2396,393
2397,393
2398,393
2399,393
2400,390
2401,390
2402,390
2403,390
2404,390
2405,392
2406,392
2407,392
2408,392
2409,392
2410,394
2411,394
2412,394
2413,394
2414,394
2415,389
2416,389
2417,389
2418,389
2419,389
2420,398
2421,398
2422,398
2423,398
2424,398
2425,383
2426,383
2427,383
2428,383
2429,383
2430,389
2431,389
2432,389
2433,389
2434,389
2435,379
2436,379
2437,379
2438,379
2439,379
2440,387
2441,387
2442,387
2443,387
2444,387
2445,381
2446,381
2447,381
2448,381
2449,381
2450,385
2451,385
2452,385
2453,385
2454,385
2455,384
2456,384
2457,384
2458,384
2459,384
2460,382
2461,382
2462,382
2463,382
2464,382
2465,386
2466,386
2467,386
2468,386
2469,386
2470,378
2471,378
2472,378
2473,378
2474,378
2475,385
2476,385
2477,385
2478,385
2479,385
2480,368
2481,368
2482,368
2483,368
2484,368
2485,379
2486,379
2487,379
2488,379
2489,379
2490,369
2491,369
2492,369
2493,369
2494,369
2495,375
2496,375
2497,375
2498,375
2499,375
2500,370
2501,370
2502,370
2503,370
2504,370
2505,370
2506,370
2507,370
2508,370
2509,370
2510,370
2511,370
2512,370
2513,370
2514,370
2515,364
2516,364
2517,364
2518,364
2519,364
2520,368
2521,368
2522,368
2523,368
2524,368
2525,355
2526,355
2527,355
2528,355
2529,355
2530,366
2531,366
2532,366
2533,366
2534,366
2535,352
2536,352
2537,352
2538,352
2539,352
2540,361
2541,361
2542,361
2543,361
2544,361
2545,351
2546,351
2547,351
2548,351
2549,351
2550,355
2551,355
2552,355
2553,355
2554,355
2555,350
2556,350
2557,350
2558,350
2559,350
2560,348
2561,348
2562,348
2563,348
2564,348
2565,347
2566,347
2567,347
2568,347
2569,347
2570,336
2571,336
2572,336
2573,336
2574,336
2575,342
2576,342
2577,342
2578,342
2579,342
2580,332
2581,332
2582,332
2583,332
2584,332
2585,345
2586,345
2587,345
2588,345
2589,345
2590,331
2591,331
2592,331
2593,331
2594,331
2595,337
2596,337
2597,337
2598,337
2599,337
2600,328
2601,328
2602,328
2603,328
2604,328
2605,327
2606,327
2607,327
2608,327
2609,327
2610,322
2611,322
2612,322
2613,322
2614,322
2615,315
2616,315
2617,315
2618,315
2619,315
2620,315
2621,315
2622,315
2623,315
2624,315
2625,301
2626,301
2627,301
2628,301
2629,301
2630,316
2631,316
2632,316
2633,316
2634,316
2635,308
2636,308
2637,308
2638,308
2639,308
2640,317
2641,317
2642,317
2643,317
2644,317
2645,304
2646,304
2647,304
2648,304
2649,304
2650,306
2651,306
2652,306
2653,306
2654,306
2655,297
2656,297
2657,297
2658,297
2659,297
2660,292
2661,292
2662,292
2663,292
2664,292
2665,289
2666,289
2667,289
2668,289
2669,289
2670,274
2671,274
2672,274
2673,274
2674,274
2675,282
2676,282
2677,282
2678,282
2679,282
2680,274
2681,274
2682,274
2683,274
2684,274
2685,289
2686,289
2687,289
2688,289
2689,289
2690,279
2691,279
2692,279
2693,279
2694,279
2695,285
2696,285
2697,285
2698,285
2699,285
2700,272
2701,272
2702,272
2703,272
2704,272
2705,271
2706,271
2707,271
2708,271
2709,271
2710,263
2711,263
2712,263
2713,263
2714,263
2715,253
2716,253
2717,253
2718,253
2719,253
2720,251
2721,251
2722,251
2723,251
2724,251
2725,243
2726,243
2727,243
2728,243
2729,243
2730,254
2731,254
2732,254
2733,254
2734,254
2735,247
2736,247
2737,247
2738,247
2739,247
2740,259
2741,259
2742,259
2743,259
2744,259
2745,250
2746,250
2747,250
2748,250
2749,250
2750,252
2751,252
2752,252
2753,252
2754,252
2755,240
2756,240
2757,240
2758,240
2759,240
2760,234
2761,234
2762,234
2763,234
2764,234
2765,228
2766,228
2767,228
2768,228
2769,228
2770,216
2771,216
2772,216
2773,216
2774,216
2775,225
2776,225
2777,225
2778,225
2779,225
2780,218
2781,218
2782,218
2783,218
2784,218
2785,228
2786,228
2787,228
2788,228
2789,228
2790,222
2791,222
2792,222
2793,222
2794,222
2795,233
2796,233
2797,233
2798,233
2799,233
2800,222
2801,222
2802,222
2803,222
2804,222
2805,222
2806,222
2807,222
2808,222
2809,222
2810,212
2811,212
2812,212
2813,212
2814,212
2815,203
2816,203
2817,203
2818,203
2819,203
2820,201
2821,201
2822,201
2823,201
2824,201
2825,196
2826,196
2827,196
2828,196
2829,196
2830,205
2831,205
2832,205
2833,205
2834,205
2835,201
2836,201
2837,201
2838,201
2839,201
2840,210
2841,210
2842,210
2843,210
2844,210
2845,206
2846,206
2847,206
2848,206
2849,206
2850,216
2851,216
2852,216
2853,216
2854,216
2855,203
2856,203
2857,203
2858,203
2859,203
2860,200
2861,200
2862,200
2863,200
2864,200
2865,193
2866,193
2867,193
2868,193
2869,193
2870,184
2871,184
2872,184
2873,184
2874,184
2875,192
2876,192
2877,192
2878,192
2879,192
2880,189
2881,189
2882,189
2883,189
2884,189
2885,200
2886,200
2887,200
2888,200
2889,200
2890,196
2891,196
2892,196
2893,196
2894,196
2895,208
2896,208
2897,208
2898,208
2899,208
2900,204
2901,204
2902,204
2903,204
2904,204
2905,207
2906,207
2907,207
2908,207
2909,207
2910,198
2911,198
2912,198
2913,198
2914,198
2915,191
2916,191
2917,191
2918,191
2919,191
2920,189
2921,189
2922,189
2923,189
2924,189
2925,186
2926,186
2927,186
2928,186
2929,186
2930,197
2931,197
2932,197
2933,197
2934,197
2935,194
2936,194
2937,194
2938,194
2939,194
2940,207
2941,207
2942,207
2943,207
2944,207
2945,204
2946,204
2947,204
2948,204
2949,204
2950,218
2951,218
2952,218
2953,218
2954,218
2955,210
2956,210
2957,210
2958,210
2959,210
2960,211
2961,211
2962,211
2963,211
2964,211
2965,206
2966,206
2967,206
2968,206
2969,206
2970,198
2971,198
2972,198
2973,198
2974,198
2975,204
2976,204
2977,204
2978,204
2979,204
2980,202
2981,202
2982,202
2983,202
2984,202
2985,216
2986,216
2987,216
2988,216
2989,216
2990,214
2991,214
2992,214
2993,214
2994,214
2995,230
2996,230
2997,230
2998,230
2999,230
3000,228
3001,228
3002,228
3003,228
3004,228
3005,236
3006,236
3007,236
3008,236
3009,236
3010,229
3011,229
3012,229
3013,229
3014,229
3015,229
3016,229
3017,229
3018,229
3019,229
3020,228
3021,228
3022,228
3023,228
3024,228
3025,219
3026,219
3027,219
3028,219
3029,219
3030,233
3031,233
3032,233
3033,233
3034,233
3035,231
3036,231
3037,231
3038,231
3039,231
3040,249
3041,249
3042,249
3043,249
3044,249
3045,247
3046,247
3047,247
3048,247
3049,247
3050,263
3051,263
3052,263
3053,263
3054,263
3055,255
3056,255
3057,255
3058,255
3059,255
3060,260
3061,260
3062,260
3063,260
3064,260
3065,257
3066,257
3067,257
3068,257
3069,257
3070,255
3071,255
3072,255
3073,255
3074,255
3075,258
3076,258
3077,258
3078,258
3079,258
3080,251
3081,251
3082,251
3083,251
3084,251
3085,268
3086,268
3087,268
3088,268
3089,268
3090,266
3091,266
3092,266
3093,266
3094,266
3095,287
3096,287
3097,287
3098,287
3099,287
3100,280
3101,280
3102,280
3103,280
3104,280
3105,291
3106,291
3107,291
3108,291
3109,291
3110,285
3111,285
3112,285
3113,285
3114,285
3115,289
3116,289
3117,289
3118,289
3119,289
3120,290
3121,290
3122,290
3123,290
3124,290
3125,287
3126,287
3127,287
3128,287
3129,287
3130,294
3131,294
3132,294
3133,294
3134,294
3135,287
3136,287
3137,287
3138,287
3139,287
3140,307
3141,307
3142,307
3143,307
3144,307
3145,303
3146,303
3147,303
3148,303
3149,303
3150,318
3151,318
3152,318
3153,318
3154,318
3155,310
3156,310
3157,310
3158,310
3159,310
3160,319
3161,319
3162,319
3163,319
3164,319
3165,317
3166,317
3167,317
3168,317
3169,317
3170,319
3171,319
3172,319
3173,319
3174,319
3175,323
3176,323
3177,323
3178,323
3179,323
3180,319
3181,319
3182,319
3183,319
3184,319
3185,328
3186,328
3187,328
3188,328
3189,328
3190,320
3191,320
3192,320
3193,320
3194,320
3195,340
3196,340
3197,340
3198,340
3199,340
3200,331
3201,331
3202,331
3203,331
3204,331
3205,343
3206,343
3207,343
3208,343
3209,343
3210,339
3211,339
3212,339
3213,339
3214,339
3215,346
3216,346
3217,346
3218,346
3219,346
3220,346
3221,346
3222,346
3223,346
3224,346
3225,346
3226,346
3227,346
3228,346
3229,346
3230,352
3231,352
3232,352
3233,352
3234,352
3235,346
3236,346
3237,346
3238,346
3239,346
3240,359
3241,359
3242,359
3243,359
3244,359
3245,348
3246,348
3247,348
3248,348
3249,348
3250,362
3251,362
3252,362
3253,362
3254,362
3255,356
3256,356
3257,356
3258,356
3259,356
3260,366
3261,366
3262,366
3263,366
3264,366
3265,363
3266,363
3267,363
3268,363
3269,363
3270,367
3271,367
3272,367
3273,367
3274,367
3275,370
3276,370
3277,370
3278,370
3279,370
3280,369
3281,369
3282,369
3283,369
3284,369
3285,377
3286,377
3287,377
3288,377
3289,377
3290,369
3291,369
3292,369
3293,369
3294,369
3295,377
3296,377
3297,377
3298,377
3299,377
3300,367
3301,367
3302,367
3303,367
3304,367
3305,379
3306,379
3307,379
3308,379
3309,379
3310,374
3311,374
3312,374
3313,374
3314,374
3315,382
3316,382
3317,382
3318,382
3319,382
3320,380
3321,380
3322,380
3323,380
3324,380
3325,383
3326,383
3327,383
3328,383
3329,383
3330,387
3331,387
3332,387
3333,387
3334,387
3335,384
3336,384
3337,384
3338,384
3339,384
3340,393
3341,393
3342,393
3343,393
3344,393
3345,378
3346,378
3347,378
3348,378
3349,378
3350,387
3351,387
3352,387
3353,387
3354,387
3355,380
3356,380
3357,380
3358,380
3359,380
3360,389
3361,389
3362,389
3363,389
3364,389
3365,386
3366,386
3367,386
3368,386
3369,386
3370,391
3371,391
3372,391
3373,391
3374,391
3375,392
3376,392
3377,392
3378,392
3379,392
3380,391
3381,391
3382,391
3383,391
3384,391
3385,398
3386,398
3387,398
3388,398
3389,398
3390,391
3391,391
3392,391
3393,391
3394,391
3395,396
3396,396
3397,396
3398,396
3399,396
3400,381
3401,381
3402,381
3403,381
3404,381
3405,392
3406,392
3407,392
3408,392
3409,392
3410,386
3411,386
3412,386
3413,386
3414,386
3415,393
3416,393
3417,393
3418,393
3419,393
3420,391
3421,391
3422,391
3423,391
3424,391
3425,393
3426,393
3427,393
3428,393
3429,393
3430,396
3431,396
3432,396
3433,396
3434,396
3435,392
3436,392
3437,392
3438,392
3439,392
3440,401
3441,401
3442,401
3443,401
3444,401
3445,386
3446,386
3447,386
3448,386
3449,386
3450,392
3451,392
3452,392
3453,392
3454,392
3455,382
3456,382
3457,382
3458,382
3459,382
3460,391
3461,391
3462,391
3463,391
3464,391
3465,385
3466,385
3467,385
3468,385
3469,385
3470,390
3471,390
3472,390
3473,390
3474,390
3475,389
3476,389
3477,389
3478,389
3479,389
3480,388
3481,388
3482,388
3483,388
3484,388
3485,391
3486,391
3487,391
3488,391
3489,391
3490,385
3491,385
3492,385
3493,385
3494,385
3495,391
3496,391
3497,391
3498,391
3499,391
3500,374
3501,374
3502,374
3503,374
3504,374
3505,384
3506,384
3507,384
3508,384
3509,384
3510,375
3511,375
3512,375
3513,375
3514,375
3515,382
3516,382
3517,382
3518,382
3519,382
3520,377
3521,377
3522,377
3523,377
3524,377
3525,379
3526,379
3527,379
3528,379
3529,379
3530,378
3531,378
3532,378
3533,378
3534,378
3535,374
3536,374
3537,374
3538,374
3539,374
3540,379
3541,379
3542,379
3543,379
3544,379
3545,367
3546,367
3547,367
3548,367
3549,367
3550,374
3551,374
3552,374
3553,374
3554,374
3555,361
3556,361
3557,361
3558,361
3559,361
3560,370
3561,370
3562,370
3563,370
3564,370
3565,362
3566,362
3567,362
3568,362
3569,362
3570,366
3571,366
3572,366
3573,366
3574,366
3575,361
3576,361
3577,361
3578,361
3579,361
3580,359
3581,359
3582,359
3583,359
3584,359
3585,360
3586,360
3587,360
3588,360
3589,360
3590,350
3591,350
3592,350
3593,350
3594,350
3595,356
3596,356
3597,356
3598,356
3599,356
3600,344
3601,344
3602,344
3603,344
3604,344
3605,356
3606,356
3607,356
3608,356
3609,356
3610,343
3611,343
3612,343
3613,343
3614,343
3615,349
3616,349
3617,349
3618,349
3619,349
3620,341
3621,341
3622,341
3623,341
3624,341
3625,341
3626,341
3627,341
3628,341
3629,341
3630,337
3631,337
3632,337
3633,337
3634,337
3635,331
3636,331
3637,331
3638,331
3639,331
3640,332
3641,332
3642,332
3643,332
3644,332
3645,317
3646,317
3647,317
3648,317
3649,317
3650,332
3651,332
3652,332
3653,332
3654,332
3655,322
3656,322
3657,322
3658,322
3659,322
3660,330
3661,330
3662,330
3663,330
3664,330
3665,318
3666,318
3667,318
3668,318
3669,318
3670,321
3671,321
3672,321
3673,321
3674,321
3675,312
3676,312
3677,312
3678,312
3679,312
3680,309
3681,309
3682,309
3683,309
3684,309
3685,305
3686,305
3687,305
3688,305
3689,305
3690,293
3691,293
3692,293
3693,293
3694,293
3695,298
3696,298
3697,298
3698,298
3699,298
3700,290
3701,290
3702,290
3703,290
3704,290
3705,305
3706,305
3707,305
3708,305
3709,305
3710,295
3711,295
3712,295
3713,295
3714,295
3715,300
3716,300
3717,300
3718,300
3719,300
3720,288
3721,288
3722,288
3723,288
3724,288
3725,287
3726,287
3727,287
3728,287
3729,287
3730,279
3731,279
3732,279
3733,279
3734,279
3735,270
3736,270
3737,270
3738,270
3739,270
3740,269
3741,269
3742,269
3743,269
3744,269
3745,258
3746,258
3747,258
3748,258
3749,258
3750,270
3751,270
3752,270
3753,270
3754,270
3755,262
3756,262
3757,262
3758,262
3759,262
3760,276
3761,276
3762,276
3763,276
3764,276
3765,264
3766,264
3767,264
3768,264
3769,264
3770,266
3771,266
3772,266
3773,266
3774,266
3775,255
3776,255
3777,255
3778,255
3779,255
3780,250
3781,250
3782,250
3783,250
3784,250
3785,244
3786,244
3787,244
3788,244
3789,244
3790,231
3791,231
3792,231
3793,231
3794,231
3795,238
3796,238
3797,238
3798,238
3799,238
3800,232
3801,232
3802,232
3803,232
3804,232
3805,242
3806,242
3807,242
3808,242
3809,242
3810,235
3811,235
3812,235
3813,235
3814,235
3815,247
3816,247
3817,247
3818,247
3819,247
3820,234
3821,234
3822,234
3823,234
3824,234
3825,234
3826,234
3827,234
3828,234
3829,234
3830,224
3831,224
3832,224
3833,224
3834,224
3835,215
3836,215
3837,215
3838,215
3839,215
3840,211
3841,211
3842,211
3843,211
3844,211
3845,206
3846,206
3847,206
3848,206
3849,206
3850,215
3851,215
3852,215
3853,215
3854,215
3855,209
3856,209
3857,209
3858,209
3859,209
3860,220
3861,220
3862,220
3863,220
3864,220
3865,214
3866,214
3867,214
3868,214
3869,214
3870,223
3871,223
3872,223
3873,223
3874,223
3875,210
3876,210
3877,210
3878,210
3879,210
3880,207
3881,207
3882,207
3883,207
3884,207
3885,199
3886,199
3887,199
3888,199
3889,199
3890,188
3891,188
3892,188
3893,188
3894,188
3895,196
3896,196
3897,196
3898,196
3899,196
3900,191
3901,191
3902,191
3903,191
3904,191
3905,201
3906,201
3907,201
3908,201
3909,201
3910,197
3911,197
3912,197
3913,197
3914,197
3915,209
3916,209
3917,209
3918,209
3919,209
3920,204
3921,204
3922,204
3923,204
3924,204
3925,207
3926,207
3927,207
3928,207
3929,207
3930,198
3931,198
3932,198
3933,198
3934,198
3935,192
3936,192
3937,192
3938,192
3939,192
3940,189
3941,189
3942,189
3943,189
3944,189
3945,185
3946,185
3947,185
3948,185
3949,185
3950,195
3951,195
3952,195
3953,195
3954,195
3955,191
3956,191
3957,191
3958,191
3959,191
3960,203
3961,203
3962,203
3963,203
3964,203
3965,199
3966,199
3967,199
3968,199
3969,199
3970,212
3971,212
3972,212
3973,212
3974,212
3975,204
3976,204
3977,204
3978,204
3979,204
3980,204
3981,204
3982,204
3983,204
3984,204
3985,198
3986,198
3987,198
3988,198
3989,198
3990,189
3991,189
3992,189
3993,189
3994,189
3995,197
3996,197
3997,197
3998,197
3999,197
4000,195
4001,195
4002,195
4003,195
4004,195
4005,207
4006,207
4007,207
4008,207
4009,207
4010,205
4011,205
4012,205
4013,205
4014,205
4015,219
4016,219
4017,219
4018,219
4019,219
4020,217
4021,217
4022,217
4023,217
4024,217
4025,225
4026,225
4027,225
4028,225
4029,225
4030,217
4031,217
4032,217
4033,217
4034,217
4035,216
4036,216
4037,216
4038,216
4039,216
4040,214
4041,214
4042,214
4043,214
4044,214
4045,206
4046,206
4047,206
4048,206
4049,206
4050,219
4051,219
4052,219
4053,219
4054,219
4055,218
4056,218
4057,218
4058,218
4059,218
4060,234
4061,234
4062,234
4063,234
4064,234
4065,232
4066,232
4067,232
4068,232
4069,232
4070,248
4071,248
4072,248
4073,248
4074,248
4075,240
4076,240
4077,240
4078,240
4079,240
4080,245
4081,245
4082,245
4083,245
4084,245
4085,240
4086,240
4087,240
4088,240
4089,240
4090,238
4091,238
4092,238
4093,238
4094,238
4095,240
4096,240
4097,240
4098,240
4099,240
4100,234
4101,234
4102,234
4103,234
4104,234
4105,252
4106,252
4107,252
4108,252
4109,252
4110,251
4111,251
4112,251
4113,251
4114,251
4115,269
4116,269
4117,269
4118,269
4119,269
4120,266
4121,266
4122,266
4123,266
4124,266
4125,275
4126,275
4127,275
4128,275
4129,275
4130,269
4131,269
4132,269
4133,269
4134,269
4135,272
4136,272
4137,272
4138,272
4139,272
4140,272
4141,272
4142,272
4143,272
4144,272
4145,269
4146,269
4147,269
4148,269
4149,269
4150,275
4151,275
4152,275
4153,275
4154,275
4155,270
4156,270
4157,270
4158,270
4159,270
4160,290
4161,290
4162,290
4163,290
4164,290
4165,288
4166,288
4167,288
4168,288
4169,288
4170,303
4171,303
4172,303
4173,303
4174,303
4175,296
4176,296
4177,296
4178,296
4179,296
4180,303
4181,303
4182,303
4183,303
4184,303
4185,301
4186,301
4187,301
4188,301
4189,301
4190,303
4191,303
4192,303
4193,303
4194,303
4195,306
4196,306
4197,306
4198,306
4199,306
4200,301
4201,301
4202,301
4203,301
4204,301
4205,311
4206,311
4207,311
4208,311
4209,311
4210,306
4211,306
4212,306
4213,306
4214,306
4215,328
4216,328
4217,328
4218,328
4219,328
4220,319
4221,319
4222,319
4223,319
4224,319
4225,330
4226,330
4227,330
4228,330
4229,330
4230,325
4231,325
4232,325
4233,325
4234,325
4235,332
4236,332
4237,332
4238,332
4239,332
4240,332
4241,332
4242,332
4243,332
4244,332
4245,333
4246,333
4247,333
4248,333
4249,333
4250,338
4251,338
4252,338
4253,338
4254,338
4255,331
4256,331
4257,331
4258,331
4259,331
4260,345
4261,345
4262,345
4263,345
4264,345
4265,338
4266,338
4267,338
4268,338
4269,338
4270,352
4271,352
4272,352
4273,352
4274,352
4275,345
4276,345
4277,345
4278,345
4279,345
4280,354
4281,354
4282,354
4283,354
4284,354
4285,352
4286,352
4287,352
4288,352
4289,352
4290,357
4291,357
4292,357
4293,357
4294,357
4295,359
4296,359
4297,359
4298,359
4299,359
4300,358
4301,358
4302,358
4303,358
4304,358
4305,366
4306,366
4307,366
4308,366
4309,366
4310,357
4311,357
4312,357
4313,357
4314,357
4315,369
4316,369
4317,369
4318,369
4319,369
4320,360
4321,360
4322,360
4323,360
4324,360
4325,371
4326,371
4327,371
4328,371
4329,371
4330,366
4331,366
4332,366
4333,366
4334,366
4335,373
4336,373
4337,373
4338,373
4339,373
4340,373
4341,373
4342,373
4343,373
4344,373
4345,375
4346,375
4347,375
4348,375
4349,375
4350,380
4351,380
4352,380
4353,380
4354,380
4355,376
4356,376
4357,376
4358,376
4359,376
4360,386
4361,386
4362,386
4363,386
4364,386
4365,372
4366,372
4367,372
4368,372
4369,372
4370,383
4371,383
4372,383
4373,383
4374,383
4375,375
4376,375
4377,375
4378,375
4379,375
4380,385
4381,385
4382,385
4383,385
4384,385
4385,382
4386,382
4387,382
4388,382
4389,382
4390,387
4391,387
4392,387
4393,387
4394,387
4395,388
4396,388
4397,388
4398,388
4399,388
4400,388
4401,388
4402,388
4403,388
4404,388
4405,395
4406,395
4407,395
4408,395
4409,395
4410,388
4411,388
4412,388
4413,388
4414,388
4415,394
4416,394
4417,394
4418,394
4419,394
4420,380
4421,380
4422,380
4423,380
4424,380
4425,391
4426,391
4427,391
4428,391
4429,391
4430,385
4431,385
4432,385
4433,385
4434,385
4435,392
4436,392
4437,392
4438,392
4439,392
4440,390
4441,390
4442,390
4443,390
4444,390
4445,392
4446,392
4447,392
4448,392
4449,392
4450,396
4451,396
4452,396
4453,396
4454,396
4455,392
4456,392
4457,392
4458,392
4459,392
4460,400
4461,400
4462,400
4463,400
4464,400
4465,387
4466,387
4467,387
4468,387
4469,387
4470,392
4471,392
4472,392
4473,392
4474,392
4475,383
4476,383
4477,383
4478,383
4479,383
4480,393
4481,393
4482,393
4483,393
4484,393
4485,388
4486,388
4487,388
4488,388
4489,388
4490,392
4491,392
4492,392
4493,392
4494,392
4495,392
4496,392
4497,392
4498,392
4499,392
4500,391
4501,391
4502,391
4503,391
4504,391
4505,396
4506,396
4507,396
4508,396
4509,396
4510,389
4511,389
4512,389
4513,389
4514,389
4515,396
4516,396
4517,396
4518,396
4519,396
4520,379
4521,379
4522,379
4523,379
4524,379
4525,389
4526,389
4527,389
4528,389
4529,389
4530,380
4531,380
4532,380
4533,380
4534,380
4535,387
4536,387
4537,387
4538,387
4539,387
4540,383
4541,383
4542,383
4543,383
4544,383
4545,385
4546,385
4547,385
4548,385
4549,385
4550,386
4551,386
4552,386
4553,386
4554,386
4555,382
4556,382
4557,382
4558,382
4559,382
4560,387
4561,387
4562,387
4563,387
4564,387
4565,376
4566,376
4567,376
4568,376
4569,376
4570,381
4571,381
4572,381
4573,381
4574,381
4575,369
4576,369
4577,369
4578,369
4579,369
4580,378
4581,378
4582,378
4583,378
4584,378
4585,370
4586,370
4587,370
4588,370
4589,370
4590,374
4591,374
4592,374
4593,374
4594,374
4595,371
4596,371
4597,371
4598,371
4599,371
4600,369
4601,369
4602,369
4603,369
4604,369
4605,370
4606,370
4607,370
4608,370
4609,370
4610,363
4611,363
4612,363
4613,363
4614,363
4615,369
4616,369
4617,369
4618,369
4619,369
4620,354
4621,354
4622,354
4623,354
4624,354
4625,365
4626,365
4627,365
4628,365
4629,365
4630,353
4631,353
4632,353
4633,353
4634,353
4635,360
4636,360
4637,360
4638,360
4639,360
4640,352
4641,352
4642,352
4643,352
4644,352
4645,353
4646,353
4647,353
4648,353
4649,353
4650,350
4651,350
4652,350
4653,350
4654,350
4655,344
4656,344
4657,344
4658,344
4659,344
4660,346
4661,346
4662,346
4663,346
4664,346
4665,332
4666,332
4667,332
4668,332
4669,332
4670,346
4671,346
4672,346
4673,346
4674,346
4675,334
4676,334
4677,334
4678,334
4679,334
4680,343
4681,343
4682,343
4683,343
4684,343
4685,331
4686,331
4687,331
4688,331
4689,331
4690,334
4691,334
4692,334
4693,334
4694,334
4695,327
4696,327
4697,327
4698,327
4699,327
4700,324
4701,324
4702,324
4703,324
4704,324
4705,322
4706,322
4707,322
4708,322
4709,322
4710,310
4711,310
4712,310
4713,310
4714,310
4715,315
4716,315
4717,315
4718,315
4719,315
4720,305
4721,305
4722,305
4723,305
4724,305
4725,322
4726,322
4727,322
4728,322
4729,322
4730,309
4731,309
4732,309
4733,309
4734,309
4735,315
4736,315
4737,315
4738,315
4739,315
4740,303
4741,303
4742,303
4743,303
4744,303
4745,303
4746,303
4747,303
4748,303
4749,303
4750,296
4751,296
4752,296
4753,296
4754,296
4755,288
4756,288
4757,288
4758,288
4759,288
4760,286
4761,286
4762,286
4763,286
4764,286
4765,274
4766,274
4767,274
4768,274
4769,274
4770,287
4771,287
4772,287
4773,287
4774,287
4775,279
4776,279
4777,279
4778,279
4779,279
4780,293
4781,293
4782,293
4783,293
4784,293
4785,279
4786,279
4787,279
4788,279
4789,279
4790,282
4791,282
4792,282
4793,282
4794,282
4795,271
4796,271
4797,271
4798,271
4799,271
4800,266
4801,266
4802,266
4803,266
4804,266
4805,260
4806,260
4807,260
4808,260
4809,260
4810,247
4811,247
4812,247
4813,247
4814,247
4815,254
4816,254
4817,254
4818,254
4819,254
4820,247
4821,247
4822,247
4823,247
4824,247
4825,258
4826,258
4827,258
4828,258
4829,258
4830,250
4831,250
4832,250
4833,250
4834,250
4835,262
4836,262
4837,262
4838,262
4839,262
4840,247
4841,247
4842,247
4843,247
4844,247
4845,247
4846,247
4847,247
4848,247
4849,247
4850,238
4851,238
4852,238
4853,238
4854,238
4855,228
4856,228
4857,228
4858,228
4859,228
4860,225
4861,225
4862,225
4863,225
4864,225
4865,217
4866,217
4867,217
4868,217
4869,217
4870,227
4871,227
4872,227
4873,227
4874,227
4875,221
4876,221
4877,221
4878,221
4879,221
4880,231
4881,231
4882,231
4883,231
4884,231
4885,224
4886,224
4887,224
4888,224
4889,224
4890,233
4891,233
4892,233
4893,233
4894,233
4895,220
4896,220
4897,220
4898,220
4899,220
4900,216
4901,216
4902,216
4903,216
4904,216
4905,209
4906,209
4907,209
4908,209
4909,209
4910,197
4911,197
4912,197
4913,197
4914,197
4915,204
4916,204
4917,204
4918,204
4919,204
4920,198
4921,198
4922,198
4923,198
4924,198
4925,208
4926,208
4927,208
4928,208
4929,208
4930,204
4931,204
4932,204
4933,204
4934,204
4935,214
4936,214
4937,214
4938,214
4939,214
4940,208
4941,208
4942,208
4943,208
4944,208
4945,211
4946,211
4947,211
4948,211
4949,211
4950,200
4951,200
4952,200
4953,200
4954,200
4955,194
4956,194
4957,194
4958,194
4959,194
4960,190
4961,190
4962,190
4963,190
4964,190
4965,185
4966,185
4967,185
4968,185
4969,185
4970,195
4971,195
4972,195
4973,195
4974,195
4975,192
4976,192
4977,192
4978,192
4979,192
4980,203
4981,203
4982,203
4983,203
4984,203
4985,199
4986,199
4987,199
4988,199
4989,199
4990,212
4991,212
4992,212
4993,212
4994,212
4995,202
4996,202
4997,202
4998,202
4999,202
5000,201
5001,201
5002,201
5003,201
5004,201
5005,194
5006,194
5007,194
5008,194
5009,194
5010,185
5011,185
5012,185
5013,185
5014,185
5015,192
5016,192
5017,192
5018,192
5019,192
5020,189
5021,189
5022,189
5023,189
5024,189
5025,200
5026,200
5027,200
5028,200
5029,200
5030,197
5031,197
5032,197
5033,197
5034,197
5035,211
5036,211
5037,211
5038,211
5039,211
5040,209
5041,209
5042,209
5043,209
5044,209
5045,216
5046,216
5047,216
5048,216
5049,216
5050,207
5051,207
5052,207
5053,207
5054,207
5055,205
5056,205
5057,205
5058,205
5059,205
5060,202
5061,202
5062,202
5063,202
5064,202
5065,195
5066,195
5067,195
5068,195
5069,195
5070,208
5071,208
5072,208
5073,208
5074,208
5075,206
5076,206
5077,206
5078,206
5079,206
5080,220
5081,220
5082,220
5083,220
5084,220
5085,218
5086,218
5087,218
5088,218
5089,218
5090,235
5091,235
5092,235
5093,235
5094,235
5095,227
5096,227
5097,227
5098,227
5099,227
5100,231
5101,231
5102,231
5103,231
5104,231
5105,227
5106,227
5107,227
5108,227
5109,227
5110,223
5111,223
5112,223
5113,223
5114,223
5115,224
5116,224
5117,224
5118,224
5119,224
5120,220
5121,220
5122,220
5123,220
5124,220
5125,236
5126,236
5127,236
5128,236
5129,236
5130,235
5131,235
5132,235
5133,235
5134,235
5135,253
5136,253
5137,253
5138,253
5139,253
5140,250
5141,250
5142,250
5143,250
5144,250
5145,261
5146,261
5147,261
5148,261
5149,261
5150,253
5151,253
5152,253
5153,253
5154,253
5155,256
5156,256
5157,256
5158,256
5159,256
5160,255
5161,255
5162,255
5163,255
5164,255
5165,250
5166,250
5167,250
5168,250
5169,250
5170,257
5171,257
5172,257
5173,257
5174,257
5175,254
5176,254
5177,254
5178,254
5179,254
5180,273
5181,273
5182,273
5183,273
5184,273
5185,271
5186,271
5187,271
5188,271
5189,271
5190,289
5191,289
5192,289
5193,289
5194,289
5195,280
5196,280
5197,280
5198,280
5199,280
5200,288
5201,288
5202,288
5203,288
5204,288
5205,284
5206,284
5207,284
5208,284
5209,284
5210,286
5211,286
5212,286
5213,286
5214,286
5215,289
5216,289
5217,289
5218,289
5219,289
5220,284
5221,284
5222,284
5223,284
5224,284
5225,294
5226,294
5227,294
5228,294
5229,294
5230,291
5231,291
5232,291
5233,291
5234,291
5235,312
5236,312
5237,312
5238,312
5239,312
5240,305
5241,305
5242,305
5243,305
5244,305
5245,317
5246,317
5247,317
5248,317
5249,317
5250,311
5251,311
5252,311
5253,311
5254,311
5255,317
5256,317
5257,317
5258,317
5259,317
5260,317
5261,317
5262,317
5263,317
5264,317
5265,317
5266,317
5267,317
5268,317
5269,317
5270,323
5271,323
5272,323
5273,323
5274,323
5275,315
5276,315
5277,315
5278,315
5279,315
5280,330
5281,330
5282,330
5283,330
5284,330
5285,326
5286,326
5287,326
5288,326
5289,326
5290,341
5291,341
5292,341
5293,341
5294,341
5295,332
5296,332
5297,332
5298,332
5299,332
5300,343
5301,343
5302,343
5303,343
5304,343
5305,340
5306,340
5307,340
5308,340
5309,340
5310,344
5311,344
5312,344
5313,344
5314,344
5315,347
5316,347
5317,347
5318,347
5319,347
5320,345
5321,345
5322,345
5323,345
5324,345
5325,353
5326,353
5327,353
5328,353
5329,353
5330,343
5331,343
5332,343
5333,343
5334,343
5335,359
5336,359
5337,359
5338,359
5339,359
5340,350
5341,350
5342,350
5343,350
5344,350
5345,362
5346,362
5347,362
5348,362
5349,362
5350,357
5351,357
5352,357
5353,357
5354,357
5355,364
5356,364
5357,364
5358,364
5359,364
5360,364
5361,364
5362,364
5363,364
5364,364
5365,366
5366,366
5367,366
5368,366
5369,366
5370,371
5371,371
5372,371
5373,371
5374,371
5375,367
5376,367
5377,367
5378,367
5379,367
5380,378
5381,378
5382,378
5383,378
5384,378
5385,364
5386,364
5387,364
5388,364
5389,364
5390,377
5391,377
5392,377
5393,377
5394,377
5395,369
5396,369
5397,369
5398,369
5399,369
5400,379
5401,379
5402,379
5403,379
5404,379
5405,376
5406,376
5407,376
5408,376
5409,376
5410,381
5411,381
5412,381
5413,381
5414,381
5415,382
5416,382
5417,382
5418,382
5419,382
5420,382
5421,382
5422,382
5423,382
5424,382
5425,389
5426,389
5427,389
5428,389
5429,389
5430,383
5431,383
5432,383
5433,383
5434,383
5435,390
5436,390
5437,390
5438,390
5439,390
5440,376
5441,376
5442,376
5443,376
5444,376
5445,388
5446,388
5447,388
5448,388
5449,388
5450,382
5451,382
5452,382
5453,382
5454,382
5455,390
5456,390
5457,390
5458,390
5459,390
5460,388
5461,388
5462,388
5463,388
5464,388
5465,390
5466,390
5467,390
5468,390
5469,390
5470,394
5471,394
5472,394
5473,394
5474,394
5475,392
5476,392
5477,392
5478,392
5479,392
5480,400
5481,400
5482,400
5483,400
5484,400
5485,387
5486,387
5487,387
5488,387
5489,387
5490,393
5491,393
5492,393
5493,393
5494,393
5495,383
5496,383
5497,383
5498,383
5499,383
5500,392
5501,392
5502,392
5503,392
5504,392
5505,388
5506,388
5507,388
5508,388
5509,388
5510,393
5511,393
5512,393
5513,393
5514,393
5515,393
5516,393
5517,393
5518,393
5519,393
5520,393
5521,393
5522,393
5523,393
5524,393
5525,398
5526,398
5527,398
5528,398
5529,398
5530,392
5531,392
5532,392
5533,392
5534,392
5535,399
5536,399
5537,399
5538,399
5539,399
5540,382
5541,382
5542,382
5543,382
5544,382
5545,392
5546,392
5547,392
5548,392
5549,392
5550,384
5551,384
5552,384
5553,384
5554,384
5555,391
5556,391
5557,391
5558,391
5559,391
5560,387
5561,387
5562,387
5563,387
5564,387
5565,390
5566,390
5567,390
5568,390
5569,390
5570,390
5571,390
5572,390
5573,390
5574,390
5575,387
5576,387
5577,387
5578,387
5579,387
5580,393
5581,393
5582,393
5583,393
5584,393
5585,383
5586,383
5587,383
5588,383
5589,383
5590,387
5591,387
5592,387
5593,387
5594,387
5595,374
5596,374
5597,374
5598,374
5599,374
5600,384
5601,384
5602,384
5603,384
5604,384
5605,376
5606,376
5607,376
5608,376
5609,376
5610,381
5611,381
5612,381
5613,381
5614,381
5615,378
5616,378
5617,378
5618,378
5619,378
5620,378
5621,378
5622,378
5623,378
5624,378
5625,379
5626,379
5627,379
5628,379
5629,379
5630,372
5631,372
5632,372
5633,372
5634,372
5635,380
5636,380
5637,380
5638,380
5639,380
5640,363
5641,363
5642,363
5643,363
5644,363
5645,373
5646,373
5647,373
5648,373
5649,373
5650,362
5651,362
5652,362
5653,362
5654,362
5655,369
5656,369
5657,369
5658,369
5659,369
5660,362
5661,362
5662,362
5663,362
5664,362
5665,364
5666,364
5667,364
5668,364
5669,364
5670,362
5671,362
5672,362
5673,362
5674,362
5675,358
5676,358
5677,358
5678,358
5679,358
5680,360
5681,360
5682,360
5683,360
5684,360
5685,347
5686,347
5687,347
5688,347
5689,347
5690,358
5691,358
5692,358
5693,358
5694,358
5695,345
5696,345
5697,345
5698,345
5699,345
5700,354
5701,354
5702,354
5703,354
5704,354
5705,343
5706,343
5707,343
5708,343
5709,343
5710,347
5711,347
5712,347
5713,347
5714,347
5715,341
5716,341
5717,341
5718,341
5719,341
5720,338
5721,338
5722,338
5723,338
5724,338
5725,337
5726,337
5727,337
5728,337
5729,337
5730,327
5731,327
5732,327
5733,327
5734,327
5735,331
5736,331
5737,331
5738,331
5739,331
5740,320
5741,320
5742,320
5743,320
5744,320
5745,336
5746,336
5747,336
5748,336
5749,336
5750,322
5751,322
5752,322
5753,322
5754,322
5755,329
5756,329
5757,329
5758,329
5759,329
5760,318
5761,318
5762,318
5763,318
5764,318
5765,318
5766,318
5767,318
5768,318
5769,318
5770,312
5771,312
5772,312
5773,312
5774,312
5775,305
5776,305
5777,305
5778,305
5779,305
5780,304
5781,304
5782,304
5783,304
5784,304
5785,290
5786,290
5787,290
5788,290
5789,290
5790,303
5791,303
5792,303
5793,303
5794,303
5795,295
5796,295
5797,295
5798,295
5799,295
5800,308
5801,308
5802,308
5803,308
5804,308
5805,294
5806,294
5807,294
5808,294
5809,294
5810,297
5811,297
5812,297
5813,297
5814,297
5815,286
5816,286
5817,286
5818,286
5819,286
5820,283
5821,283
5822,283
5823,283
5824,283
5825,277
5826,277
5827,277
5828,277
5829,277
5830,265
5831,265
5832,265
5833,265
5834,265
5835,269
5836,269
5837,269
5838,269
5839,269
5840,262
5841,262
5842,262
5843,262
5844,262
5845,274
5846,274
5847,274
5848,274
5849,274
5850,267
5851,267
5852,267
5853,267
5854,267
5855,277
5856,277
5857,277
5858,277
5859,277
5860,262
5861,262
5862,262
5863,262
5864,262
5865,262
5866,262
5867,262
5868,262
5869,262
5870,252
5871,252
5872,252
5873,252
5874,252
5875,244
5876,244
5877,244
5878,244
5879,244
5880,240
5881,240
5882,240
5883,240
5884,240
5885,230
5886,230
5887,230
5888,230
5889,230
5890,242
5891,242
5892,242
5893,242
5894,242
5895,234
5896,234
5897,234
5898,234
5899,234
5900,246
5901,246
5902,246
5903,246
5904,246
5905,239
5906,239
5907,239
5908,239
5909,239
5910,244
5911,244
5912,244
5913,244
5914,244
5915,232
5916,232
5917,232
5918,232
5919,232
5920,228
5921,228
5922,228
5923,228
5924,228
5925,220
5926,220
5927,220
5928,220
5929,220
5930,208
5931,208
5932,208
5933,208
5934,208
5935,214
5936,214
5937,214
5938,214
5939,214
5940,208
5941,208
5942,208
5943,208
5944,208
5945,218
5946,218
5947,218
5948,218
5949,218
5950,212
5951,212
5952,212
5953,212
5954,212
5955,223
5956,223
5957,223
5958,223
5959,223
5960,217
5961,217
5962,217
5963,217
5964,217
5965,218
5966,218
5967,218
5968,218
5969,218
5970,207
5971,207
5972,207
5973,207
5974,207
5975,199
5976,199
5977,199
5978,199
5979,199
5980,195
5981,195
5982,195
5983,195
5984,195
5985,189
5986,189
5987,189
5988,189
5989,189
5990,199
5991,199
5992,199
5993,199
5994,199
5995,194
5996,194
5997,194
5998,194
5999,194
6000,204
6001,204
6002,204
6003,204
6004,204
6005,200
6006,200
6007,200
6008,200
6009,200
6010,212
6011,212
6012,212
6013,212
6014,212
6015,203
6016,203
6017,203
6018,203
6019,203
6020,202
6021,202
6022,202
6023,202
6024,202
6025,195
6026,195
6027,195
6028,195
6029,195
6030,185
6031,185
6032,185
6033,185
6034,185
6035,190
6036,190
6037,190
6038,190
6039,190
6040,187
6041,187
6042,187
6043,187
6044,187
6045,198
6046,198
6047,198
6048,198
6049,198
6050,194
6051,194
6052,194
6053,194
6054,194
6055,206
6056,206
6057,206
6058,206
6059,206
6060,202
6061,202
6062,202
6063,202
6064,202
6065,211
6066,211
6067,211
6068,211
6069,211
6070,201
6071,201
6072,201
6073,201
6074,201
6075,198
6076,198
6077,198
6078,198
6079,198
6080,195
6081,195
6082,195
6083,195
6084,195
6085,188
6086,188
6087,188
6088,188
6089,188
6090,199
6091,199
6092,199
6093,199
6094,199
6095,197
6096,197
6097,197
6098,197
6099,197
6100,210
6101,210
6102,210
6103,210
6104,210
6105,208
6106,208
6107,208
6108,208
6109,208
6110,223
6111,223
6112,223
6113,223
6114,223
6115,216
6116,216
6117,216
6118,216
6119,216
6120,220
6121,220
6122,220
6123,220
6124,220
6125,214
6126,214
6127,214
6128,214
6129,214
6130,210
6131,210
6132,210
6133,210
6134,210
6135,211
6136,211
6137,211
6138,211
6139,211
6140,208
6141,208
6142,208
6143,208
6144,208
6145,223
6146,223
6147,223
6148,223
6149,223
6150,220
6151,220
6152,220
6153,220
6154,220
6155,237
6156,237
6157,237
6158,237
6159,237
6160,236
6161,236
6162,236
6163,236
6164,236
6165,246
6166,246
6167,246
6168,246
6169,246
6170,238
6171,238
6172,238
6173,238
6174,238
6175,240
6176,240
6177,240
6178,240
6179,240
6180,239
6181,239
6182,239
6183,239
6184,239
6185,233
6186,233
6187,233
6188,233
6189,233
6190,240
6191,240
6192,240
6193,240
6194,240
6195,239
6196,239
6197,239
6198,239
6199,239
6200,257
6201,257
6202,257
6203,257
6204,257
6205,254
6206,254
6207,254
6208,254
6209,254
6210,273
6211,273
6212,273
6213,273
6214,273
6215,265
6216,265
6217,265
6218,265
6219,265
6220,273
6221,273
6222,273
6223,273
6224,273
6225,268
6226,268
6227,268
6228,268
6229,268
6230,269
6231,269
6232,269
6233,269
6234,269
6235,272
6236,272
6237,272
6238,272
6239,272
6240,264
6241,264
6242,264
6243,264
6244,264
6245,278
6246,278
6247,278
6248,278
6249,278
6250,275
6251,275
6252,275
6253,275
6254,275
6255,296
6256,296
6257,296
6258,296
6259,296
6260,290
6261,290
6262,290
6263,290
6264,290
6265,302
6266,302
6267,302
6268,302
6269,302
6270,296
6271,296
6272,296
6273,296
6274,296
6275,302
6276,302
6277,302
6278,302
6279,302
6280,301
6281,301
6282,301
6283,301
6284,301
6285,300
6286,300
6287,300
6288,300
6289,300
6290,306
6291,306
6292,306
6293,306
6294,306
6295,298
6296,298
6297,298
6298,298
6299,298
6300,315
6301,315
6302,315
6303,315
6304,315
6305,312
6306,312
6307,312
6308,312
6309,312
6310,328
6311,328
6312,328
6313,328
6314,328
6315,319
6316,319
6317,319
6318,319
6319,319
6320,329
6321,329
6322,329
6323,329
6324,329
6325,326
6326,326
6327,326
6328,326
6329,326
6330,330
6331,330
6332,330
6333,330
6334,330
6335,333
6336,333
6337,333
6338,333
6339,333
6340,331
6341,331
6342,331
6343,331
6344,331
6345,338
6346,338
6347,338
6348,338
6349,338
6350,329
6351,329
6352,329
6353,329
6354,329
6355,348
6356,348
6357,348
6358,348
6359,348
6360,339
6361,339
6362,339
6363,339
6364,339
6365,351
6366,351
6367,351
6368,351
6369,351
6370,346
6371,346
6372,346
6373,346
6374,346
6375,354
6376,354
6377,354
6378,354
6379,354
6380,353
6381,353
6382,353
6383,353
6384,353
6385,355
6386,355
6387,355
6388,355
6389,355
6390,360
6391,360
6392,360
6393,360
6394,360
6395,355
6396,355
6397,355
6398,355
6399,355
6400,366
6401,366
6402,366
6403,366
6404,366
6405,355
6406,355
6407,355
6408,355
6409,355
6410,368
6411,368
6412,368
6413,368
6414,368
6415,361
6416,361
6417,361
6418,361
6419,361
6420,371
6421,371
6422,371
6423,371
6424,371
6425,368
6426,368
6427,368
6428,368
6429,368
6430,374
6431,374
6432,374
6433,374
6434,374
6435,375
6436,375
6437,375
6438,375
6439,375
6440,374
6441,374
6442,374
6443,374
6444,374
6445,382
6446,382
6447,382
6448,382
6449,382
6450,375
6451,375
6452,375
6453,375
6454,375
6455,384
6456,384
6457,384
6458,384
6459,384
6460,371
6461,371
6462,371
6463,371
6464,371
6465,383
6466,383
6467,383
6468,383
6469,383
6470,378
6471,378
6472,378
6473,378
6474,378
6475,385
6476,385
6477,385
6478,385
6479,385
6480,384
6481,384
6482,384
6483,384
6484,384
6485,387
6486,387
6487,387
6488,387
6489,387
6490,390
6491,390
6492,390
6493,390
6494,390
6495,388
6496,388
6497,388
6498,388
6499,388
6500,396
6501,396
6502,396
6503,396
6504,396
6505,384
6506,384
6507,384
6508,384
6509,384
6510,390
6511,390
6512,390
6513,390
6514,390
6515,381
6516,381
6517,381
6518,381
6519,381
6520,391
6521,391
6522,391
6523,391
6524,391
6525,387
6526,387
6527,387
6528,387
6529,387
6530,393
6531,393
6532,393
6533,393
6534,393
6535,392
6536,392
6537,392
6538,392
6539,392
6540,393
6541,393
6542,393
6543,393
6544,393
6545,398
6546,398
6547,398
6548,398
6549,398
6550,391
6551,391
6552,391
6553,391
6554,391
6555,398
6556,398
6557,398
6558,398
6559,398
6560,382
6561,382
6562,382
6563,382
6564,382
6565,392
6566,392
6567,392
6568,392
6569,392
6570,385
6571,385
6572,385
6573,385
6574,385
6575,392
6576,392
6577,392
6578,392
6579,392
6580,390
6581,390
6582,390
6583,390
6584,390
6585,392
6586,392
6587,392
6588,392
6589,392
6590,394
6591,394
6592,394
6593,394
6594,394
6595,391
6596,391
6597,391
6598,391
6599,391
6600,397
6601,397
6602,397
6603,397
6604,397
6605,387
6606,387
6607,387
6608,387
6609,387
6610,391
6611,391
6612,391
6613,391
6614,391
6615,379
6616,379
6617,379
6618,379
6619,379
6620,389
6621,389
6622,389
6623,389
6624,389
6625,382
6626,382
6627,382
6628,382
6629,382
6630,387
6631,387
6632,387
6633,387
6634,387
6635,384
6636,384
6637,384
6638,384
6639,384
6640,384
6641,384
6642,384
6643,384
6644,384
6645,387
6646,387
6647,387
6648,387
6649,387
6650,380
6651,380
6652,380
6653,380
6654,380
6655,388
6656,388
6657,388
6658,388
6659,388
6660,371
6661,371
6662,371
6663,371
6664,371
6665,380
6666,380
6667,380
6668,380
6669,380
6670,370
6671,370
6672,370
6673,370
6674,370
6675,377
6676,377
6677,377
6678,377
6679,377
6680,371
6681,371
6682,371
6683,371
6684,371
6685,373
6686,373
6687,373
6688,373
6689,373
6690,372
6691,372
6692,372
6693,372
6694,372
6695,368
6696,368
6697,368
6698,368
6699,368
6700,371
6701,371
6702,371
6703,371
6704,371
6705,360
6706,360
6707,360
6708,360
6709,360
6710,368
6711,368
6712,368
6713,368
6714,368
6715,355
6716,355
6717,355
6718,355
6719,355
6720,364
6721,364
6722,364
6723,364
6724,364
6725,354
6726,354
6727,354
6728,354
6729,354
6730,359
6731,359
6732,359
6733,359
6734,359
6735,353
6736,353
6737,353
6738,353
6739,353
6740,351
6741,351
6742,351
6743,351
6744,351
6745,350
6746,350
6747,350
6748,350
6749,350
6750,341
6751,341
6752,341
6753,341
6754,341
6755,346
6756,346
6757,346
6758,346
6759,346
6760,333
6761,333
6762,333
6763,333
6764,333
6765,348
6766,348
6767,348
6768,348
6769,348
6770,334
6771,334
6772,334
6773,334
6774,334
6775,341
6776,341
6777,341
6778,341
6779,341
6780,332
6781,332
6782,332
6783,332
6784,332
6785,333
6786,333
6787,333
6788,333
6789,333
6790,327
6791,327
6792,327
6793,327
6794,327
6795,321
6796,321
6797,321
6798,321
6799,321
6800,321
6801,321
6802,321
6803,321
6804,321
6805,307
6806,307
6807,307
6808,307
6809,307
6810,318
6811,318
6812,318
6813,318
6814,318
6815,310
6816,310
6817,310
6818,310
6819,310
6820,323
6821,323
6822,323
6823,323
6824,323
6825,308
6826,308
6827,308
6828,308
6829,308
6830,312
6831,312
6832,312
6833,312
6834,312
6835,303
6836,303
6837,303
6838,303
6839,303
6840,299
6841,299
6842,299
6843,299
6844,299
6845,294
6846,294
6847,294
6848,294
6849,294
6850,283
6851,283
6852,283
6853,283
6854,283
6855,285
6856,285
6857,285
6858,285
6859,285
6860,277
6861,277
6862,277
6863,277
6864,277
6865,291
6866,291
6867,291
6868,291
6869,291
6870,283
6871,283
6872,283
6873,283
6874,283
6875,292
6876,292
6877,292
6878,292
6879,292
6880,277
6881,277
6882,277
6883,277
6884,277
6885,278
6886,278
6887,278
6888,278
6889,278
6890,268
6891,268
6892,268
6893,268
6894,268
6895,261
6896,261
6897,261
6898,261
6899,261
6900,258
6901,258
6902,258
6903,258
6904,258
6905,245
6906,245
6907,245
6908,245
6909,245
6910,257
6911,257
6912,257
6913,257
6914,257
6915,249
6916,249
6917,249
6918,249
6919,249
6920,261
6921,261
6922,261
6923,261
6924,261
6925,253
6926,253
6927,253
6928,253
6929,253
6930,258
6931,258
6932,258
6933,258
6934,258
6935,245
6936,245
6937,245
6938,245
6939,245
6940,242
6941,242
6942,242
6943,242
6944,242
6945,234
6946,234
6947,234
6948,234
6949,234
6950,222
6951,222
6952,222
6953,222
6954,222
6955,227
6956,227
6957,227
6958,227
6959,227
6960,220
6961,220
6962,220
6963,220
6964,220
6965,230
6966,230
6967,230
6968,230
6969,230
6970,224
6971,224
6972,224
6973,224
6974,224
6975,235
6976,235
6977,235
6978,235
6979,235
6980,227
6981,227
6982,227
6983,227
6984,227
6985,228
6986,228
6987,228
6988,228
6989,228
6990,217
6991,217
6992,217
6993,217
6994,217
6995,209
6996,209
6997,209
6998,209
6999,209
7000,205
