1,0
2,0
3,0
4,0
5,0
6,0
7,0
8,0
9,0
10,0
11,0
12,0
13,0
14,0
15,0
16,0
17,0
18,0
19,0
20,68
21,68
22,68
23,68
24,68
25,68
26,68
27,68
28,68
29,68
30,68
31,68
32,68
33,68
34,68
35,68
36,68
37,68
38,68
39,68
40,186
41,186
42,186
43,186
44,186
45,186
46,186
47,186
48,186
49,186
50,186
51,186
52,186
53,186
54,186
55,186
56,186
57,186
58,186
59,186
60,223
61,223
62,223
63,223
64,223
65,223
66,223
67,223
68,223
69,223
70,223
71,223
72,223
73,223
74,223
75,223
76,223
77,223
78,223
79,223
80,233
81,233
82,233
83,233
84,233
85,233
86,233
87,233
88,233
89,233
90,233
91,233
92,233
93,233
94,233
95,233
96,233
97,233
98,233
99,233
100,247
101,247
102,247
103,247
104,247
105,247
106,247
107,247
108,247
109,247
110,247
111,247
112,247
113,247
114,247
115,247
116,247
117,247
118,247
119,247
120,247
121,247
122,247
123,247
124,247
125,247
126,247
127,247
128,247
129,247
130,247
131,247
132,247
133,247
134,247
135,247
136,247
137,247
138,247
139,247
140,252
141,252
142,252
143,252
144,252
145,252
146,252
147,252
148,252
149,252
150,252
151,252
152,252
153,252
154,252
155,252
156,252
157,252
158,252
159,252
160,257
161,257
162,257
163,257
164,257
165,257
166,257
167,257
168,257
169,257
170,257
171,257
172,257
173,257
174,257
175,257
176,257
177,257
178,257
179,257
180,253
181,253
182,253
183,253
184,253
185,253
186,253
187,253
188,253
189,253
190,253
191,253
192,253
193,253
194,253
195,253
196,253
197,253
198,253
199,253
200,260
201,260
202,260
203,260
204,260
205,260
206,260
207,260
208,260
209,260
210,260
211,260
212,260
213,260
214,260
215,260
216,260
217,260
218,260
219,260
220,257
221,257
222,257
223,257
224,257
225,257
226,257
227,257
228,257
229,257
230,257
231,257
232,257
233,257
234,257
235,257
236,257
237,257
238,257
239,257
240,258
241,258
242,258
243,258
244,258
245,258
246,258
247,258
248,258
249,258
250,258
251,258
252,258
253,258
254,258
255,258
256,258
257,258
258,258
259,258
260,262
261,262
262,262
263,262
264,262
265,262
266,262
267,262
268,262
269,262
270,262
271,262
272,262
273,262
274,262
275,262
276,262
277,262
278,262
279,262
280,257
281,257
282,257
283,257
284,257
285,257
286,257
287,257
288,257
289,257
290,257
291,257
292,257
293,257
294,257
295,257
296,257
297,257
298,257
299,257
300,263
301,263
302,263
303,263
304,263
305,263
306,263
307,263
308,263
309,263
310,263
311,263
312,263
313,263
314,263
315,263
316,263
317,263
318,263
319,263
320,260
321,260
322,260
323,260
324,260
325,260
326,260
327,260
328,260
329,260
330,260
331,260
332,260
333,260
334,260
335,260
336,260
337,260
338,260
339,260
340,259
341,259
342,259
343,259
344,259
345,259
346,259
347,259
348,259
349,259
350,259
351,259
352,259
353,259
354,259
355,259
356,259
357,259
358,259
359,259
360,264
361,264
362,264
363,264
364,264
365,264
366,264
367,264
368,264
369,264
370,264
371,264
372,264
373,264
374,264
375,264
376,264
377,264
378,264
379,264
380,259
381,259
382,259
383,259
384,259
385,259
386,259
387,259
388,259
389,259
390,259
391,259
392,259
393,259
394,259
395,259
396,259
397,259
398,259
399,259
400,264
401,264
402,264
403,264
404,264
405,264
406,264
407,264
408,264
409,264
410,264
411,264
412,264
413,264
414,264
415,264
416,264
417,264
418,264
419,264
420,262
421,262
422,262
423,262
424,262
425,262
426,262
427,262
428,262
429,262
430,262
431,262
432,262
433,262
434,262
435,262
436,262
437,262
438,262
439,262
440,260
441,260
442,260
443,260
444,260
445,260
446,260
447,260
448,260
449,260
450,260
451,260
452,260
453,260
454,260
455,260
456,260
457,260
458,260
459,260
460,265
461,265
462,265
463,265
464,265
465,265
466,265
467,265
468,265
469,265
470,265
471,265
472,265
473,265
474,265
475,265
476,265
477,265
478,265
479,265
480,259
481,259
482,259
483,259
484,259
485,259
486,259
487,259
488,259
489,259
490,259
491,259
492,259
493,259
494,259
495,259
496,259
497,259
498,259
499,259
500,262
501,262
502,262
503,262
504,262
505,262
506,262
507,262
508,262
509,262
510,262
511,262
512,262
513,262
514,262
515,262
516,262
517,262
518,262
519,262
520,261
521,261
522,261
523,261
524,261
525,261
526,261
527,261
528,261
529,261
530,261
531,261
532,261
533,261
534,261
535,261
536,261
537,261
538,261
539,261
540,257
541,257
542,257
543,257
544,257
545,257
546,257
547,257
548,257
549,257
550,257
551,257
552,257
553,257
554,257
555,257
556,257
557,257
558,257
559,257
560,264
561,264
562,264
563,264
564,264
565,264
566,264
567,264
568,264
569,264
570,264
571,264
572,264
573,264
574,264
575,264
576,264
577,264
578,264
579,264
580,259
581,259
582,259
583,259
584,259
585,259
586,259
587,259
588,259
589,259
590,259
591,259
592,259
593,259
594,259
595,259
596,259
597,259
598,259
599,259
600,261
601,261
602,261
603,261
604,261
605,261
606,261
607,261
608,261
609,261
610,261
611,261
612,261
613,261
614,261
615,261
616,261
617,261
618,261
619,261
620,261
621,261
622,261
623,261
624,261
625,261
626,261
627,261
628,261
629,261
630,261
631,261
632,261
633,261
634,261
635,261
636,261
637,261
638,261
639,261
640,254
641,254
642,254
643,254
644,254
645,254
646,254
647,254
648,254
649,254
650,254
651,254
652,254
653,254
654,254
655,254
656,254
657,254
658,254
659,254
660,262
661,262
662,262
663,262
664,262
665,262
666,262
667,262
668,262
669,262
670,262
671,262
672,262
673,262
674,262
675,262
676,262
677,262
678,262
679,262
680,258
681,258
682,258
683,258
684,258
685,258
686,258
687,258
688,258
689,258
690,258
691,258
692,258
693,258
694,258
695,258
696,258
697,258
698,258
699,258
700,258
701,258
702,258
703,258
704,258
705,258
706,258
707,258
708,258
709,258
710,258
711,258
712,258
713,258
714,258
715,258
716,258
717,258
718,258
719,258
720,260
721,260
722,260
723,260
724,260
725,260
726,260
727,260
728,260
729,260
730,260
731,260
732,260
733,260
734,260
735,260
736,260
737,260
738,260
739,260
740,254
741,254
742,254
743,254
744,254
745,254
746,254
747,254
748,254
749,254
750,254
751,254
752,254
753,254
754,254
755,254
756,254
757,254
758,254
759,254
760,262
761,262
762,262
763,262
764,262
765,262
766,262
767,262
768,262
769,262
770,262
771,262
772,262
773,262
774,262
775,262
776,262
777,262
778,262
779,262
780,259
781,259
782,259
783,259
784,259
785,259
786,259
787,259
788,259
789,259
790,259
791,259
792,259
793,259
794,259
795,259
796,259
797,259
798,259
799,259
800,258
801,258
802,258
803,258
804,258
805,258
806,258
807,258
808,258
809,258
810,258
811,258
812,258
813,258
814,258
815,258
816,258
817,258
818,258
819,258
820,261
821,261
822,261
823,261
824,261
825,261
826,261
827,261
828,261
829,261
830,261
831,261
832,261
833,261
834,261
835,261
836,261
837,261
838,261
839,261
840,255
841,255
842,255
843,255
844,255
845,255
846,255
847,255
848,255
849,255
850,255
851,255
852,255
853,255
854,255
855,255
856,255
857,255
858,255
859,255
860,262
861,262
862,262
863,262
864,262
865,262
866,262
867,262
868,262
869,262
870,262
871,262
872,262
873,262
874,262
875,262
876,262
877,262
878,262
879,262
880,260
881,260
882,260
883,260
884,260
885,260
886,260
887,260
888,260
889,260
890,260
891,260
892,260
893,260
894,260
895,260
896,260
897,260
898,260
899,260
900,257
901,257
902,257
903,257
904,257
905,257
906,257
907,257
908,257
909,257
910,257
911,257
912,257
913,257
914,257
915,257
916,257
917,257
918,257
919,257
920,261
921,261
922,261
923,261
924,261
925,261
926,261
927,261
928,261
929,261
930,261
931,261
932,261
933,261
934,261
935,261
936,261
937,261
938,261
939,261
940,255
941,255
942,255
943,255
944,255
945,255
946,255
947,255
948,255
949,255
950,255
951,255
952,255
953,255
954,255
955,255
956,255
957,255
958,255
959,255
960,261
961,261
962,261
963,261
964,261
965,261
966,261
967,261
968,261
969,261
970,261
971,261
972,261
973,261
974,261
975,261
976,261
977,261
978,261
979,261
980,261
981,261
982,261
983,261
984,261
985,261
986,261
987,261
988,261
989,261
990,261
991,261
992,261
993,261
994,261
995,261
996,261
997,261
998,261
999,261
1000,258
1001,258
1002,258
1003,258
1004,258
1005,258
1006,258
1007,258
1008,258
1009,258
1010,258
1011,258
1012,258
1013,258
1014,258
1015,258
1016,258
1017,258
1018,258
1019,258
1020,263
1021,263
1022,263
1023,263
1024,263
1025,263
1026,263
1027,263
1028,263
1029,263
1030,263
1031,263
1032,263
1033,263
1034,263
1035,263
1036,263
1037,263
1038,263
1039,263
1040,258
1041,258
1042,258
1043,258
1044,258
1045,258
1046,258
1047,258
1048,258
1049,258
1050,258
1051,258
1052,258
1053,258
1054,258
1055,258
1056,258
1057,258
1058,258
1059,258
1060,263
1061,263
1062,263
1063,263
1064,263
1065,263
1066,263
1067,263
1068,263
1069,263
1070,263
1071,263
1072,263
1073,263
1074,263
1075,263
1076,263
1077,263
1078,263
1079,263
1080,264
1081,264
1082,264
1083,264
1084,264
1085,264
1086,264
1087,264
1088,264
1089,264
1090,264
1091,264
1092,264
1093,264
1094,264
1095,264
1096,264
1097,264
1098,264
1099,264
1100,260
1101,260
1102,260
1103,260
1104,260
1105,260
1106,260
1107,260
1108,260
1109,260
1110,260
1111,260
1112,260
1113,260
1114,260
1115,260
1116,260
1117,260
1118,260
1119,260
1120,266
1121,266
1122,266
1123,266
1124,266
1125,266
1126,266
1127,266
1128,266
1129,266
1130,266
1131,266
1132,266
1133,266
1134,266
1135,266
1136,266
1137,266
1138,266
1139,266
1140,261
1141,261
1142,261
1143,261
1144,261
1145,261
1146,261
1147,261
1148,261
1149,261
1150,261
1151,261
1152,261
1153,261
1154,261
1155,261
1156,261
1157,261
1158,261
1159,261
1160,264
1161,264
1162,264
1163,264
1164,264
1165,264
1166,264
1167,264
1168,264
1169,264
1170,264
1171,264
1172,264
1173,264
1174,264
1175,264
1176,264
1177,264
1178,264
1179,264
1180,266
1181,266
1182,266
1183,266
1184,266
1185,266
1186,266
1187,266
1188,266
1189,266
1190,266
1191,266
1192,266
1193,266
1194,266
1195,266
1196,266
1197,266
1198,266
1199,266
1200,261
1201,261
1202,261
1203,261
1204,261
1205,261
1206,261
1207,261
1208,261
1209,261
1210,261
1211,261
1212,261
1213,261
1214,261
1215,261
1216,261
1217,261
1218,261
1219,261
1220,267
1221,267
1222,267
1223,267
1224,267
1225,267
1226,267
1227,267
1228,267
1229,267
1230,267
1231,267
1232,267
1233,267
1234,267
1235,267
1236,267
1237,267
1238,267
1239,267
1240,263
1241,263
1242,263
1243,263
1244,263
1245,263
1246,263
1247,263
1248,263
1249,263
1250,263
1251,263
1252,263
1253,263
1254,263
1255,263
1256,263
1257,263
1258,263
1259,263
1260,263
1261,263
1262,263
1263,263
1264,263
1265,263
1266,263
1267,263
1268,263
1269,263
1270,263
1271,263
1272,263
1273,263
1274,263
1275,263
1276,263
1277,263
1278,263
1279,263
1280,267
1281,267
1282,267
1283,267
1284,267
1285,267
1286,267
1287,267
1288,267
1289,267
1290,267
1291,267
1292,267
1293,267
1294,267
1295,267
1296,267
1297,267
1298,267
1299,267
1300,262
1301,262
1302,262
1303,262
1304,262
1305,262
1306,262
1307,262
1308,262
1309,262
1310,262
1311,262
1312,262
1313,262
1314,262
1315,262
1316,262
1317,262
1318,262
1319,262
1320,267
1321,267
1322,267
1323,267
1324,267
1325,267
1326,267
1327,267
1328,267
1329,267
1330,267
1331,267
1332,267
1333,267
1334,267
1335,267
1336,267
1337,267
1338,267
1339,267
1340,264
1341,264
1342,264
1343,264
1344,264
1345,264
1346,264
1347,264
1348,264
1349,264
1350,264
1351,264
1352,264
1353,264
1354,264
1355,264
1356,264
1357,264
1358,264
1359,264
1360,263
1361,263
1362,263
1363,263
1364,263
1365,263
1366,263
1367,263
1368,263
1369,263
1370,263
1371,263
1372,263
1373,263
1374,263
1375,263
1376,263
1377,263
1378,263
1379,263
1380,268
1381,268
1382,268
1383,268
1384,268
1385,268
1386,268
1387,268
1388,268
1389,268
1390,268
1391,268
1392,268
1393,268
1394,268
1395,268
1396,268
1397,268
1398,268
1399,268
1400,262
1401,262
1402,262
1403,262
1404,262
1405,262
1406,262
1407,262
1408,262
1409,262
1410,262
1411,262
1412,262
1413,262
1414,262
1415,262
1416,262
1417,262
1418,262
1419,262
1420,266
1421,266
1422,266
1423,266
1424,266
1425,266
1426,266
1427,266
1428,266
1429,266
1430,266
1431,266
1432,266
1433,266
1434,266
1435,266
1436,266
1437,266
1438,266
1439,266
1440,265
1441,265
1442,265
1443,265
1444,265
1445,265
1446,265
1447,265
1448,265
1449,265
1450,265
1451,265
1452,265
1453,265
1454,265
1455,265
1456,265
1457,265
1458,265
1459,265
1460,262
1461,262
1462,262
1463,262
1464,262
1465,262
1466,262
1467,262
1468,262
1469,262
1470,262
1471,262
1472,262
1473,262
1474,262
1475,262
1476,262
1477,262
1478,262
1479,262
1480,268
1481,268
1482,268
1483,268
1484,268
1485,268
1486,268
1487,268
1488,268
1489,268
1490,268
1491,268
1492,268
1493,268
1494,268
1495,268
1496,268
1497,268
1498,268
1499,268
1500,262
1501,262
1502,262
1503,262
1504,262
1505,262
1506,262
1507,262
1508,262
1509,262
1510,262
1511,262
1512,262
1513,262
1514,262
1515,262
1516,262
1517,262
1518,262
1519,262
1520,264
1521,264
1522,264
1523,264
1524,264
1525,264
1526,264
1527,264
1528,264
1529,264
1530,264
1531,264
1532,264
1533,264
1534,264
1535,264
1536,264
1537,264
1538,264
1539,264
1540,263
1541,263
1542,263
1543,263
1544,263
1545,263
1546,263
1547,263
1548,263
1549,263
1550,263
1551,263
1552,263
1553,263
1554,263
1555,263
1556,263
1557,263
1558,263
1559,263
1560,259
1561,259
1562,259
1563,259
1564,259
1565,259
1566,259
1567,259
1568,259
1569,259
1570,259
1571,259
1572,259
1573,259
1574,259
1575,259
1576,259
1577,259
1578,259
1579,259
1580,267
1581,267
1582,267
1583,267
1584,267
1585,267
1586,267
1587,267
1588,267
1589,267
1590,267
1591,267
1592,267
1593,267
1594,267
1595,267
1596,267
1597,267
1598,267
1599,267
1600,261
1601,261
1602,261
1603,261
1604,261
1605,261
1606,261
1607,261
1608,261
1609,261
1610,261
1611,261
1612,261
1613,261
1614,261
1615,261
1616,261
1617,261
1618,261
1619,261
1620,262
1621,262
1622,262
1623,262
1624,262
1625,262
1626,262
1627,262
1628,262
1629,262
1630,262
1631,262
1632,262
1633,262
1634,262
1635,262
1636,262
1637,262
1638,262
1639,262
1640,262
1641,262
1642,262
1643,262
1644,262
1645,262
1646,262
1647,262
1648,262
1649,262
1650,262
1651,262
1652,262
1653,262
1654,262
1655,262
1656,262
1657,262
1658,262
1659,262
1660,257
1661,257
1662,257
1663,257
1664,257
1665,257
1666,257
1667,257
1668,257
1669,257
1670,257
1671,257
1672,257
1673,257
1674,257
1675,257
1676,257
1677,257
1678,257
1679,257
1680,264
1681,264
1682,264
1683,264
1684,264
1685,264
1686,264
1687,264
1688,264
1689,264
1690,264
1691,264
1692,264
1693,264
1694,264
1695,264
1696,264
1697,264
1698,264
1699,264
1700,259
1701,259
1702,259
1703,259
1704,259
1705,259
1706,259
1707,259
1708,259
1709,259
1710,259
1711,259
1712,259
1713,259
1714,259
1715,259
1716,259
1717,259
1718,259
1719,259
1720,259
1721,259
1722,259
1723,259
1724,259
1725,259
1726,259
1727,259
1728,259
1729,259
1730,259
1731,259
1732,259
1733,259
1734,259
1735,259
1736,259
1737,259
1738,259
1739,259
1740,261
1741,261
1742,261
1743,261
1744,261
1745,261
1746,261
1747,261
1748,261
1749,261
1750,261
1751,261
1752,261
1753,261
1754,261
1755,261
1756,261
1757,261
1758,261
1759,261
1760,255
1761,255
1762,255
1763,255
1764,255
1765,255
1766,255
1767,255
1768,255
1769,255
1770,255
1771,255
1772,255
1773,255
1774,255
1775,255
1776,255
1777,255
1778,255
1779,255
1780,263
1781,263
1782,263
1783,263
1784,263
1785,263
1786,263
1787,263
1788,263
1789,263
1790,263
1791,263
1792,263
1793,263
1794,263
1795,263
1796,263
1797,263
1798,263
1799,263
1800,260
1801,260
1802,260
1803,260
1804,260
1805,260
1806,260
1807,260
1808,260
1809,260
1810,260
1811,260
1812,260
1813,260
1814,260
1815,260
1816,260
1817,260
1818,260
1819,260
1820,258
1821,258
1822,258
1823,258
1824,258
1825,258
1826,258
1827,258
1828,258
1829,258
1830,258
1831,258
1832,258
1833,258
1834,258
1835,258
1836,258
1837,258
1838,258
1839,258
1840,261
1841,261
1842,261
1843,261
1844,261
1845,261
1846,261
1847,261
1848,261
1849,261
1850,261
1851,261
1852,261
1853,261
1854,261
1855,261
1856,261
1857,261
1858,261
1859,261
1860,255
1861,255
1862,255
1863,255
1864,255
1865,255
1866,255
1867,255
1868,255
1869,255
1870,255
1871,255
1872,255
1873,255
1874,255
1875,255
1876,255
1877,255
1878,255
1879,255
1880,262
1881,262
1882,262
1883,262
1884,262
1885,262
1886,262
1887,262
1888,262
1889,262
1890,262
1891,262
1892,262
1893,262
1894,262
1895,262
1896,262
1897,262
1898,262
1899,262
1900,260
1901,260
1902,260
1903,260
1904,260
1905,260
1906,260
1907,260
1908,260
1909,260
1910,260
1911,260
1912,260
1913,260
1914,260
1915,260
1916,260
1917,260
1918,260
1919,260
1920,258
1921,258
1922,258
1923,258
1924,258
1925,258
1926,258
1927,258
1928,258
1929,258
1930,258
1931,258
1932,258
1933,258
1934,258
1935,258
1936,258
1937,258
1938,258
1939,258
1940,262
1941,262
1942,262
1943,262
1944,262
1945,262
1946,262
1947,262
1948,262
1949,262
1950,262
1951,262
1952,262
1953,262
1954,262
1955,262
1956,262
1957,262
1958,262
1959,262
1960,256
1961,256
1962,256
1963,256
1964,256
1965,256
1966,256
1967,256
1968,256
1969,256
1970,256
1971,256
1972,256
1973,256
1974,256
1975,256
1976,256
1977,256
1978,256
1979,256
1980,262
1981,262
1982,262
1983,262
1984,262
1985,262
1986,262
1987,262
1988,262
1989,262
1990,262
1991,262
1992,262
1993,262
1994,262
1995,262
1996,262
1997,262
1998,262
1999,262
2000,261
2001,261
2002,261
2003,261
2004,261
2005,261
2006,261
2007,261
2008,261
2009,261
2010,261
2011,261
2012,261
2013,261
2014,261
2015,261
2016,261
2017,261
2018,261
2019,261
2020,257
2021,257
2022,257
2023,257
2024,257
2025,257
2026,257
2027,257
2028,257
2029,257
2030,257
2031,257
2032,257
2033,257
2034,257
2035,257
2036,257
2037,257
2038,257
2039,257
2040,264
2041,264
2042,264
2043,264
2044,264
2045,264
2046,264
2047,264
2048,264
2049,264
2050,264
2051,264
2052,264
2053,264
2054,264
2055,264
2056,264
2057,264
2058,264
2059,264
2060,258
2061,258
2062,258
2063,258
2064,258
2065,258
2066,258
2067,258
2068,258
2069,258
2070,258
2071,258
2072,258
2073,258
2074,258
2075,258
2076,258
2077,258
2078,258
2079,258
2080,262
2081,262
2082,262
2083,262
2084,262
2085,262
2086,262
2087,262
2088,262
2089,262
2090,262
2091,262
2092,262
2093,262
2094,262
2095,262
2096,262
2097,262
2098,262
2099,262
2100,264
2101,264
2102,264
2103,264
2104,264
2105,264
2106,264
2107,264
2108,264
2109,264
2110,264
2111,264
2112,264
2113,264
2114,264
2115,264
2116,264
2117,264
2118,264
2119,264
2120,260
2121,260
2122,260
2123,260
2124,260
2125,260
2126,260
2127,260
2128,260
2129,260
2130,260
2131,260
2132,260
2133,260
2134,260
2135,260
2136,260
2137,260
2138,260
2139,260
2140,266
2141,266
2142,266
2143,266
2144,266
2145,266
2146,266
2147,266
2148,266
2149,266
2150,266
2151,266
2152,266
2153,266
2154,266
2155,266
2156,266
2157,266
2158,266
2159,266
2160,261
2161,261
2162,261
2163,261
2164,261
2165,261
2166,261
2167,261
2168,261
2169,261
2170,261
2171,261
2172,261
2173,261
2174,261
2175,261
2176,261
2177,261
2178,261
2179,261
2180,263
2181,263
2182,263
2183,263
2184,263
2185,263
2186,263
2187,263
2188,263
2189,263
2190,263
2191,263
2192,263
2193,263
2194,263
2195,263
2196,263
2197,263
2198,263
2199,263
2200,266
2201,266
2202,266
2203,266
2204,266
2205,266
2206,266
2207,266
2208,266
2209,266
2210,266
2211,266
2212,266
2213,266
2214,266
2215,266
2216,266
2217,266
2218,266
2219,266
2220,262
2221,262
2222,262
2223,262
2224,262
2225,262
2226,262
2227,262
2228,262
2229,262
2230,262
2231,262
2232,262
2233,262
2234,262
2235,262
2236,262
2237,262
2238,262
2239,262
2240,267
2241,267
2242,267
2243,267
2244,267
2245,267
2246,267
2247,267
2248,267
2249,267
2250,267
2251,267
2252,267
2253,267
2254,267
2255,267
2256,267
2257,267
2258,267
2259,267
2260,263
2261,263
2262,263
2263,263
2264,263
2265,263
2266,263
2267,263
2268,263
2269,263
2270,263
2271,263
2272,263
2273,263
2274,263
2275,263
2276,263
2277,263
2278,263
2279,263
2280,264
2281,264
2282,264
2283,264
2284,264
2285,264
2286,264
2287,264
2288,264
2289,264
2290,264
2291,264
2292,264
2293,264
2294,264
2295,264
2296,264
2297,264
2298,264
2299,264
2300,267
2301,267
2302,267
2303,267
2304,267
2305,267
2306,267
2307,267
2308,267
2309,267
2310,267
2311,267
2312,267
2313,267
2314,267
2315,267
2316,267
2317,267
2318,267
2319,267
2320,262
2321,262
2322,262
2323,262
2324,262
2325,262
2326,262
2327,262
2328,262
2329,262
2330,262
2331,262
2332,262
2333,262
2334,262
2335,262
2336,262
2337,262
2338,262
2339,262
2340,267
2341,267
2342,267
2343,267
2344,267
2345,267
2346,267
2347,267
2348,267
2349,267
2350,267
2351,267
2352,267
2353,267
2354,267
2355,267
2356,267
2357,267
2358,267
2359,267
2360,264
2361,264
2362,264
2363,264
2364,264
2365,264
2366,264
2367,264
2368,264
2369,264
2370,264
2371,264
2372,264
2373,264
2374,264
2375,264
2376,264
2377,264
2378,264
2379,264
2380,263
2381,263
2382,263
2383,263
2384,263
2385,263
2386,263
2387,263
2388,263
2389,263
2390,263
2391,263
2392,263
2393,263
2394,263
2395,263
2396,263
2397,263
2398,263
2399,263
2400,268
2401,268
2402,268
2403,268
2404,268
2405,268
2406,268
2407,268
2408,268
2409,268
2410,268
2411,268
2412,268
2413,268
2414,268
2415,268
2416,268
2417,268
2418,268
2419,268
2420,262
2421,262
2422,262
2423,262
2424,262
2425,262
2426,262
2427,262
2428,262
2429,262
2430,262
2431,262
2432,262
2433,262
2434,262
2435,262
2436,262
2437,262
2438,262
2439,262
2440,267
2441,267
2442,267
2443,267
2444,267
2445,267
2446,267
2447,267
2448,267
2449,267
2450,267
2451,267
2452,267
2453,267
2454,267
2455,267
2456,267
2457,267
2458,267
2459,267
2460,264
2461,264
2462,264
2463,264
2464,264
2465,264
2466,264
2467,264
2468,264
2469,264
2470,264
2471,264
2472,264
2473,264
2474,264
2475,264
2476,264
2477,264
2478,264
2479,264
2480,262
2481,262
2482,262
2483,262
2484,262
2485,262
2486,262
2487,262
2488,262
2489,262
2490,262
2491,262
2492,262
2493,262
2494,262
2495,262
2496,262
2497,262
2498,262
2499,262
2500,268
2501,268
2502,268
2503,268
2504,268
2505,268
2506,268
2507,268
2508,268
2509,268
2510,268
2511,268
2512,268
2513,268
2514,268
2515,268
2516,268
2517,268
2518,268
2519,268
2520,263
2521,263
2522,263
2523,263
2524,263
2525,263
2526,263
2527,263
2528,263
2529,263
2530,263
2531,263
2532,263
2533,263
2534,263
2535,263
2536,263
2537,263
2538,263
2539,263
2540,265
2541,265
2542,265
2543,265
2544,265
2545,265
2546,265
2547,265
2548,265
2549,265
2550,265
2551,265
2552,265
2553,265
2554,265
2555,265
2556,265
2557,265
2558,265
2559,265
2560,264
2561,264
2562,264
2563,264
2564,264
2565,264
2566,264
2567,264
2568,264
2569,264
2570,264
2571,264
2572,264
2573,264
2574,264
2575,264
2576,264
2577,264
2578,264
2579,264
2580,260
2581,260
2582,260
2583,260
2584,260
2585,260
2586,260
2587,260
2588,260
2589,260
2590,260
2591,260
2592,260
2593,260
2594,260
2595,260
2596,260
2597,260
2598,260
2599,260
2600,267
2601,267
2602,267
2603,267
2604,267
2605,267
2606,267
2607,267
2608,267
2609,267
2610,267
2611,267
2612,267
2613,267
2614,267
2615,267
2616,267
2617,267
2618,267
2619,267
2620,262
2621,262
2622,262
2623,262
2624,262
2625,262
2626,262
2627,262
2628,262
2629,262
2630,262
2631,262
2632,262
2633,262
2634,262
2635,262
2636,262
2637,262
2638,262
2639,262
2640,263
2641,263
2642,263
2643,263
2644,263
2645,263
2646,263
2647,263
2648,263
2649,263
2650,263
2651,263
2652,263
2653,263
2654,263
2655,263
2656,263
2657,263
2658,263
2659,263
2660,262
2661,262
2662,262
2663,262
2664,262
2665,262
2666,262
2667,262
2668,262
2669,262
2670,262
2671,262
2672,262
2673,262
2674,262
2675,262
2676,262
2677,262
2678,262
2679,262
2680,257
2681,257
2682,257
2683,257
2684,257
2685,257
2686,257
2687,257
2688,257
2689,257
2690,257
2691,257
2692,257
2693,257
2694,257
2695,257
2696,257
2697,257
2698,257
2699,257
2700,265
2701,265
2702,265
2703,265
2704,265
2705,265
2706,265
2707,265
2708,265
2709,265
2710,265
2711,265
2712,265
2713,265
2714,265
2715,265
2716,265
2717,265
2718,265
2719,265
2720,260
2721,260
2722,260
2723,260
2724,260
2725,260
2726,260
2727,260
2728,260
2729,260
2730,260
2731,260
2732,260
2733,260
2734,260
2735,260
2736,260
2737,260
2738,260
2739,260
2740,259
2741,259
2742,259
2743,259
2744,259
2745,259
2746,259
2747,259
2748,259
2749,259
2750,259
2751,259
2752,259
2753,259
2754,259
2755,259
2756,259
2757,259
2758,259
2759,259
2760,261
2761,261
2762,261
2763,261
2764,261
2765,261
2766,261
2767,261
2768,261
2769,261
2770,261
2771,261
2772,261
2773,261
2774,261
2775,261
2776,261
2777,261
2778,261
2779,261
2780,255
2781,255
2782,255
2783,255
2784,255
2785,255
2786,255
2787,255
2788,255
2789,255
2790,255
2791,255
2792,255
2793,255
2794,255
2795,255
2796,255
2797,255
2798,255
2799,255
2800,263
2801,263
2802,263
2803,263
2804,263
2805,263
2806,263
2807,263
2808,263
2809,263
2810,263
2811,263
2812,263
2813,263
2814,263
2815,263
2816,263
2817,263
2818,263
2819,263
2820,260
2821,260
2822,260
2823,260
2824,260
2825,260
2826,260
2827,260
2828,260
2829,260
2830,260
2831,260
2832,260
2833,260
2834,260
2835,260
2836,260
2837,260
2838,260
2839,260
2840,259
2841,259
2842,259
2843,259
2844,259
2845,259
2846,259
2847,259
2848,259
2849,259
2850,259
2851,259
2852,259
2853,259
2854,259
2855,259
2856,259
2857,259
2858,259
2859,259
2860,262
2861,262
2862,262
2863,262
2864,262
2865,262
2866,262
2867,262
2868,262
2869,262
2870,262
2871,262
2872,262
2873,262
2874,262
2875,262
2876,262
2877,262
2878,262
2879,262
2880,255
2881,255
2882,255
2883,255
2884,255
2885,255
2886,255
2887,255
2888,255
2889,255
2890,255
2891,255
2892,255
2893,255
2894,255
2895,255
2896,255
2897,255
2898,255
2899,255
2900,262
2901,262
2902,262
2903,262
2904,262
2905,262
2906,262
2907,262
2908,262
2909,262
2910,262
2911,262
2912,262
2913,262
2914,262
2915,262
2916,262
2917,262
2918,262
2919,262
2920,260
2921,260
2922,260
2923,260
2924,260
2925,260
2926,260
2927,260
2928,260
2929,260
2930,260
2931,260
2932,260
2933,260
2934,260
2935,260
2936,260
2937,260
2938,260
2939,260
2940,257
2941,257
2942,257
2943,257
2944,257
2945,257
2946,257
2947,257
2948,257
2949,257
2950,257
2951,257
2952,257
2953,257
2954,257
2955,257
2956,257
2957,257
2958,257
2959,257
2960,262
2961,262
2962,262
2963,262
2964,262
2965,262
2966,262
2967,262
2968,262
2969,262
2970,262
2971,262
2972,262
2973,262
2974,262
2975,262
2976,262
2977,262
2978,262
2979,262
2980,256
2981,256
2982,256
2983,256
2984,256
2985,256
2986,256
2987,256
2988,256
2989,256
2990,256
2991,256
2992,256
2993,256
2994,256
2995,256
2996,256
2997,256
2998,256
2999,256
3000,262
3001,262
3002,262
3003,262
3004,262
3005,262
3006,262
3007,262
3008,262
3009,262
3010,262
3011,262
3012,262
3013,262
3014,262
3015,262
3016,262
3017,262
3018,262
3019,262
3020,261
3021,261
3022,261
3023,261
3024,261
3025,261
3026,261
3027,261
3028,261
3029,261
3030,261
3031,261
3032,261
3033,261
3034,261
3035,261
3036,261
3037,261
3038,261
3039,261
3040,257
3041,257
3042,257
3043,257
3044,257
3045,257
3046,257
3047,257
3048,257
3049,257
3050,257
3051,257
3052,257
3053,257
3054,257
3055,257
3056,257
3057,257
3058,257
3059,257
3060,262
3061,262
3062,262
3063,262
3064,262
3065,262
3066,262
3067,262
3068,262
3069,262
3070,262
3071,262
3072,262
3073,262
3074,262
3075,262
3076,262
3077,262
3078,262
3079,262
3080,258
3081,258
3082,258
3083,258
3084,258
3085,258
3086,258
3087,258
3088,258
3089,258
3090,258
3091,258
3092,258
3093,258
3094,258
3095,258
3096,258
3097,258
3098,258
3099,258
3100,262
3101,262
3102,262
3103,262
3104,262
3105,262
3106,262
3107,262
3108,262
3109,262
3110,262
3111,262
3112,262
3113,262
3114,262
3115,262
3116,262
3117,262
3118,262
3119,262
3120,263
3121,263
3122,263
3123,263
3124,263
3125,263
3126,263
3127,263
3128,263
3129,263
3130,263
3131,263
3132,263
3133,263
3134,263
3135,263
3136,263
3137,263
3138,263
3139,263
3140,259
3141,259
3142,259
3143,259
3144,259
3145,259
3146,259
3147,259
3148,259
3149,259
3150,259
3151,259
3152,259
3153,259
3154,259
3155,259
3156,259
3157,259
3158,259
3159,259
3160,265
3161,265
3162,265
3163,265
3164,265
3165,265
3166,265
3167,265
3168,265
3169,265
3170,265
3171,265
3172,265
3173,265
3174,265
3175,265
3176,265
3177,265
3178,265
3179,265
3180,261
3181,261
3182,261
3183,261
3184,261
3185,261
3186,261
3187,261
3188,261
3189,261
3190,261
3191,261
3192,261
3193,261
3194,261
3195,261
3196,261
3197,261
3198,261
3199,261
3200,263
3201,263
3202,263
3203,263
3204,263
3205,263
3206,263
3207,263
3208,263
3209,263
3210,263
3211,263
3212,263
3213,263
3214,263
3215,263
3216,263
3217,263
3218,263
3219,263
3220,265
3221,265
3222,265
3223,265
3224,265
3225,265
3226,265
3227,265
3228,265
3229,265
3230,265
3231,265
3232,265
3233,265
3234,265
3235,265
3236,265
3237,265
3238,265
3239,265
3240,260
3241,260
3242,260
3243,260
3244,260
3245,260
3246,260
3247,260
3248,260
3249,260
3250,260
3251,260
3252,260
3253,260
3254,260
3255,260
3256,260
3257,260
3258,260
3259,260
3260,267
3261,267
3262,267
3263,267
3264,267
3265,267
3266,267
3267,267
3268,267
3269,267
3270,267
3271,267
3272,267
3273,267
3274,267
3275,267
3276,267
3277,267
3278,267
3279,267
3280,263
3281,263
3282,263
3283,263
3284,263
3285,263
3286,263
3287,263
3288,263
3289,263
3290,263
3291,263
3292,263
3293,263
3294,263
3295,263
3296,263
3297,263
3298,263
3299,263
3300,264
3301,264
3302,264
3303,264
3304,264
3305,264
3306,264
3307,264
3308,264
3309,264
3310,264
3311,264
3312,264
3313,264
3314,264
3315,264
3316,264
3317,264
3318,264
3319,264
3320,267
3321,267
3322,267
3323,267
3324,267
3325,267
3326,267
3327,267
3328,267
3329,267
3330,267
3331,267
3332,267
3333,267
3334,267
3335,267
3336,267
3337,267
3338,267
3339,267
3340,262
3341,262
3342,262
3343,262
3344,262
3345,262
3346,262
3347,262
3348,262
3349,262
3350,262
3351,262
3352,262
3353,262
3354,262
3355,262
3356,262
3357,262
3358,262
3359,262
3360,267
3361,267
3362,267
3363,267
3364,267
3365,267
3366,267
3367,267
3368,267
3369,267
3370,267
3371,267
3372,267
3373,267
3374,267
3375,267
3376,267
3377,267
3378,267
3379,267
3380,264
3381,264
3382,264
3383,264
3384,264
3385,264
3386,264
3387,264
3388,264
3389,264
3390,264
3391,264
3392,264
3393,264
3394,264
3395,264
3396,264
3397,264
3398,264
3399,264
3400,263
3401,263
3402,263
3403,263
3404,263
3405,263
3406,263
3407,263
3408,263
3409,263
3410,263
3411,263
3412,263
3413,263
3414,263
3415,263
3416,263
3417,263
3418,263
3419,263
3420,268
3421,268
3422,268
3423,268
3424,268
3425,268
3426,268
3427,268
3428,268
3429,268
3430,268
3431,268
3432,268
3433,268
3434,268
3435,268
3436,268
3437,268
3438,268
3439,268
3440,262
3441,262
3442,262
3443,262
3444,262
3445,262
3446,262
3447,262
3448,262
3449,262
3450,262
3451,262
3452,262
3453,262
3454,262
3455,262
3456,262
3457,262
3458,262
3459,262
3460,267
3461,267
3462,267
3463,267
3464,267
3465,267
3466,267
3467,267
3468,267
3469,267
3470,267
3471,267
3472,267
3473,267
3474,267
3475,267
3476,267
3477,267
3478,267
3479,267
3480,265
3481,265
3482,265
3483,265
3484,265
3485,265
3486,265
3487,265
3488,265
3489,265
3490,265
3491,265
3492,265
3493,265
3494,265
3495,265
3496,265
3497,265
3498,265
3499,265
3500,262
3501,262
3502,262
3503,262
3504,262
3505,262
3506,262
3507,262
3508,262
3509,262
3510,262
3511,262
3512,262
3513,262
3514,262
3515,262
3516,262
3517,262
3518,262
3519,262
3520,268
3521,268
3522,268
3523,268
3524,268
3525,268
3526,268
3527,268
3528,268
3529,268
3530,268
3531,268
3532,268
3533,268
3534,268
3535,268
3536,268
3537,268
3538,268
3539,268
3540,263
3541,263
3542,263
3543,263
3544,263
3545,263
3546,263
3547,263
3548,263
3549,263
3550,263
3551,263
3552,263
3553,263
3554,263
3555,263
3556,263
3557,263
3558,263
3559,263
3560,266
3561,266
3562,266
3563,266
3564,266
3565,266
3566,266
3567,266
3568,266
3569,266
3570,266
3571,266
3572,266
3573,266
3574,266
3575,266
3576,266
3577,266
3578,266
3579,266
3580,265
3581,265
3582,265
3583,265
3584,265
3585,265
3586,265
3587,265
3588,265
3589,265
3590,265
3591,265
3592,265
3593,265
3594,265
3595,265
3596,265
3597,265
3598,265
3599,265
3600,260
3601,260
3602,260
3603,260
3604,260
3605,260
3606,260
3607,260
3608,260
3609,260
3610,260
3611,260
3612,260
3613,260
3614,260
3615,260
3616,260
3617,260
3618,260
3619,260
3620,267
3621,267
3622,267
3623,267
3624,267
3625,267
3626,267
3627,267
3628,267
3629,267
3630,267
3631,267
3632,267
3633,267
3634,267
3635,267
3636,267
3637,267
3638,267
3639,267
3640,262
3641,262
3642,262
3643,262
3644,262
3645,262
3646,262
3647,262
3648,262
3649,262
3650,262
3651,262
3652,262
3653,262
3654,262
3655,262
3656,262
3657,262
3658,262
3659,262
3660,264
3661,264
3662,264
3663,264
3664,264
3665,264
3666,264
3667,264
3668,264
3669,264
3670,264
3671,264
3672,264
3673,264
3674,264
3675,264
3676,264
3677,264
3678,264
3679,264
3680,263
3681,263
3682,263
3683,263
3684,263
3685,263
3686,263
3687,263
3688,263
3689,263
3690,263
3691,263
3692,263
3693,263
3694,263
3695,263
3696,263
3697,263
3698,263
3699,263
3700,257
3701,257
3702,257
3703,257
3704,257
3705,257
3706,257
3707,257
3708,257
3709,257
3710,257
3711,257
3712,257
3713,257
3714,257
3715,257
3716,257
3717,257
3718,257
3719,257
3720,265
3721,265
3722,265
3723,265
3724,265
3725,265
3726,265
3727,265
3728,265
3729,265
3730,265
3731,265
3732,265
3733,265
3734,265
3735,265
3736,265
3737,265
3738,265
3739,265
3740,261
3741,261
3742,261
3743,261
3744,261
3745,261
3746,261
3747,261
3748,261
3749,261
3750,261
3751,261
3752,261
3753,261
3754,261
3755,261
3756,261
3757,261
3758,261
3759,261
3760,261
3761,261
3762,261
3763,261
3764,261
3765,261
3766,261
3767,261
3768,261
3769,261
3770,261
3771,261
3772,261
3773,261
3774,261
3775,261
3776,261
3777,261
3778,261
3779,261
3780,262
3781,262
3782,262
3783,262
3784,262
3785,262
3786,262
3787,262
3788,262
3789,262
3790,262
3791,262
3792,262
3793,262
3794,262
3795,262
3796,262
3797,262
3798,262
3799,262
3800,255
3801,255
3802,255
3803,255
3804,255
3805,255
3806,255
3807,255
3808,255
3809,255
3810,255
3811,255
3812,255
3813,255
3814,255
3815,255
3816,255
3817,255
3818,255
3819,255
3820,263
3821,263
3822,263
3823,263
3824,263
3825,263
3826,263
3827,263
3828,263
3829,263
3830,263
3831,263
3832,263
3833,263
3834,263
3835,263
3836,263
3837,263
3838,263
3839,263
3840,260
3841,260
3842,260
3843,260
3844,260
3845,260
3846,260
3847,260
3848,260
3849,260
3850,260
3851,260
3852,260
3853,260
3854,260
3855,260
3856,260
3857,260
3858,260
3859,260
3860,258
3861,258
3862,258
3863,258
3864,258
3865,258
3866,258
3867,258
3868,258
3869,258
3870,258
3871,258
3872,258
3873,258
3874,258
3875,258
3876,258
3877,258
3878,258
3879,258
3880,261
3881,261
3882,261
3883,261
3884,261
3885,261
3886,261
3887,261
3888,261
3889,261
3890,261
3891,261
3892,261
3893,261
3894,261
3895,261
3896,261
3897,261
3898,261
3899,261
3900,256
3901,256
3902,256
3903,256
3904,256
3905,256
3906,256
3907,256
3908,256
3909,256
3910,256
3911,256
3912,256
3913,256
3914,256
3915,256
3916,256
3917,256
3918,256
3919,256
3920,263
3921,263
3922,263
3923,263
3924,263
3925,263
3926,263
3927,263
3928,263
3929,263
3930,263
3931,263
3932,263
3933,263
3934,263
3935,263
3936,263
3937,263
3938,263
3939,263
3940,260
3941,260
3942,260
3943,260
3944,260
3945,260
3946,260
3947,260
3948,260
3949,260
3950,260
3951,260
3952,260
3953,260
3954,260
3955,260
3956,260
3957,260
3958,260
3959,260
3960,258
3961,258
3962,258
3963,258
3964,258
3965,258
3966,258
3967,258
3968,258
3969,258
3970,258
3971,258
3972,258
3973,258
3974,258
3975,258
3976,258
3977,258
3978,258
3979,258
3980,262
3981,262
3982,262
3983,262
3984,262
3985,262
3986,262
3987,262
3988,262
3989,262
3990,262
3991,262
3992,262
3993,262
3994,262
3995,262
3996,262
3997,262
3998,262
3999,262
4000,256
4001,256
4002,256
4003,256
4004,256
4005,256
4006,256
4007,256
4008,256
4009,256
4010,256
4011,256
4012,256
4013,256
4014,256
4015,256
4016,256
4017,256
4018,256
4019,256
4020,262
4021,262
4022,262
4023,262
4024,262
4025,262
4026,262
4027,262
4028,262
4029,262
4030,262
4031,262
4032,262
4033,262
4034,262
4035,262
4036,262
4037,262
4038,262
4039,262
4040,261
4041,261
4042,261
4043,261
4044,261
4045,261
4046,261
4047,261
4048,261
4049,261
4050,261
4051,261
4052,261
4053,261
4054,261
4055,261
4056,261
4057,261
4058,261
4059,261
4060,257
4061,257
4062,257
4063,257
4064,257
4065,257
4066,257
4067,257
4068,257
4069,257
4070,257
4071,257
4072,257
4073,257
4074,257
4075,257
4076,257
4077,257
4078,257
4079,257
4080,262
4081,262
4082,262
4083,262
4084,262
4085,262
4086,262
4087,262
4088,262
4089,262
4090,262
4091,262
4092,262
4093,262
4094,262
4095,262
4096,262
4097,262
4098,262
4099,262
4100,257
4101,257
4102,257
4103,257
4104,257
4105,257
4106,257
4107,257
4108,257
4109,257
4110,257
4111,257
4112,257
4113,257
4114,257
4115,257
4116,257
4117,257
4118,257
4119,257
4120,262
4121,262
4122,262
4123,262
4124,262
4125,262
4126,262
4127,262
4128,262
4129,262
4130,262
4131,262
4132,262
4133,262
4134,262
4135,262
4136,262
4137,262
4138,262
4139,262
4140,263
4141,263
4142,263
4143,263
4144,263
4145,263
4146,263
4147,263
4148,263
4149,263
4150,263
4151,263
4152,263
4153,263
4154,263
4155,263
4156,263
4157,263
4158,263
4159,263
4160,258
4161,258
4162,258
4163,258
4164,258
4165,258
4166,258
4167,258
4168,258
4169,258
4170,258
4171,258
4172,258
4173,258
4174,258
4175,258
4176,258
4177,258
4178,258
4179,258
4180,264
4181,264
4182,264
4183,264
4184,264
4185,264
4186,264
4187,264
4188,264
4189,264
4190,264
4191,264
4192,264
4193,264
4194,264
4195,264
4196,264
4197,264
4198,264
4199,264
4200,259
4201,259
4202,259
4203,259
4204,259
4205,259
4206,259
4207,259
4208,259
4209,259
4210,259
4211,259
4212,259
4213,259
4214,259
4215,259
4216,259
4217,259
4218,259
4219,259
4220,263
4221,263
4222,263
4223,263
4224,263
4225,263
4226,263
4227,263
4228,263
4229,263
4230,263
4231,263
4232,263
4233,263
4234,263
4235,263
4236,263
4237,263
4238,263
4239,263
4240,265
4241,265
4242,265
4243,265
4244,265
4245,265
4246,265
4247,265
4248,265
4249,265
4250,265
4251,265
4252,265
4253,265
4254,265
4255,265
4256,265
4257,265
4258,265
4259,265
4260,260
4261,260
4262,260
4263,260
4264,260
4265,260
4266,260
4267,260
4268,260
4269,260
4270,260
4271,260
4272,260
4273,260
4274,260
4275,260
4276,260
4277,260
4278,260
4279,260
4280,266
4281,266
4282,266
4283,266
4284,266
4285,266
4286,266
4287,266
4288,266
4289,266
4290,266
4291,266
4292,266
4293,266
4294,266
4295,266
4296,266
4297,266
4298,266
4299,266
4300,263
4301,263
4302,263
4303,263
4304,263
4305,263
4306,263
4307,263
4308,263
4309,263
4310,263
4311,263
4312,263
4313,263
4314,263
4315,263
4316,263
4317,263
4318,263
4319,263
4320,264
4321,264
4322,264
4323,264
4324,264
4325,264
4326,264
4327,264
4328,264
4329,264
4330,264
4331,264
4332,264
4333,264
4334,264
4335,264
4336,264
4337,264
4338,264
4339,264
4340,267
4341,267
4342,267
4343,267
4344,267
4345,267
4346,267
4347,267
4348,267
4349,267
4350,267
4351,267
4352,267
4353,267
4354,267
4355,267
4356,267
4357,267
4358,267
4359,267
4360,262
4361,262
4362,262
4363,262
4364,262
4365,262
4366,262
4367,262
4368,262
4369,262
4370,262
4371,262
4372,262
4373,262
4374,262
4375,262
4376,262
4377,262
4378,262
4379,262
4380,267
4381,267
4382,267
4383,267
4384,267
4385,267
4386,267
4387,267
4388,267
4389,267
4390,267
4391,267
4392,267
4393,267
4394,267
4395,267
4396,267
4397,267
4398,267
4399,267
4400,264
4401,264
4402,264
4403,264
4404,264
4405,264
4406,264
4407,264
4408,264
4409,264
4410,264
4411,264
4412,264
4413,264
4414,264
4415,264
4416,264
4417,264
4418,264
4419,264
4420,263
4421,263
4422,263
4423,263
4424,263
4425,263
4426,263
4427,263
4428,263
4429,263
4430,263
4431,263
4432,263
4433,263
4434,263
4435,263
4436,263
4437,263
4438,263
4439,263
4440,268
4441,268
4442,268
4443,268
4444,268
4445,268
4446,268
4447,268
4448,268
4449,268
4450,268
4451,268
4452,268
4453,268
4454,268
4455,268
4456,268
4457,268
4458,268
4459,268
4460,262
4461,262
4462,262
4463,262
4464,262
4465,262
4466,262
4467,262
4468,262
4469,262
4470,262
4471,262
4472,262
4473,262
4474,262
4475,262
4476,262
4477,262
4478,262
4479,262
4480,267
4481,267
4482,267
4483,267
4484,267
4485,267
4486,267
4487,267
4488,267
4489,267
4490,267
4491,267
4492,267
4493,267
4494,267
4495,267
4496,267
4497,267
4498,267
4499,267
4500,265
4501,265
4502,265
4503,265
4504,265
4505,265
4506,265
4507,265
4508,265
4509,265
4510,265
4511,265
4512,265
4513,265
4514,265
4515,265
4516,265
4517,265
4518,265
4519,265
4520,262
4521,262
4522,262
4523,262
4524,262
4525,262
4526,262
4527,262
4528,262
4529,262
4530,262
4531,262
4532,262
4533,262
4534,262
4535,262
4536,262
4537,262
4538,262
4539,262
4540,268
4541,268
4542,268
4543,268
4544,268
4545,268
4546,268
4547,268
4548,268
4549,268
4550,268
4551,268
4552,268
4553,268
4554,268
4555,268
4556,268
4557,268
4558,268
4559,268
4560,263
4561,263
4562,263
4563,263
4564,263
4565,263
4566,263
4567,263
4568,263
4569,263
4570,263
4571,263
4572,263
4573,263
4574,263
4575,263
4576,263
4577,263
4578,263
4579,263
4580,266
4581,266
4582,266
4583,266
4584,266
4585,266
4586,266
4587,266
4588,266
4589,266
4590,266
4591,266
4592,266
4593,266
4594,266
4595,266
4596,266
4597,266
4598,266
4599,266
4600,265
4601,265
4602,265
4603,265
4604,265
4605,265
4606,265
4607,265
4608,265
4609,265
4610,265
4611,265
4612,265
4613,265
4614,265
4615,265
4616,265
4617,265
4618,265
4619,265
4620,262
4621,262
4622,262
4623,262
4624,262
4625,262
4626,262
4627,262
4628,262
4629,262
4630,262
4631,262
4632,262
4633,262
4634,262
4635,262
4636,262
4637,262
4638,262
4639,262
4640,268
4641,268
4642,268
4643,268
4644,268
4645,268
4646,268
4647,268
4648,268
4649,268
4650,268
4651,268
4652,268
4653,268
4654,268
4655,268
4656,268
4657,268
4658,268
4659,268
4660,262
4661,262
4662,262
4663,262
4664,262
4665,262
4666,262
4667,262
4668,262
4669,262
4670,262
4671,262
4672,262
4673,262
4674,262
4675,262
4676,262
4677,262
4678,262
4679,262
4680,263
4681,263
4682,263
4683,263
4684,263
4685,263
4686,263
4687,263
4688,263
4689,263
4690,263
4691,263
4692,263
4693,263
4694,263
4695,263
4696,263
4697,263
4698,263
4699,263
4700,264
4701,264
4702,264
4703,264
4704,264
4705,264
4706,264
4707,264
4708,264
4709,264
4710,264
4711,264
4712,264
4713,264
4714,264
4715,264
4716,264
4717,264
4718,264
4719,264
4720,259
4721,259
4722,259
4723,259
4724,259
4725,259
4726,259
4727,259
4728,259
4729,259
4730,259
4731,259
4732,259
4733,259
4734,259
4735,259
4736,259
4737,259
4738,259
4739,259
4740,265
4741,265
4742,265
4743,265
4744,265
4745,265
4746,265
4747,265
4748,265
4749,265
4750,265
4751,265
4752,265
4753,265
4754,265
4755,265
4756,265
4757,265
4758,265
4759,265
4760,261
4761,261
4762,261
4763,261
4764,261
4765,261
4766,261
4767,261
4768,261
4769,261
4770,261
4771,261
4772,261
4773,261
4774,261
4775,261
4776,261
4777,261
4778,261
4779,261
4780,261
4781,261
4782,261
4783,261
4784,261
4785,261
4786,261
4787,261
4788,261
4789,261
4790,261
4791,261
4792,261
4793,261
4794,261
4795,261
4796,261
4797,261
4798,261
4799,261
4800,263
4801,263
4802,263
4803,263
4804,263
4805,263
4806,263
4807,263
4808,263
4809,263
4810,263
4811,263
4812,263
4813,263
4814,263
4815,263
4816,263
4817,263
4818,263
4819,263
4820,256
4821,256
4822,256
4823,256
4824,256
4825,256
4826,256
4827,256
4828,256
4829,256
4830,256
4831,256
4832,256
4833,256
4834,256
4835,256
4836,256
4837,256
4838,256
4839,256
4840,263
4841,263
4842,263
4843,263
4844,263
4845,263
4846,263
4847,263
4848,263
4849,263
4850,263
4851,263
4852,263
4853,263
4854,263
4855,263
4856,263
4857,263
4858,263
4859,263
4860,260
4861,260
4862,260
4863,260
4864,260
4865,260
4866,260
4867,260
4868,260
4869,260
4870,260
4871,260
4872,260
4873,260
4874,260
4875,260
4876,260
4877,260
4878,260
4879,260
4880,258
4881,258
4882,258
4883,258
4884,258
4885,258
4886,258
4887,258
4888,258
4889,258
4890,258
4891,258
4892,258
4893,258
4894,258
4895,258
4896,258
4897,258
4898,258
4899,258
4900,262
4901,262
4902,262
4903,262
4904,262
4905,262
4906,262
4907,262
4908,262
4909,262
4910,262
4911,262
4912,262
4913,262
4914,262
4915,262
4916,262
4917,262
4918,262
4919,262
4920,255
4921,255
4922,255
4923,255
4924,255
4925,255
4926,255
4927,255
4928,255
4929,255
4930,255
4931,255
4932,255
4933,255
4934,255
4935,255
4936,255
4937,255
4938,255
4939,255
4940,262
4941,262
4942,262
4943,262
4944,262
4945,262
4946,262
4947,262
4948,262
4949,262
4950,262
4951,262
4952,262
4953,262
4954,262
4955,262
4956,262
4957,262
4958,262
4959,262
4960,260
4961,260
4962,260
4963,260
4964,260
4965,260
4966,260
4967,260
4968,260
4969,260
4970,260
4971,260
4972,260
4973,260
4974,260
4975,260
4976,260
4977,260
4978,260
4979,260
4980,258
4981,258
4982,258
4983,258
4984,258
4985,258
4986,258
4987,258
4988,258
4989,258
4990,258
4991,258
4992,258
4993,258
4994,258
4995,258
4996,258
4997,258
4998,258
4999,258
5000,262
5001,262
5002,262
5003,262
5004,262
5005,262
5006,262
5007,262
5008,262
5009,262
5010,262
5011,262
5012,262
5013,262
5014,262
5015,262
5016,262
5017,262
5018,262
5019,262
5020,256
5021,256
5022,256
5023,256
5024,256
5025,256
5026,256
5027,256
5028,256
5029,256
5030,256
5031,256
5032,256
5033,256
5034,256
5035,256
5036,256
5037,256
5038,256
5039,256
5040,262
5041,262
5042,262
5043,262
5044,262
5045,262
5046,262
5047,262
5048,262
5049,262
5050,262
5051,262
5052,262
5053,262
5054,262
5055,262
5056,262
5057,262
5058,262
5059,262
5060,261
5061,261
5062,261
5063,261
5064,261
5065,261
5066,261
5067,261
5068,261
5069,261
5070,261
5071,261
5072,261
5073,261
5074,261
5075,261
5076,261
5077,261
5078,261
5079,261
5080,257
5081,257
5082,257
5083,257
5084,257
5085,257
5086,257
5087,257
5088,257
5089,257
5090,257
5091,257
5092,257
5093,257
5094,257
5095,257
5096,257
5097,257
5098,257
5099,257
5100,262
5101,262
5102,262
5103,262
5104,262
5105,262
5106,262
5107,262
5108,262
5109,262
5110,262
5111,262
5112,262
5113,262
5114,262
5115,262
5116,262
5117,262
5118,262
5119,262
5120,257
5121,257
5122,257
5123,257
5124,257
5125,257
5126,257
5127,257
5128,257
5129,257
5130,257
5131,257
5132,257
5133,257
5134,257
5135,257
5136,257
5137,257
5138,257
5139,257
5140,261
5141,261
5142,261
5143,261
5144,261
5145,261
5146,261
5147,261
5148,261
5149,261
5150,261
5151,261
5152,261
5153,261
5154,261
5155,261
5156,261
5157,261
5158,261
5159,261
5160,262
5161,262
5162,262
5163,262
5164,262
5165,262
5166,262
5167,262
5168,262
5169,262
5170,262
5171,262
5172,262
5173,262
5174,262
5175,262
5176,262
5177,262
5178,262
5179,262
5180,258
5181,258
5182,258
5183,258
5184,258
5185,258
5186,258
5187,258
5188,258
5189,258
5190,258
5191,258
5192,258
5193,258
5194,258
5195,258
5196,258
5197,258
5198,258
5199,258
5200,264
5201,264
5202,264
5203,264
5204,264
5205,264
5206,264
5207,264
5208,264
5209,264
5210,264
5211,264
5212,264
5213,264
5214,264
5215,264
5216,264
5217,264
5218,264
5219,264
5220,259
5221,259
5222,259
5223,259
5224,259
5225,259
5226,259
5227,259
5228,259
5229,259
5230,259
5231,259
5232,259
5233,259
5234,259
5235,259
5236,259
5237,259
5238,259
5239,259
5240,261
5241,261
5242,261
5243,261
5244,261
5245,261
5246,261
5247,261
5248,261
5249,261
5250,261
5251,261
5252,261
5253,261
5254,261
5255,261
5256,261
5257,261
5258,261
5259,261
5260,265
5261,265
5262,265
5263,265
5264,265
5265,265
5266,265
5267,265
5268,265
5269,265
5270,265
5271,265
5272,265
5273,265
5274,265
5275,265
5276,265
5277,265
5278,265
5279,265
5280,260
5281,260
5282,260
5283,260
5284,260
5285,260
5286,260
5287,260
5288,260
5289,260
5290,260
5291,260
5292,260
5293,260
5294,260
5295,260
5296,260
5297,260
5298,260
5299,260
5300,266
5301,266
5302,266
5303,266
5304,266
5305,266
5306,266
5307,266
5308,266
5309,266
5310,266
5311,266
5312,266
5313,266
5314,266
5315,266
5316,266
5317,266
5318,266
5319,266
5320,262
5321,262
5322,262
5323,262
5324,262
5325,262
5326,262
5327,262
5328,262
5329,262
5330,262
5331,262
5332,262
5333,262
5334,262
5335,262
5336,262
5337,262
5338,262
5339,262
5340,263
5341,263
5342,263
5343,263
5344,263
5345,263
5346,263
5347,263
5348,263
5349,263
5350,263
5351,263
5352,263
5353,263
5354,263
5355,263
5356,263
5357,263
5358,263
5359,263
5360,267
5361,267
5362,267
5363,267
5364,267
5365,267
5366,267
5367,267
5368,267
5369,267
5370,267
5371,267
5372,267
5373,267
5374,267
5375,267
5376,267
5377,267
5378,267
5379,267
5380,262
5381,262
5382,262
5383,262
5384,262
5385,262
5386,262
5387,262
5388,262
5389,262
5390,262
5391,262
5392,262
5393,262
5394,262
5395,262
5396,262
5397,262
5398,262
5399,262
5400,267
5401,267
5402,267
5403,267
5404,267
5405,267
5406,267
5407,267
5408,267
5409,267
5410,267
5411,267
5412,267
5413,267
5414,267
5415,267
5416,267
5417,267
5418,267
5419,267
5420,264
5421,264
5422,264
5423,264
5424,264
5425,264
5426,264
5427,264
5428,264
5429,264
5430,264
5431,264
5432,264
5433,264
5434,264
5435,264
5436,264
5437,264
5438,264
5439,264
5440,263
5441,263
5442,263
5443,263
5444,263
5445,263
5446,263
5447,263
5448,263
5449,263
5450,263
5451,263
5452,263
5453,263
5454,263
5455,263
5456,263
5457,263
5458,263
5459,263
5460,268
5461,268
5462,268
5463,268
5464,268
5465,268
5466,268
5467,268
5468,268
5469,268
5470,268
5471,268
5472,268
5473,268
5474,268
5475,268
5476,268
5477,268
5478,268
5479,268
5480,262
5481,262
5482,262
5483,262
5484,262
5485,262
5486,262
5487,262
5488,262
5489,262
5490,262
5491,262
5492,262
5493,262
5494,262
5495,262
5496,262
5497,262
5498,262
5499,262
5500,267
5501,267
5502,267
5503,267
5504,267
5505,267
5506,267
5507,267
5508,267
5509,267
5510,267
5511,267
5512,267
5513,267
5514,267
5515,267
5516,267
5517,267
5518,267
5519,267
5520,265
5521,265
5522,265
5523,265
5524,265
5525,265
5526,265
5527,265
5528,265
5529,265
5530,265
5531,265
5532,265
5533,265
5534,265
5535,265
5536,265
5537,265
5538,265
5539,265
5540,262
5541,262
5542,262
5543,262
5544,262
5545,262
5546,262
5547,262
5548,262
5549,262
5550,262
5551,262
5552,262
5553,262
5554,262
5555,262
5556,262
5557,262
5558,262
5559,262
5560,268
5561,268
5562,268
5563,268
5564,268
5565,268
5566,268
5567,268
5568,268
5569,268
5570,268
5571,268
5572,268
5573,268
5574,268
5575,268
5576,268
5577,268
5578,268
5579,268
5580,263
5581,263
5582,263
5583,263
5584,263
5585,263
5586,263
5587,263
5588,263
5589,263
5590,263
5591,263
5592,263
5593,263
5594,263
5595,263
5596,263
5597,263
5598,263
5599,263
5600,266
5601,266
5602,266
5603,266
5604,266
5605,266
5606,266
5607,266
5608,266
5609,266
5610,266
5611,266
5612,266
5613,266
5614,266
5615,266
5616,266
5617,266
5618,266
5619,266
5620,265
5621,265
5622,265
5623,265
5624,265
5625,265
5626,265
5627,265
5628,265
5629,265
5630,265
5631,265
5632,265
5633,265
5634,265
5635,265
5636,265
5637,265
5638,265
5639,265
5640,261
5641,261
5642,261
5643,261
5644,261
5645,261
5646,261
5647,261
5648,261
5649,261
5650,261
5651,261
5652,261
5653,261
5654,261
5655,261
5656,261
5657,261
5658,261
5659,261
5660,269
5661,269
5662,269
5663,269
5664,269
5665,269
5666,269
5667,269
5668,269
5669,269
5670,269
5671,269
5672,269
5673,269
5674,269
5675,269
5676,269
5677,269
5678,269
5679,269
5680,264
5681,264
5682,264
5683,264
5684,264
5685,264
5686,264
5687,264
5688,264
5689,264
5690,264
5691,264
5692,264
5693,264
5694,264
5695,264
5696,264
5697,264
5698,264
5699,264
5700,264
5701,264
5702,264
5703,264
5704,264
5705,264
5706,264
5707,264
5708,264
5709,264
5710,264
5711,264
5712,264
5713,264
5714,264
5715,264
5716,264
5717,264
5718,264
5719,264
5720,264
5721,264
5722,264
5723,264
5724,264
5725,264
5726,264
5727,264
5728,264
5729,264
5730,264
5731,264
5732,264
5733,264
5734,264
5735,264
5736,264
5737,264
5738,264
5739,264
5740,259
5741,259
5742,259
5743,259
5744,259
5745,259
5746,259
5747,259
5748,259
5749,259
5750,259
5751,259
5752,259
5753,259
5754,259
5755,259
5756,259
5757,259
5758,259
5759,259
5760,267
5761,267
5762,267
5763,267
5764,267
5765,267
5766,267
5767,267
5768,267
5769,267
5770,267
5771,267
5772,267
5773,267
5774,267
5775,267
5776,267
5777,267
5778,267
5779,267
5780,261
5781,261
5782,261
5783,261
5784,261
5785,261
5786,261
5787,261
5788,261
5789,261
5790,261
5791,261
5792,261
5793,261
5794,261
5795,261
5796,261
5797,261
5798,261
5799,261
5800,261
5801,261
5802,261
5803,261
5804,261
5805,261
5806,261
5807,261
5808,261
5809,261
5810,261
5811,261
5812,261
5813,261
5814,261
5815,261
5816,261
5817,261
5818,261
5819,261
5820,263
5821,263
5822,263
5823,263
5824,263
5825,263
5826,263
5827,263
5828,263
5829,263
5830,263
5831,263
5832,263
5833,263
5834,263
5835,263
5836,263
5837,263
5838,263
5839,263
5840,257
5841,257
5842,257
5843,257
5844,257
5845,257
5846,257
5847,257
5848,257
5849,257
5850,257
5851,257
5852,257
5853,257
5854,257
5855,257
5856,257
5857,257
5858,257
5859,257
5860,264
5861,264
5862,264
5863,264
5864,264
5865,264
5866,264
5867,264
5868,264
5869,264
5870,264
5871,264
5872,264
5873,264
5874,264
5875,264
5876,264
5877,264
5878,264
5879,264
5880,260
5881,260
5882,260
5883,260
5884,260
5885,260
5886,260
5887,260
5888,260
5889,260
5890,260
5891,260
5892,260
5893,260
5894,260
5895,260
5896,260
5897,260
5898,260
5899,260
5900,258
5901,258
5902,258
5903,258
5904,258
5905,258
5906,258
5907,258
5908,258
5909,258
5910,258
5911,258
5912,258
5913,258
5914,258
5915,258
5916,258
5917,258
5918,258
5919,258
5920,261
5921,261
5922,261
5923,261
5924,261
5925,261
5926,261
5927,261
5928,261
5929,261
5930,261
5931,261
5932,261
5933,261
5934,261
5935,261
5936,261
5937,261
5938,261
5939,261
5940,255
5941,255
5942,255
5943,255
5944,255
5945,255
5946,255
5947,255
5948,255
5949,255
5950,255
5951,255
5952,255
5953,255
5954,255
5955,255
5956,255
5957,255
5958,255
5959,255
5960,262
5961,262
5962,262
5963,262
5964,262
5965,262
5966,262
5967,262
5968,262
5969,262
5970,262
5971,262
5972,262
5973,262
5974,262
5975,262
5976,262
5977,262
5978,262
5979,262
5980,260
5981,260
5982,260
5983,260
5984,260
5985,260
5986,260
5987,260
5988,260
5989,260
5990,260
5991,260
5992,260
5993,260
5994,260
5995,260
5996,260
5997,260
5998,260
5999,260
6000,258
6001,258
6002,258
6003,258
6004,258
6005,258
6006,258
6007,258
6008,258
6009,258
6010,258
6011,258
6012,258
6013,258
6014,258
6015,258
6016,258
6017,258
6018,258
6019,258
6020,262
6021,262
6022,262
6023,262
6024,262
6025,262
6026,262
6027,262
6028,262
6029,262
6030,262
6031,262
6032,262
6033,262
6034,262
6035,262
6036,262
6037,262
6038,262
6039,262
6040,256
6041,256
6042,256
6043,256
6044,256
6045,256
6046,256
6047,256
6048,256
6049,256
6050,256
6051,256
6052,256
6053,256
6054,256
6055,256
6056,256
6057,256
6058,256
6059,256
6060,261
6061,261
6062,261
6063,261
6064,261
6065,261
6066,261
6067,261
6068,261
6069,261
6070,261
6071,261
6072,261
6073,261
6074,261
6075,261
6076,261
6077,261
6078,261
6079,261
6080,261
6081,261
6082,261
6083,261
6084,261
6085,261
6086,261
6087,261
6088,261
6089,261
6090,261
6091,261
6092,261
6093,261
6094,261
6095,261
6096,261
6097,261
6098,261
6099,261
6100,257
6101,257
6102,257
6103,257
6104,257
6105,257
6106,257
6107,257
6108,257
6109,257
6110,257
6111,257
6112,257
6113,257
6114,257
6115,257
6116,257
6117,257
6118,257
6119,257
6120,262
6121,262
6122,262
6123,262
6124,262
6125,262
6126,262
6127,262
6128,262
6129,262
6130,262
6131,262
6132,262
6133,262
6134,262
6135,262
6136,262
6137,262
6138,262
6139,262
6140,257
6141,257
6142,257
6143,257
6144,257
6145,257
6146,257
6147,257
6148,257
6149,257
6150,257
6151,257
6152,257
6153,257
6154,257
6155,257
6156,257
6157,257
6158,257
6159,257
6160,261
6161,261
6162,261
6163,261
6164,261
6165,261
6166,261
6167,261
6168,261
6169,261
6170,261
6171,261
6172,261
6173,261
6174,261
6175,261
6176,261
6177,261
6178,261
6179,261
6180,262
6181,262
6182,262
6183,262
6184,262
6185,262
6186,262
6187,262
6188,262
6189,262
6190,262
6191,262
6192,262
6193,262
6194,262
6195,262
6196,262
6197,262
6198,262
6199,262
6200,256
6201,256
6202,256
6203,256
6204,256
6205,256
6206,256
6207,256
6208,256
6209,256
6210,256
6211,256
6212,256
6213,256
6214,256
6215,256
6216,256
6217,256
6218,256
6219,256
6220,264
6221,264
6222,264
6223,264
6224,264
6225,264
6226,264
6227,264
6228,264
6229,264
6230,264
6231,264
6232,264
6233,264
6234,264
6235,264
6236,264
6237,264
6238,264
6239,264
6240,259
6241,259
6242,259
6243,259
6244,259
6245,259
6246,259
6247,259
6248,259
6249,259
6250,259
6251,259
6252,259
6253,259
6254,259
6255,259
6256,259
6257,259
6258,259
6259,259
6260,261
6261,261
6262,261
6263,261
6264,261
6265,261
6266,261
6267,261
6268,261
6269,261
6270,261
6271,261
6272,261
6273,261
6274,261
6275,261
6276,261
6277,261
6278,261
6279,261
6280,263
6281,263
6282,263
6283,263
6284,263
6285,263
6286,263
6287,263
6288,263
6289,263
6290,263
6291,263
6292,263
6293,263
6294,263
6295,263
6296,263
6297,263
6298,263
6299,263
6300,259
6301,259
6302,259
6303,259
6304,259
6305,259
6306,259
6307,259
6308,259
6309,259
6310,259
6311,259
6312,259
6313,259
6314,259
6315,259
6316,259
6317,259
6318,259
6319,259
6320,266
6321,266
6322,266
6323,266
6324,266
6325,266
6326,266
6327,266
6328,266
6329,266
6330,266
6331,266
6332,266
6333,266
6334,266
6335,266
6336,266
6337,266
6338,266
6339,266
6340,261
6341,261
6342,261
6343,261
6344,261
6345,261
6346,261
6347,261
6348,261
6349,261
6350,261
6351,261
6352,261
6353,261
6354,261
6355,261
6356,261
6357,261
6358,261
6359,261
6360,262
6361,262
6362,262
6363,262
6364,262
6365,262
6366,262
6367,262
6368,262
6369,262
6370,262
6371,262
6372,262
6373,262
6374,262
6375,262
6376,262
6377,262
6378,262
6379,262
6380,266
6381,266
6382,266
6383,266
6384,266
6385,266
6386,266
6387,266
6388,266
6389,266
6390,266
6391,266
6392,266
6393,266
6394,266
6395,266
6396,266
6397,266
6398,266
6399,266
6400,262
6401,262
6402,262
6403,262
6404,262
6405,262
6406,262
6407,262
6408,262
6409,262
6410,262
6411,262
6412,262
6413,262
6414,262
6415,262
6416,262
6417,262
6418,262
6419,262
6420,267
6421,267
6422,267
6423,267
6424,267
6425,267
6426,267
6427,267
6428,267
6429,267
6430,267
6431,267
6432,267
6433,267
6434,267
6435,267
6436,267
6437,267
6438,267
6439,267
6440,264
6441,264
6442,264
6443,264
6444,264
6445,264
6446,264
6447,264
6448,264
6449,264
6450,264
6451,264
6452,264
6453,264
6454,264
6455,264
6456,264
6457,264
6458,264
6459,264
6460,263
6461,263
6462,263
6463,263
6464,263
6465,263
6466,263
6467,263
6468,263
6469,263
6470,263
6471,263
6472,263
6473,263
6474,263
6475,263
6476,263
6477,263
6478,263
6479,263
6480,268
6481,268
6482,268
6483,268
6484,268
6485,268
6486,268
6487,268
6488,268
6489,268
6490,268
6491,268
6492,268
6493,268
6494,268
6495,268
6496,268
6497,268
6498,268
6499,268
6500,262
6501,262
6502,262
6503,262
6504,262
6505,262
6506,262
6507,262
6508,262
6509,262
6510,262
6511,262
6512,262
6513,262
6514,262
6515,262
6516,262
6517,262
6518,262
6519,262
6520,267
6521,267
6522,267
6523,267
6524,267
6525,267
6526,267
6527,267
6528,267
6529,267
6530,267
6531,267
6532,267
6533,267
6534,267
6535,267
6536,267
6537,267
6538,267
6539,267
6540,264
6541,264
6542,264
6543,264
6544,264
6545,264
6546,264
6547,264
6548,264
6549,264
6550,264
6551,264
6552,264
6553,264
6554,264
6555,264
6556,264
6557,264
6558,264
6559,264
6560,262
6561,262
6562,262
6563,262
6564,262
6565,262
6566,262
6567,262
6568,262
6569,262
6570,262
6571,262
6572,262
6573,262
6574,262
6575,262
6576,262
6577,262
6578,262
6579,262
6580,268
6581,268
6582,268
6583,268
6584,268
6585,268
6586,268
6587,268
6588,268
6589,268
6590,268
6591,268
6592,268
6593,268
6594,268
6595,268
6596,268
6597,268
6598,268
6599,268
6600,263
6601,263
6602,263
6603,263
6604,263
6605,263
6606,263
6607,263
6608,263
6609,263
6610,263
6611,263
6612,263
6613,263
6614,263
6615,263
6616,263
6617,263
6618,263
6619,263
6620,266
6621,266
6622,266
6623,266
6624,266
6625,266
6626,266
6627,266
6628,266
6629,266
6630,266
6631,266
6632,266
6633,266
6634,266
6635,266
6636,266
6637,266
6638,266
6639,266
6640,265
6641,265
6642,265
6643,265
6644,265
6645,265
6646,265
6647,265
6648,265
6649,265
6650,265
6651,265
6652,265
6653,265
6654,265
6655,265
6656,265
6657,265
6658,265
6659,265
6660,261
6661,261
6662,261
6663,261
6664,261
6665,261
6666,261
6667,261
6668,261
6669,261
6670,261
6671,261
6672,261
6673,261
6674,261
6675,261
6676,261
6677,261
6678,261
6679,261
6680,269
6681,269
6682,269
6683,269
6684,269
6685,269
6686,269
6687,269
6688,269
6689,269
6690,269
6691,269
6692,269
6693,269
6694,269
6695,269
6696,269
6697,269
6698,269
6699,269
6700,264
6701,264
6702,264
6703,264
6704,264
6705,264
6706,264
6707,264
6708,264
6709,264
6710,264
6711,264
6712,264
6713,264
6714,264
6715,264
6716,264
6717,264
6718,264
6719,264
6720,265
6721,265
6722,265
6723,265
6724,265
6725,265
6726,265
6727,265
6728,265
6729,265
6730,265
6731,265
6732,265
6733,265
6734,265
6735,265
6736,265
6737,265
6738,265
6739,265
6740,264
6741,264
6742,264
6743,264
6744,264
6745,264
6746,264
6747,264
6748,264
6749,264
6750,264
6751,264
6752,264
6753,264
6754,264
6755,264
6756,264
6757,264
6758,264
6759,264
6760,259
6761,259
6762,259
6763,259
6764,259
6765,259
6766,259
6767,259
6768,259
6769,259
6770,259
6771,259
6772,259
6773,259
6774,259
6775,259
6776,259
6777,259
6778,259
6779,259
6780,267
6781,267
6782,267
6783,267
6784,267
6785,267
6786,267
6787,267
6788,267
6789,267
6790,267
6791,267
6792,267
6793,267
6794,267
6795,267
6796,267
6797,267
6798,267
6799,267
6800,263
6801,263
6802,263
6803,263
6804,263
6805,263
6806,263
6807,263
6808,263
6809,263
6810,263
6811,263
6812,263
6813,263
6814,263
6815,263
6816,263
6817,263
6818,263
6819,263
6820,262
6821,262
6822,262
6823,262
6824,262
6825,262
6826,262
6827,262
6828,262
6829,262
6830,262
6831,262
6832,262
6833,262
6834,262
6835,262
6836,262
6837,262
6838,262
6839,262
6840,263
6841,263
6842,263
6843,263
6844,263
6845,263
6846,263
6847,263
6848,263
6849,263
6850,263
6851,263
6852,263
6853,263
6854,263
6855,263
6856,263
6857,263
6858,263
6859,263
6860,257
6861,257
6862,257
6863,257
6864,257
6865,257
6866,257
6867,257
6868,257
6869,257
6870,257
6871,257
6872,257
6873,257
6874,257
6875,257
6876,257
6877,257
6878,257
6879,257
6880,265
6881,265
6882,265
6883,265
6884,265
6885,265
6886,265
6887,265
6888,265
6889,265
6890,265
6891,265
6892,265
6893,265
6894,265
6895,265
6896,265
6897,265
6898,265
6899,265
6900,261
6901,261
6902,261
6903,261
6904,261
6905,261
6906,261
6907,261
6908,261
6909,261
6910,261
6911,261
6912,261
6913,261
6914,261
6915,261
6916,261
6917,261
6918,261
6919,261
6920,259
6921,259
6922,259
6923,259
6924,259
6925,259
6926,259
6927,259
6928,259
6929,259
6930,259
6931,259
6932,259
6933,259
6934,259
6935,259
6936,259
6937,259
6938,259
6939,259
6940,261
6941,261
6942,261
6943,261
6944,261
6945,261
6946,261
6947,261
6948,261
6949,261
6950,261
6951,261
6952,261
6953,261
6954,261
6955,261
6956,261
6957,261
6958,261
6959,261
6960,255
6961,255
6962,255
6963,255
6964,255
6965,255
6966,255
6967,255
6968,255
6969,255
6970,255
6971,255
6972,255
6973,255
6974,255
6975,255
6976,255
6977,255
6978,255
6979,255
6980,262
6981,262
6982,262
6983,262
6984,262
6985,262
6986,262
6987,262
6988,262
6989,262
6990,262
6991,262
6992,262
6993,262
6994,262
6995,262
6996,262
6997,262
6998,262
6999,262
7000,260

