1,0
2,0
3,0
4,0
5,3
6,3
7,3
8,3
9,3
10,34
11,34
12,34
13,34
14,34
15,73
16,73
17,73
18,73
19,73
20,103
21,103
22,103
23,103
24,103
25,136
26,136
27,136
28,136
29,136
30,155
31,155
32,155
33,155
34,155
35,185
36,185
37,185
38,185
39,185
40,192
41,192
42,192
43,192
44,192
45,210
46,210
47,210
48,210
49,210
50,216
51,216
52,216
53,216
54,216
55,227
56,227
57,227
58,227
59,227
60,234
61,234
62,234
63,234
64,234
65,238
66,238
67,238
68,238
69,238
70,249
71,249
72,249
73,249
74,249
75,246
76,246
77,246
78,246
79,246
80,262
81,262
82,262
83,262
84,262
85,258
86,258
87,258
88,258
89,258
90,271
91,271
92,271
93,271
94,271
95,268
96,268
97,268
98,268
99,268
100,277
101,277
102,277
103,277
104,277
105,278
106,278
107,278
108,278
109,278
110,282
111,282
112,282
113,282
114,282
115,286
116,286
117,286
118,286
119,286
120,285
121,285
122,285
123,285
124,285
125,295
126,295
127,295
128,295
129,295
130,288
131,288
132,288
133,288
134,288
135,299
136,299
137,299
138,299
139,299
140,293
141,293
142,293
143,293
144,293
145,303
146,303
147,303
148,303
149,303
150,300
151,300
152,300
153,300
154,300
155,306
156,306
157,306
158,306
159,306
160,307
161,307
162,307
163,307
164,307
165,309
166,309
167,309
168,309
169,309
170,314
171,314
172,314
173,314
174,314
175,311
176,311
177,311
178,311
179,311
180,320
181,320
182,320
183,320
184,320
185,307
186,307
187,307
188,307
189,307
190,318
191,318
192,318
193,318
194,318
195,313
196,313
197,313
198,313
199,313
200,321
201,321
202,321
203,321
204,321
205,319
206,319
207,319
208,319
209,319
210,323
211,323
212,323
213,323
214,323
215,325
216,325
217,325
218,325
219,325
220,324
221,324
222,324
223,324
224,324
225,331
226,331
227,331
228,331
229,331
230,324
231,324
232,324
233,324
234,324
235,328
236,328
237,328
238,328
239,328
240,319
241,319
242,319
243,319
244,319
245,328
246,328
247,328
248,328
249,328
250,324
251,324
252,324
253,324
254,324
255,329
256,329
257,329
258,329
259,329
260,328
261,328
262,328
263,328
264,328
265,329
266,329
267,329
268,329
269,329
270,333
271,333
272,333
273,333
274,333
275,329
276,329
277,329
278,329
279,329
280,336
281,336
282,336
283,336
284,336
285,324
286,324
287,324
288,324
289,324
290,330
291,330
292,330
293,330
294,330
295,323
296,323
297,323
298,323
299,323
300,331
301,331
302,331
303,331
304,331
305,327
306,327
307,327
308,327
309,327
310,330
311,330
312,330
313,330
314,330
315,330
316,330
317,330
318,330
319,330
320,329
321,329
322,329
323,329
324,329
325,334
326,334
327,334
328,334
329,334
330,327
331,327
332,327
333,327
334,327
335,331
336,331
337,331
338,331
339,331
340,318
341,318
342,318
343,318
344,318
345,327
346,327
347,327
348,327
349,327
350,321
351,321
352,321
353,321
354,321
355,326
356,326
357,326
358,326
359,326
360,323
361,323
362,323
363,323
364,323
365,323
366,323
367,323
368,323
369,323
370,324
371,324
372,324
373,324
374,324
375,320
376,320
377,320
378,320
379,320
380,326
381,326
382,326
383,326
384,326
385,314
386,314
387,314
388,314
389,314
390,320
391,320
392,320
393,320
394,320
395,310
396,310
397,310
398,310
399,310
400,317
401,317
402,317
403,317
404,317
405,311
406,311
407,311
408,311
409,311
410,313
411,313
412,313
413,313
414,313
415,311
416,311
417,311
418,311
419,311
420,308
421,308
422,308
423,308
424,308
425,310
426,310
427,310
428,310
429,310
430,302
431,302
432,302
433,302
434,302
435,308
436,308
437,308
438,308
439,308
440,297
441,297
442,297
443,297
444,297
445,305
446,305
447,305
448,305
449,305
450,295
451,295
452,295
453,295
454,295
455,300
456,300
457,300
458,300
459,300
460,294
461,294
462,294
463,294
464,294
465,293
466,293
467,293
468,293
469,293
470,291
471,291
472,291
473,291
474,291
475,285
476,285
477,285
478,285
479,285
480,287
481,287
482,287
483,287
484,287
485,275
486,275
487,275
488,275
489,275
490,288
491,288
492,288
493,288
494,288
495,278
496,278
497,278
498,278
499,278
500,284
501,284
502,284
503,284
504,284
505,274
506,274
507,274
508,274
509,274
510,276
511,276
512,276
513,276
514,276
515,270
516,270
517,270
518,270
519,270
520,266
521,266
522,266
523,266
524,266
525,265
526,265
527,265
528,265
529,265
530,253
531,253
532,253
533,253
534,253
535,260
536,260
537,260
538,260
539,260
540,254
541,254
542,254
543,254
544,254
545,266
546,266
547,266
548,266
549,266
550,254
551,254
552,254
553,254
554,254
555,257
556,257
557,257
558,257
559,257
560,249
561,249
562,249
563,249
564,249
565,247
566,247
567,247
568,247
569,247
570,242
571,242
572,242
573,242
574,242
575,234
576,234
577,234
578,234
579,234
580,233
581,233
582,233
583,233
584,233
585,226
586,226
587,226
588,226
589,226
590,236
591,236
592,236
593,236
594,236
595,229
596,229
597,229
598,229
599,229
600,239
601,239
602,239
603,239
604,239
605,227
606,227
607,227
608,227
609,227
610,227
611,227
612,227
613,227
614,227
615,219
616,219
617,219
618,219
619,219
620,214
621,214
622,214
623,214
624,214
625,210
626,210
627,210
628,210
629,210
630,200
631,200
632,200
633,200
634,200
635,207
636,207
637,207
638,207
639,207
640,201
641,201
642,201
643,201
644,201
645,210
646,210
647,210
648,210
649,210
650,203
651,203
652,203
653,203
654,203
655,210
656,210
657,210
658,210
659,210
660,199
661,199
662,199
663,199
664,199
665,197
666,197
667,197
668,197
669,197
670,191
671,191
672,191
673,191
674,191
675,182
676,182
677,182
678,182
679,182
680,182
681,182
682,182
683,182
684,182
685,178
686,178
687,178
688,178
689,178
690,185
691,185
692,185
693,185
694,185
695,180
696,180
697,180
698,180
699,180
700,188
701,188
702,188
703,188
704,188
705,183
706,183
707,183
708,183
709,183
710,185
711,185
712,185
713,185
714,185
715,176
716,176
717,176
718,176
719,176
720,172
721,172
722,172
723,172
724,172
725,167
726,167
727,167
728,167
729,167
730,159
731,159
732,159
733,159
734,159
735,166
736,166
737,166
738,166
739,166
740,163
741,163
742,163
743,163
744,163
745,170
746,170
747,170
748,170
749,170
750,165
751,165
752,165
753,165
754,165
755,175
756,175
757,175
758,175
759,175
760,169
761,169
762,169
763,169
764,169
765,168
766,168
767,168
768,168
769,168
770,161
771,161
772,161
773,161
774,161
775,155
776,155
777,155
778,155
779,155
780,156
781,156
782,156
783,156
784,156
785,153
786,153
787,153
788,153
789,153
790,161
791,161
792,161
793,161
794,161
795,158
796,158
797,158
798,158
799,158
800,166
801,166
802,166
803,166
804,166
805,164
806,164
807,164
808,164
809,164
810,172
811,172
812,172
813,172
814,172
815,163
816,163
817,163
818,163
819,163
820,161
821,161
822,161
823,161
824,161
825,158
826,158
827,158
828,158
829,158
830,152
831,152
832,152
833,152
834,152
835,158
836,158
837,158
838,158
839,158
840,157
841,157
842,157
843,157
844,157
845,166
846,166
847,166
848,166
849,166
850,164
851,164
852,164
853,164
854,164
855,174
856,174
857,174
858,174
859,174
860,172
861,172
862,172
863,172
864,172
865,175
866,175
867,175
868,175
869,175
870,171
871,171
872,171
873,171
874,171
875,168
876,168
877,168
878,168
879,168
880,167
881,167
882,167
883,167
884,167
885,163
886,163
887,163
888,163
889,163
890,174
891,174
892,174
893,174
894,174
895,173
896,173
897,173
898,173
899,173
900,184
901,184
902,184
903,184
904,184
905,183
906,183
907,183
908,183
909,183
910,195
911,195
912,195
913,195
914,195
915,188
916,188
917,188
918,188
919,188
920,191
921,191
922,191
923,191
924,191
925,188
926,188
927,188
928,188
929,188
930,185
931,185
932,185
933,185
934,185
935,189
936,189
937,189
938,189
939,189
940,187
941,187
942,187
943,187
944,187
945,200
946,200
947,200
948,200
949,200
950,199
951,199
952,199
953,199
954,199
955,214
956,214
957,214
958,214
959,214
960,210
961,210
962,210
963,210
964,210
965,216
966,216
967,216
968,216
969,216
970,213
971,213
972,213
973,213
974,213
975,214
976,214
977,214
978,214
979,214
980,215
981,215
982,215
983,215
984,215
985,210
986,210
987,210
988,210
989,210
990,218
991,218
992,218
993,218
994,218
995,217
996,217
997,217
998,217
999,217
1000,233
1001,233
1002,233
1003,233
1004,233
1005,231
1006,231
1007,231
1008,231
1009,231
1010,242
1011,242
1012,242
1013,242
1014,242
1015,236
1016,236
1017,236
1018,236
1019,236
1020,242
1021,242
1022,242
1023,242
1024,242
1025,240
1026,240
1027,240
1028,240
1029,240
1030,241
1031,241
1032,241
1033,241
1034,241
1035,245
1036,245
1037,245
1038,245
1039,245
1040,239
1041,239
1042,239
1043,239
1044,239
1045,251
1046,251
1047,251
1048,251
1049,251
1050,250
1051,250
1052,250
1053,250
1054,250
1055,265
1056,265
1057,265
1058,265
1059,265
1060,258
1061,258
1062,258
1063,258
1064,258
1065,267
1066,267
1067,267
1068,267
1069,267
1070,264
1071,264
1072,264
1073,264
1074,264
1075,268
1076,268
1077,268
1078,268
1079,268
1080,270
1081,270
1082,270
1083,270
1084,270
1085,269
1086,269
1087,269
1088,269
1089,269
1090,275
1091,275
1092,275
1093,275
1094,275
1095,269
1096,269
1097,269
1098,269
1099,269
1100,284
1101,284
1102,284
1103,284
1104,284
1105,278
1106,278
1107,278
1108,278
1109,278
1110,289
1111,289
1112,289
1113,289
1114,289
1115,284
1116,284
1117,284
1118,284
1119,284
1120,292
1121,292
1122,292
1123,292
1124,292
1125,291
1126,291
1127,291
1128,291
1129,291
1130,294
1131,294
1132,294
1133,294
1134,294
1135,297
1136,297
1137,297
1138,297
1139,297
1140,294
1141,294
1142,294
1143,294
1144,294
1145,303
1146,303
1147,303
1148,303
1149,303
1150,295
1151,295
1152,295
1153,295
1154,295
1155,307
1156,307
1157,307
1158,307
1159,307
1160,300
1161,300
1162,300
1163,300
1164,300
1165,310
1166,310
1167,310
1168,310
1169,310
1170,306
1171,306
1172,306
1173,306
1174,306
1175,311
1176,311
1177,311
1178,311
1179,311
1180,312
1181,312
1182,312
1183,312
1184,312
1185,313
1186,313
1187,313
1188,313
1189,313
1190,318
1191,318
1192,318
1193,318
1194,318
1195,314
1196,314
1197,314
1198,314
1199,314
1200,323
1201,323
1202,323
1203,323
1204,323
1205,311
1206,311
1207,311
1208,311
1209,311
1210,322
1211,322
1212,322
1213,322
1214,322
1215,316
1216,316
1217,316
1218,316
1219,316
1220,324
1221,324
1222,324
1223,324
1224,324
1225,322
1226,322
1227,322
1228,322
1229,322
1230,326
1231,326
1232,326
1233,326
1234,326
1235,328
1236,328
1237,328
1238,328
1239,328
1240,327
1241,327
1242,327
1243,327
1244,327
1245,335
1246,335
1247,335
1248,335
1249,335
1250,327
1251,327
1252,327
1253,327
1254,327
1255,332
1256,332
1257,332
1258,332
1259,332
1260,323
1261,323
1262,323
1263,323
1264,323
1265,332
1266,332
1267,332
1268,332
1269,332
1270,328
1271,328
1272,328
1273,328
1274,328
1275,334
1276,334
1277,334
1278,334
1279,334
1280,333
1281,333
1282,333
1283,333
1284,333
1285,335
1286,335
1287,335
1288,335
1289,335
1290,339
1291,339
1292,339
1293,339
1294,339
1295,334
1296,334
1297,334
1298,334
1299,334
1300,342
1301,342
1302,342
1303,342
1304,342
1305,329
1306,329
1307,329
1308,329
1309,329
1310,335
1311,335
1312,335
1313,335
1314,335
1315,328
1316,328
1317,328
1318,328
1319,328
1320,335
1321,335
1322,335
1323,335
1324,335
1325,332
1326,332
1327,332
1328,332
1329,332
1330,336
1331,336
1332,336
1333,336
1334,336
1335,336
1336,336
1337,336
1338,336
1339,336
1340,336
1341,336
1342,336
1343,336
1344,336
1345,341
1346,341
1347,341
1348,341
1349,341
1350,334
1351,334
1352,334
1353,334
1354,334
1355,338
1356,338
1357,338
1358,338
1359,338
1360,326
1361,326
1362,326
1363,326
1364,326
1365,334
1366,334
1367,334
1368,334
1369,334
1370,328
1371,328
1372,328
1373,328
1374,328
1375,333
1376,333
1377,333
1378,333
1379,333
1380,331
1381,331
1382,331
1383,331
1384,331
1385,331
1386,331
1387,331
1388,331
1389,331
1390,333
1391,333
1392,333
1393,333
1394,333
1395,329
1396,329
1397,329
1398,329
1399,329
1400,335
1401,335
1402,335
1403,335
1404,335
1405,323
1406,323
1407,323
1408,323
1409,323
1410,328
1411,328
1412,328
1413,328
1414,328
1415,319
1416,319
1417,319
1418,319
1419,319
1420,326
1421,326
1422,326
1423,326
1424,326
1425,321
1426,321
1427,321
1428,321
1429,321
1430,323
1431,323
1432,323
1433,323
1434,323
1435,321
1436,321
1437,321
1438,321
1439,321
1440,319
1441,319
1442,319
1443,319
1444,319
1445,321
1446,321
1447,321
1448,321
1449,321
1450,314
1451,314
1452,314
1453,314
1454,314
1455,320
1456,320
1457,320
1458,320
1459,320
1460,307
1461,307
1462,307
1463,307
1464,307
1465,316
1466,316
1467,316
1468,316
1469,316
1470,306
1471,306
1472,306
1473,306
1474,306
1475,311
1476,311
1477,311
1478,311
1479,311
1480,306
1481,306
1482,306
1483,306
1484,306
1485,306
1486,306
1487,306
1488,306
1489,306
1490,305
1491,305
1492,305
1493,305
1494,305
1495,299
1496,299
1497,299
1498,299
1499,299
1500,302
1501,302
1502,302
1503,302
1504,302
1505,290
1506,290
1507,290
1508,290
1509,290
1510,301
1511,301
1512,301
1513,301
1514,301
1515,290
1516,290
1517,290
1518,290
1519,290
1520,296
1521,296
1522,296
1523,296
1524,296
1525,288
1526,288
1527,288
1528,288
1529,288
1530,290
1531,290
1532,290
1533,290
1534,290
1535,285
1536,285
1537,285
1538,285
1539,285
1540,281
1541,281
1542,281
1543,281
1544,281
1545,280
1546,280
1547,280
1548,280
1549,280
1550,271
1551,271
1552,271
1553,271
1554,271
1555,275
1556,275
1557,275
1558,275
1559,275
1560,269
1561,269
1562,269
1563,269
1564,269
1565,279
1566,279
1567,279
1568,279
1569,279
1570,268
1571,268
1572,268
1573,268
1574,268
1575,272
1576,272
1577,272
1578,272
1579,272
1580,263
1581,263
1582,263
1583,263
1584,263
1585,262
1586,262
1587,262
1588,262
1589,262
1590,257
1591,257
1592,257
1593,257
1594,257
1595,250
1596,250
1597,250
1598,250
1599,250
1600,250
1601,250
1602,250
1603,250
1604,250
1605,240
1606,240
1607,240
1608,240
1609,240
1610,251
1611,251
1612,251
1613,251
1614,251
1615,244
1616,244
1617,244
1618,244
1619,244
1620,253
1621,253
1622,253
1623,253
1624,253
1625,241
1626,241
1627,241
1628,241
1629,241
1630,242
1631,242
1632,242
1633,242
1634,242
1635,235
1636,235
1637,235
1638,235
1639,235
1640,229
1641,229
1642,229
1643,229
1644,229
1645,226
1646,226
1647,226
1648,226
1649,226
1650,215
1651,215
1652,215
1653,215
1654,215
1655,222
1656,222
1657,222
1658,222
1659,222
1660,216
1661,216
1662,216
1663,216
1664,216
1665,225
1666,225
1667,225
1668,225
1669,225
1670,219
1671,219
1672,219
1673,219
1674,219
1675,224
1676,224
1677,224
1678,224
1679,224
1680,213
1681,213
1682,213
1683,213
1684,213
1685,211
1686,211
1687,211
1688,211
1689,211
1690,205
1691,205
1692,205
1693,205
1694,205
1695,197
1696,197
1697,197
1698,197
1699,197
1700,196
1701,196
1702,196
1703,196
1704,196
1705,190
1706,190
1707,190
1708,190
1709,190
1710,198
1711,198
1712,198
1713,198
1714,198
1715,192
1716,192
1717,192
1718,192
1719,192
1720,200
1721,200
1722,200
1723,200
1724,200
1725,195
1726,195
1727,195
1728,195
1729,195
1730,196
1731,196
1732,196
1733,196
1734,196
1735,187
1736,187
1737,187
1738,187
1739,187
1740,183
1741,183
1742,183
1743,183
1744,183
1745,178
1746,178
1747,178
1748,178
1749,178
1750,169
1751,169
1752,169
1753,169
1754,169
1755,175
1756,175
1757,175
1758,175
1759,175
1760,171
1761,171
1762,171
1763,171
1764,171
1765,178
1766,178
1767,178
1768,178
1769,178
1770,173
1771,173
1772,173
1773,173
1774,173
1775,182
1776,182
1777,182
1778,182
1779,182
1780,175
1781,175
1782,175
1783,175
1784,175
1785,174
1786,174
1787,174
1788,174
1789,174
1790,167
1791,167
1792,167
1793,167
1794,167
1795,159
1796,159
1797,159
1798,159
1799,159
1800,159
1801,159
1802,159
1803,159
1804,159
1805,156
1806,156
1807,156
1808,156
1809,156
1810,163
1811,163
1812,163
1813,163
1814,163
1815,159
1816,159
1817,159
1818,159
1819,159
1820,168
1821,168
1822,168
1823,168
1824,168
1825,165
1826,165
1827,165
1828,165
1829,165
1830,173
1831,173
1832,173
1833,173
1834,173
1835,165
1836,165
1837,165
1838,165
1839,165
1840,163
1841,163
1842,163
1843,163
1844,163
1845,158
1846,158
1847,158
1848,158
1849,158
1850,151
1851,151
1852,151
1853,151
1854,151
1855,157
1856,157
1857,157
1858,157
1859,157
1860,155
1861,155
1862,155
1863,155
1864,155
1865,163
1866,163
1867,163
1868,163
1869,163
1870,160
1871,160
1872,160
1873,160
1874,160
1875,170
1876,170
1877,170
1878,170
1879,170
1880,168
1881,168
1882,168
1883,168
1884,168
1885,170
1886,170
1887,170
1888,170
1889,170
1890,165
1891,165
1892,165
1893,165
1894,165
1895,161
1896,161
1897,161
1898,161
1899,161
1900,160
1901,160
1902,160
1903,160
1904,160
1905,157
1906,157
1907,157
1908,157
1909,157
1910,167
1911,167
1912,167
1913,167
1914,167
1915,165
1916,165
1917,165
1918,165
1919,165
1920,176
1921,176
1922,176
1923,176
1924,176
1925,174
1926,174
1927,174
1928,174
1929,174
1930,185
1931,185
1932,185
1933,185
1934,185
1935,179
1936,179
1937,179
1938,179
1939,179
1940,180
1941,180
1942,180
1943,180
1944,180
1945,178
1946,178
1947,178
1948,178
1949,178
1950,173
1951,173
1952,173
1953,173
1954,173
1955,177
1956,177
1957,177
1958,177
1959,177
1960,176
1961,176
1962,176
1963,176
1964,176
1965,188
1966,188
1967,188
1968,188
1969,188
1970,187
1971,187
1972,187
1973,187
1974,187
1975,200
1976,200
1977,200
1978,200
1979,200
1980,198
1981,198
1982,198
1983,198
1984,198
1985,204
1986,204
1987,204
1988,204
1989,204
1990,199
1991,199
1992,199
1993,199
1994,199
1995,200
1996,200
1997,200
1998,200
1999,200
2000,201
2001,201
2002,201
2003,201
2004,201
2005,195
2006,195
2007,195
2008,195
2009,195
2010,204
2011,204
2012,204
2013,204
2014,204
2015,203
2016,203
2017,203
2018,203
2019,203
2020,218
2021,218
2022,218
2023,218
2024,218
2025,217
2026,217
2027,217
2028,217
2029,217
2030,230
2031,230
2032,230
2033,230
2034,230
2035,223
2036,223
2037,223
2038,223
2039,223
2040,228
2041,228
2042,228
2043,228
2044,228
2045,226
2046,226
2047,226
2048,226
2049,226
2050,226
2051,226
2052,226
2053,226
2054,226
2055,230
2056,230
2057,230
2058,230
2059,230
2060,223
2061,223
2062,223
2063,223
2064,223
2065,237
2066,237
2067,237
2068,237
2069,237
2070,236
2071,236
2072,236
2073,236
2074,236
2075,253
2076,253
2077,253
2078,253
2079,253
2080,246
2081,246
2082,246
2083,246
2084,246
2085,255
2086,255
2087,255
2088,255
2089,255
2090,251
2091,251
2092,251
2093,251
2094,251
2095,255
2096,255
2097,255
2098,255
2099,255
2100,256
2101,256
2102,256
2103,256
2104,256
2105,255
2106,255
2107,255
2108,255
2109,255
2110,261
2111,261
2112,261
2113,261
2114,261
2115,254
2116,254
2117,254
2118,254
2119,254
2120,270
2121,270
2122,270
2123,270
2124,270
2125,267
2126,267
2127,267
2128,267
2129,267
2130,278
2131,278
2132,278
2133,278
2134,278
2135,272
2136,272
2137,272
2138,272
2139,272
2140,280
2141,280
2142,280
2143,280
2144,280
2145,279
2146,279
2147,279
2148,279
2149,279
2150,281
2151,281
2152,281
2153,281
2154,281
2155,285
2156,285
2157,285
2158,285
2159,285
2160,281
2161,281
2162,281
2163,281
2164,281
2165,289
2166,289
2167,289
2168,289
2169,289
2170,283
2171,283
2172,283
2173,283
2174,283
2175,298
2176,298
2177,298
2178,298
2179,298
2180,290
2181,290
2182,290
2183,290
2184,290
2185,300
2186,300
2187,300
2188,300
2189,300
2190,297
2191,297
2192,297
2193,297
2194,297
2195,302
2196,302
2197,302
2198,302
2199,302
2200,303
2201,303
2202,303
2203,303
2204,303
2205,304
2206,304
2207,304
2208,304
2209,304
2210,309
2211,309
2212,309
2213,309
2214,309
2215,305
2216,305
2217,305
2218,305
2219,305
2220,315
2221,315
2222,315
2223,315
2224,315
2225,304
2226,304
2227,304
2228,304
2229,304
2230,316
2231,316
2232,316
2233,316
2234,316
2235,311
2236,311
2237,311
2238,311
2239,311
2240,318
2241,318
2242,318
2243,318
2244,318
2245,316
2246,316
2247,316
2248,316
2249,316
2250,320
2251,320
2252,320
2253,320
2254,320
2255,323
2256,323
2257,323
2258,323
2259,323
2260,321
2261,321
2262,321
2263,321
2264,321
2265,329
2266,329
2267,329
2268,329
2269,329
2270,322
2271,322
2272,322
2273,322
2274,322
2275,328
2276,328
2277,328
2278,328
2279,328
2280,319
2281,319
2282,319
2283,319
2284,319
2285,329
2286,329
2287,329
2288,329
2289,329
2290,325
2291,325
2292,325
2293,325
2294,325
2295,330
2296,330
2297,330
2298,330
2299,330
2300,330
2301,330
2302,330
2303,330
2304,330
2305,331
2306,331
2307,331
2308,331
2309,331
2310,335
2311,335
2312,335
2313,335
2314,335
2315,332
2316,332
2317,332
2318,332
2319,332
2320,340
2321,340
2322,340
2323,340
2324,340
2325,327
2326,327
2327,327
2328,327
2329,327
2330,334
2331,334
2332,334
2333,334
2334,334
2335,328
2336,328
2337,328
2338,328
2339,328
2340,335
2341,335
2342,335
2343,335
2344,335
2345,332
2346,332
2347,332
2348,332
2349,332
2350,336
2351,336
2352,336
2353,336
2354,336
2355,336
2356,336
2357,336
2358,336
2359,336
2360,336
2361,336
2362,336
2363,336
2364,336
2365,341
2366,341
2367,341
2368,341
2369,341
2370,335
2371,335
2372,335
2373,335
2374,335
2375,339
2376,339
2377,339
2378,339
2379,339
2380,327
2381,327
2382,327
2383,327
2384,327
2385,336
2386,336
2387,336
2388,336
2389,336
2390,330
2391,330
2392,330
2393,330
2394,330
2395,336
2396,336
2397,336
2398,336
2399,336
2400,333
2401,333
2402,333
2403,333
2404,333
2405,335
2406,335
2407,335
2408,335
2409,335
2410,337
2411,337
2412,337
2413,337
2414,337
2415,333
2416,333
2417,333
2418,333
2419,333
2420,340
2421,340
2422,340
2423,340
2424,340
2425,328
2426,328
2427,328
2428,328
2429,328
2430,333
2431,333
2432,333
2433,333
2434,333
2435,324
2436,324
2437,324
2438,324
2439,324
2440,331
2441,331
2442,331
2443,331
2444,331
2445,326
2446,326
2447,326
2448,326
2449,326
2450,329
2451,329
2452,329
2453,329
2454,329
2455,328
2456,328
2457,328
2458,328
2459,328
2460,326
2461,326
2462,326
2463,326
2464,326
2465,329
2466,329
2467,329
2468,329
2469,329
2470,323
2471,323
2472,323
2473,323
2474,323
2475,329
2476,329
2477,329
2478,329
2479,329
2480,314
2481,314
2482,314
2483,314
2484,314
2485,323
2486,323
2487,323
2488,323
2489,323
2490,315
2491,315
2492,315
2493,315
2494,315
2495,320
2496,320
2497,320
2498,320
2499,320
2500,315
2501,315
2502,315
2503,315
2504,315
2505,315
2506,315
2507,315
2508,315
2509,315
2510,315
2511,315
2512,315
2513,315
2514,315
2515,310
2516,310
2517,310
2518,310
2519,310
2520,314
2521,314
2522,314
2523,314
2524,314
2525,302
2526,302
2527,302
2528,302
2529,302
2530,311
2531,311
2532,311
2533,311
2534,311
2535,300
2536,300
2537,300
2538,300
2539,300
2540,306
2541,306
2542,306
2543,306
2544,306
2545,299
2546,299
2547,299
2548,299
2549,299
2550,301
2551,301
2552,301
2553,301
2554,301
2555,297
2556,297
2557,297
2558,297
2559,297
2560,294
2561,294
2562,294
2563,294
2564,294
2565,294
2566,294
2567,294
2568,294
2569,294
2570,284
2571,284
2572,284
2573,284
2574,284
2575,289
2576,289
2577,289
2578,289
2579,289
2580,281
2581,281
2582,281
2583,281
2584,281
2585,291
2586,291
2587,291
2588,291
2589,291
2590,280
2591,280
2592,280
2593,280
2594,280
2595,284
2596,284
2597,284
2598,284
2599,284
2600,276
2601,276
2602,276
2603,276
2604,276
2605,275
2606,275
2607,275
2608,275
2609,275
2610,272
2611,272
2612,272
2613,272
2614,272
2615,265
2616,265
2617,265
2618,265
2619,265
2620,265
2621,265
2622,265
2623,265
2624,265
2625,254
2626,254
2627,254
2628,254
2629,254
2630,266
2631,266
2632,266
2633,266
2634,266
2635,259
2636,259
2637,259
2638,259
2639,259
2640,266
2641,266
2642,266
2643,266
2644,266
2645,255
2646,255
2647,255
2648,255
2649,255
2650,256
2651,256
2652,256
2653,256
2654,256
2655,249
2656,249
2657,249
2658,249
2659,249
2660,245
2661,245
2662,245
2663,245
2664,245
2665,242
2666,242
2667,242
2668,242
2669,242
2670,231
2671,231
2672,231
2673,231
2674,231
2675,236
2676,236
2677,236
2678,236
2679,236
2680,230
2681,230
2682,230
2683,230
2684,230
2685,240
2686,240
2687,240
2688,240
2689,240
2690,233
2691,233
2692,233
2693,233
2694,233
2695,237
2696,237
2697,237
2698,237
2699,237
2700,227
2701,227
2702,227
2703,227
2704,227
2705,225
2706,225
2707,225
2708,225
2709,225
2710,219
2711,219
2712,219
2713,219
2714,219
2715,211
2716,211
2717,211
2718,211
2719,211
2720,209
2721,209
2722,209
2723,209
2724,209
2725,203
2726,203
2727,203
2728,203
2729,203
2730,211
2731,211
2732,211
2733,211
2734,211
2735,205
2736,205
2737,205
2738,205
2739,205
2740,214
2741,214
2742,214
2743,214
2744,214
2745,207
2746,207
2747,207
2748,207
2749,207
2750,207
2751,207
2752,207
2753,207
2754,207
2755,198
2756,198
2757,198
2758,198
2759,198
2760,194
2761,194
2762,194
2763,194
2764,194
2765,189
2766,189
2767,189
2768,189
2769,189
2770,179
2771,179
2772,179
2773,179
2774,179
2775,186
2776,186
2777,186
2778,186
2779,186
2780,181
2781,181
2782,181
2783,181
2784,181
2785,188
2786,188
2787,188
2788,188
2789,188
2790,184
2791,184
2792,184
2793,184
2794,184
2795,192
2796,192
2797,192
2798,192
2799,192
2800,183
2801,183
2802,183
2803,183
2804,183
2805,182
2806,182
2807,182
2808,182
2809,182
2810,175
2811,175
2812,175
2813,175
2814,175
2815,168
2816,168
2817,168
2818,168
2819,168
2820,166
2821,166
2822,166
2823,166
2824,166
2825,163
2826,163
2827,163
2828,163
2829,163
2830,169
2831,169
2832,169
2833,169
2834,169
2835,165
2836,165
2837,165
2838,165
2839,165
2840,172
2841,172
2842,172
2843,172
2844,172
2845,169
2846,169
2847,169
2848,169
2849,169
2850,176
2851,176
2852,176
2853,176
2854,176
2855,167
2856,167
2857,167
2858,167
2859,167
2860,164
2861,164
2862,164
2863,164
2864,164
2865,159
2866,159
2867,159
2868,159
2869,159
2870,152
2871,152
2872,152
2873,152
2874,152
2875,158
2876,158
2877,158
2878,158
2879,158
2880,156
2881,156
2882,156
2883,156
2884,156
2885,163
2886,163
2887,163
2888,163
2889,163
2890,161
2891,161
2892,161
2893,161
2894,161
2895,170
2896,170
2897,170
2898,170
2899,170
2900,166
2901,166
2902,166
2903,166
2904,166
2905,169
2906,169
2907,169
2908,169
2909,169
2910,162
2911,162
2912,162
2913,162
2914,162
2915,157
2916,157
2917,157
2918,157
2919,157
2920,155
2921,155
2922,155
2923,155
2924,155
2925,153
2926,153
2927,153
2928,153
2929,153
2930,161
2931,161
2932,161
2933,161
2934,161
2935,159
2936,159
2937,159
2938,159
2939,159
2940,169
2941,169
2942,169
2943,169
2944,169
2945,167
2946,167
2947,167
2948,167
2949,167
2950,177
2951,177
2952,177
2953,177
2954,177
2955,171
2956,171
2957,171
2958,171
2959,171
2960,172
2961,172
2962,172
2963,172
2964,172
2965,168
2966,168
2967,168
2968,168
2969,168
2970,163
2971,163
2972,163
2973,163
2974,163
2975,167
2976,167
2977,167
2978,167
2979,167
2980,167
2981,167
2982,167
2983,167
2984,167
2985,177
2986,177
2987,177
2988,177
2989,177
2990,176
2991,176
2992,176
2993,176
2994,176
2995,188
2996,188
2997,188
2998,188
2999,188
3000,186
3001,186
3002,186
3003,186
3004,186
3005,193
3006,193
3007,193
3008,193
3009,193
3010,188
3011,188
3012,188
3013,188
3014,188
3015,188
3016,188
3017,188
3018,188
3019,188
3020,187
3021,187
3022,187
3023,187
3024,187
3025,181
3026,181
3027,181
3028,181
3029,181
3030,192
3031,192
3032,192
3033,192
3034,192
3035,191
3036,191
3037,191
3038,191
3039,191
3040,204
3041,204
3042,204
3043,204
3044,204
3045,203
3046,203
3047,203
3048,203
3049,203
3050,216
3051,216
3052,216
3053,216
3054,216
3055,210
3056,210
3057,210
3058,210
3059,210
3060,214
3061,214
3062,214
3063,214
3064,214
3065,212
3066,212
3067,212
3068,212
3069,212
3070,211
3071,211
3072,211
3073,211
3074,211
3075,214
3076,214
3077,214
3078,214
3079,214
3080,208
3081,208
3082,208
3083,208
3084,208
3085,222
3086,222
3087,222
3088,222
3089,222
3090,221
3091,221
3092,221
3093,221
3094,221
3095,238
3096,238
3097,238
3098,238
3099,238
3100,233
3101,233
3102,233
3103,233
3104,233
3105,241
3106,241
3107,241
3108,241
3109,241
3110,237
3111,237
3112,237
3113,237
3114,237
3115,240
3116,240
3117,240
3118,240
3119,240
3120,240
3121,240
3122,240
3123,240
3124,240
3125,239
3126,239
3127,239
3128,239
3129,239
3130,245
3131,245
3132,245
3133,245
3134,245
3135,239
3136,239
3137,239
3138,239
3139,239
3140,257
3141,257
3142,257
3143,257
3144,257
3145,254
3146,254
3147,254
3148,254
3149,254
3150,266
3151,266
3152,266
3153,266
3154,266
3155,260
3156,260
3157,260
3158,260
3159,260
3160,267
3161,267
3162,267
3163,267
3164,267
3165,265
3166,265
3167,265
3168,265
3169,265
3170,268
3171,268
3172,268
3173,268
3174,268
3175,271
3176,271
3177,271
3178,271
3179,271
3180,268
3181,268
3182,268
3183,268
3184,268
3185,276
3186,276
3187,276
3188,276
3189,276
3190,270
3191,270
3192,270
3193,270
3194,270
3195,287
3196,287
3197,287
3198,287
3199,287
3200,280
3201,280
3202,280
3203,280
3204,280
3205,289
3206,289
3207,289
3208,289
3209,289
3210,286
3211,286
3212,286
3213,286
3214,286
3215,291
3216,291
3217,291
3218,291
3219,291
3220,292
3221,292
3222,292
3223,292
3224,292
3225,292
3226,292
3227,292
3228,292
3229,292
3230,298
3231,298
3232,298
3233,298
3234,298
3235,293
3236,293
3237,293
3238,293
3239,293
3240,304
3241,304
3242,304
3243,304
3244,304
3245,295
3246,295
3247,295
3248,295
3249,295
3250,307
3251,307
3252,307
3253,307
3254,307
3255,302
3256,302
3257,302
3258,302
3259,302
3260,310
3261,310
3262,310
3263,310
3264,310
3265,308
3266,308
3267,308
3268,308
3269,308
3270,311
3271,311
3272,311
3273,311
3274,311
3275,314
3276,314
3277,314
3278,314
3279,314
3280,313
3281,313
3282,313
3283,313
3284,313
3285,320
3286,320
3287,320
3288,320
3289,320
3290,314
3291,314
3292,314
3293,314
3294,314
3295,321
3296,321
3297,321
3298,321
3299,321
3300,313
3301,313
3302,313
3303,313
3304,313
3305,322
3306,322
3307,322
3308,322
3309,322
3310,319
3311,319
3312,319
3313,319
3314,319
3315,325
3316,325
3317,325
3318,325
3319,325
3320,324
3321,324
3322,324
3323,324
3324,324
3325,326
3326,326
3327,326
3328,326
3329,326
3330,330
3331,330
3332,330
3333,330
3334,330
3335,328
3336,328
3337,328
3338,328
3339,328
3340,336
3341,336
3342,336
3343,336
3344,336
3345,323
3346,323
3347,323
3348,323
3349,323
3350,331
3351,331
3352,331
3353,331
3354,331
3355,325
3356,325
3357,325
3358,325
3359,325
3360,333
3361,333
3362,333
3363,333
3364,333
3365,330
3366,330
3367,330
3368,330
3369,330
3370,334
3371,334
3372,334
3373,334
3374,334
3375,335
3376,335
3377,335
3378,335
3379,335
3380,335
3381,335
3382,335
3383,335
3384,335
3385,340
3386,340
3387,340
3388,340
3389,340
3390,335
3391,335
3392,335
3393,335
3394,335
3395,339
3396,339
3397,339
3398,339
3399,339
3400,326
3401,326
3402,326
3403,326
3404,326
3405,336
3406,336
3407,336
3408,336
3409,336
3410,330
3411,330
3412,330
3413,330
3414,330
3415,336
3416,336
3417,336
3418,336
3419,336
3420,334
3421,334
3422,334
3423,334
3424,334
3425,336
3426,336
3427,336
3428,336
3429,336
3430,339
3431,339
3432,339
3433,339
3434,339
3435,336
3436,336
3437,336
3438,336
3439,336
3440,343
3441,343
3442,343
3443,343
3444,343
3445,331
3446,331
3447,331
3448,331
3449,331
3450,335
3451,335
3452,335
3453,335
3454,335
3455,327
3456,327
3457,327
3458,327
3459,327
3460,334
3461,334
3462,334
3463,334
3464,334
3465,330
3466,330
3467,330
3468,330
3469,330
3470,333
3471,333
3472,333
3473,333
3474,333
3475,332
3476,332
3477,332
3478,332
3479,332
3480,331
3481,331
3482,331
3483,331
3484,331
3485,335
3486,335
3487,335
3488,335
3489,335
3490,329
3491,329
3492,329
3493,329
3494,329
3495,334
3496,334
3497,334
3498,334
3499,334
3500,320
3501,320
3502,320
3503,320
3504,320
3505,328
3506,328
3507,328
3508,328
3509,328
3510,321
3511,321
3512,321
3513,321
3514,321
3515,326
3516,326
3517,326
3518,326
3519,326
3520,322
3521,322
3522,322
3523,322
3524,322
3525,323
3526,323
3527,323
3528,323
3529,323
3530,323
3531,323
3532,323
3533,323
3534,323
3535,319
3536,319
3537,319
3538,319
3539,319
3540,323
3541,323
3542,323
3543,323
3544,323
3545,313
3546,313
3547,313
3548,313
3549,313
3550,319
3551,319
3552,319
3553,319
3554,319
3555,308
3556,308
3557,308
3558,308
3559,308
3560,315
3561,315
3562,315
3563,315
3564,315
3565,307
3566,307
3567,307
3568,307
3569,307
3570,310
3571,310
3572,310
3573,310
3574,310
3575,307
3576,307
3577,307
3578,307
3579,307
3580,305
3581,305
3582,305
3583,305
3584,305
3585,305
3586,305
3587,305
3588,305
3589,305
3590,297
3591,297
3592,297
3593,297
3594,297
3595,302
3596,302
3597,302
3598,302
3599,302
3600,292
3601,292
3602,292
3603,292
3604,292
3605,302
3606,302
3607,302
3608,302
3609,302
3610,291
3611,291
3612,291
3613,291
3614,291
3615,295
3616,295
3617,295
3618,295
3619,295
3620,288
3621,288
3622,288
3623,288
3624,288
3625,288
3626,288
3627,288
3628,288
3629,288
3630,285
3631,285
3632,285
3633,285
3634,285
3635,279
3636,279
3637,279
3638,279
3639,279
3640,280
3641,280
3642,280
3643,280
3644,280
3645,268
3646,268
3647,268
3648,268
3649,268
3650,280
3651,280
3652,280
3653,280
3654,280
3655,272
3656,272
3657,272
3658,272
3659,272
3660,278
3661,278
3662,278
3663,278
3664,278
3665,268
3666,268
3667,268
3668,268
3669,268
3670,270
3671,270
3672,270
3673,270
3674,270
3675,263
3676,263
3677,263
3678,263
3679,263
3680,259
3681,259
3682,259
3683,259
3684,259
3685,256
3686,256
3687,256
3688,256
3689,256
3690,246
3691,246
3692,246
3693,246
3694,246
3695,250
3696,250
3697,250
3698,250
3699,250
3700,244
3701,244
3702,244
3703,244
3704,244
3705,255
3706,255
3707,255
3708,255
3709,255
3710,247
3711,247
3712,247
3713,247
3714,247
3715,251
3716,251
3717,251
3718,251
3719,251
3720,240
3721,240
3722,240
3723,240
3724,240
3725,239
3726,239
3727,239
3728,239
3729,239
3730,234
3731,234
3732,234
3733,234
3734,234
3735,226
3736,226
3737,226
3738,226
3739,226
3740,224
3741,224
3742,224
3743,224
3744,224
3745,216
3746,216
3747,216
3748,216
3749,216
3750,225
3751,225
3752,225
3753,225
3754,225
3755,219
3756,219
3757,219
3758,219
3759,219
3760,229
3761,229
3762,229
3763,229
3764,229
3765,220
3766,220
3767,220
3768,220
3769,220
3770,221
3771,221
3772,221
3773,221
3774,221
3775,212
3776,212
3777,212
3778,212
3779,212
3780,207
3781,207
3782,207
3783,207
3784,207
3785,203
3786,203
3787,203
3788,203
3789,203
3790,192
3791,192
3792,192
3793,192
3794,192
3795,198
3796,198
3797,198
3798,198
3799,198
3800,192
3801,192
3802,192
3803,192
3804,192
3805,200
3806,200
3807,200
3808,200
3809,200
3810,194
3811,194
3812,194
3813,194
3814,194
3815,203
3816,203
3817,203
3818,203
3819,203
3820,193
3821,193
3822,193
3823,193
3824,193
3825,192
3826,192
3827,192
3828,192
3829,192
3830,184
3831,184
3832,184
3833,184
3834,184
3835,177
3836,177
3837,177
3838,177
3839,177
3840,175
3841,175
3842,175
3843,175
3844,175
3845,170
3846,170
3847,170
3848,170
3849,170
3850,177
3851,177
3852,177
3853,177
3854,177
3855,172
3856,172
3857,172
3858,172
3859,172
3860,180
3861,180
3862,180
3863,180
3864,180
3865,176
3866,176
3867,176
3868,176
3869,176
3870,182
3871,182
3872,182
3873,182
3874,182
3875,172
3876,172
3877,172
3878,172
3879,172
3880,169
3881,169
3882,169
3883,169
3884,169
3885,164
3886,164
3887,164
3888,164
3889,164
3890,156
3891,156
3892,156
3893,156
3894,156
3895,162
3896,162
3897,162
3898,162
3899,162
3900,158
3901,158
3902,158
3903,158
3904,158
3905,165
3906,165
3907,165
3908,165
3909,165
3910,162
3911,162
3912,162
3913,162
3914,162
3915,171
3916,171
3917,171
3918,171
3919,171
3920,167
3921,167
3922,167
3923,167
3924,167
3925,169
3926,169
3927,169
3928,169
3929,169
3930,162
3931,162
3932,162
3933,162
3934,162
3935,158
3936,158
3937,158
3938,158
3939,158
3940,155
3941,155
3942,155
3943,155
3944,155
3945,152
3946,152
3947,152
3948,152
3949,152
3950,160
3951,160
3952,160
3953,160
3954,160
3955,157
3956,157
3957,157
3958,157
3959,157
3960,166
3961,166
3962,166
3963,166
3964,166
3965,163
3966,163
3967,163
3968,163
3969,163
3970,173
3971,173
3972,173
3973,173
3974,173
3975,167
3976,167
3977,167
3978,167
3979,167
3980,167
3981,167
3982,167
3983,167
3984,167
3985,163
3986,163
3987,163
3988,163
3989,163
3990,156
3991,156
3992,156
3993,156
3994,156
3995,161
3996,161
3997,161
3998,161
3999,161
4000,159
4001,159
4002,159
4003,159
4004,159
4005,169
4006,169
4007,169
4008,169
4009,169
4010,168
4011,168
4012,168
4013,168
4014,168
4015,178
4016,178
4017,178
4018,178
4019,178
4020,177
4021,177
4022,177
4023,177
4024,177
4025,183
4026,183
4027,183
4028,183
4029,183
4030,177
4031,177
4032,177
4033,177
4034,177
4035,177
4036,177
4037,177
4038,177
4039,177
4040,176
4041,176
4042,176
4043,176
4044,176
4045,170
4046,170
4047,170
4048,170
4049,170
4050,180
4051,180
4052,180
4053,180
4054,180
4055,179
4056,179
4057,179
4058,179
4059,179
4060,191
4061,191
4062,191
4063,191
4064,191
4065,190
4066,190
4067,190
4068,190
4069,190
4070,203
4071,203
4072,203
4073,203
4074,203
4075,197
4076,197
4077,197
4078,197
4079,197
4080,201
4081,201
4082,201
4083,201
4084,201
4085,198
4086,198
4087,198
4088,198
4089,198
4090,196
4091,196
4092,196
4093,196
4094,196
4095,198
4096,198
4097,198
4098,198
4099,198
4100,194
4101,194
4102,194
4103,194
4104,194
4105,208
4106,208
4107,208
4108,208
4109,208
4110,207
4111,207
4112,207
4113,207
4114,207
4115,222
4116,222
4117,222
4118,222
4119,222
4120,219
4121,219
4122,219
4123,219
4124,219
4125,227
4126,227
4127,227
4128,227
4129,227
4130,223
4131,223
4132,223
4133,223
4134,223
4135,226
4136,226
4137,226
4138,226
4139,226
4140,226
4141,226
4142,226
4143,226
4144,226
4145,223
4146,223
4147,223
4148,223
4149,223
4150,229
4151,229
4152,229
4153,229
4154,229
4155,225
4156,225
4157,225
4158,225
4159,225
4160,241
4161,241
4162,241
4163,241
4164,241
4165,240
4166,240
4167,240
4168,240
4169,240
4170,252
4171,252
4172,252
4173,252
4174,252
4175,246
4176,246
4177,246
4178,246
4179,246
4180,252
4181,252
4182,252
4183,252
4184,252
4185,251
4186,251
4187,251
4188,251
4189,251
4190,253
4191,253
4192,253
4193,253
4194,253
4195,256
4196,256
4197,256
4198,256
4199,256
4200,252
4201,252
4202,252
4203,252
4204,252
4205,261
4206,261
4207,261
4208,261
4209,261
4210,256
4211,256
4212,256
4213,256
4214,256
4215,274
4216,274
4217,274
4218,274
4219,274
4220,267
4221,267
4222,267
4223,267
4224,267
4225,277
4226,277
4227,277
4228,277
4229,277
4230,273
4231,273
4232,273
4233,273
4234,273
4235,279
4236,279
4237,279
4238,279
4239,279
4240,280
4241,280
4242,280
4243,280
4244,280
4245,279
4246,279
4247,279
4248,279
4249,279
4250,284
4251,284
4252,284
4253,284
4254,284
4255,280
4256,280
4257,280
4258,280
4259,280
4260,291
4261,291
4262,291
4263,291
4264,291
4265,286
4266,286
4267,286
4268,286
4269,286
4270,297
4271,297
4272,297
4273,297
4274,297
4275,291
4276,291
4277,291
4278,291
4279,291
4280,300
4281,300
4282,300
4283,300
4284,300
4285,298
4286,298
4287,298
4288,298
4289,298
4290,302
4291,302
4292,302
4293,302
4294,302
4295,304
4296,304
4297,304
4298,304
4299,304
4300,303
4301,303
4302,303
4303,303
4304,303
4305,310
4306,310
4307,310
4308,310
4309,310
4310,303
4311,303
4312,303
4313,303
4314,303
4315,313
4316,313
4317,313
4318,313
4319,313
4320,305
4321,305
4322,305
4323,305
4324,305
4325,315
4326,315
4327,315
4328,315
4329,315
4330,312
4331,312
4332,312
4333,312
4334,312
4335,318
4336,318
4337,318
4338,318
4339,318
4340,318
4341,318
4342,318
4343,318
4344,318
4345,320
4346,320
4347,320
4348,320
4349,320
4350,324
4351,324
4352,324
4353,324
4354,324
4355,320
4356,320
4357,320
4358,320
4359,320
4360,329
4361,329
4362,329
4363,329
4364,329
4365,317
4366,317
4367,317
4368,317
4369,317
4370,326
4371,326
4372,326
4373,326
4374,326
4375,321
4376,321
4377,321
4378,321
4379,321
4380,329
4381,329
4382,329
4383,329
4384,329
4385,326
4386,326
4387,326
4388,326
4389,326
4390,330
4391,330
4392,330
4393,330
4394,330
4395,331
4396,331
4397,331
4398,331
4399,331
4400,331
4401,331
4402,331
4403,331
4404,331
4405,337
4406,337
4407,337
4408,337
4409,337
4410,332
4411,332
4412,332
4413,332
4414,332
4415,337
4416,337
4417,337
4418,337
4419,337
4420,324
4421,324
4422,324
4423,324
4424,324
4425,334
4426,334
4427,334
4428,334
4429,334
4430,329
4431,329
4432,329
4433,329
4434,329
4435,335
4436,335
4437,335
4438,335
4439,335
4440,334
4441,334
4442,334
4443,334
4444,334
4445,336
4446,336
4447,336
4448,336
4449,336
4450,338
4451,338
4452,338
4453,338
4454,338
4455,336
4456,336
4457,336
4458,336
4459,336
4460,342
4461,342
4462,342
4463,342
4464,342
4465,331
4466,331
4467,331
4468,331
4469,331
4470,336
4471,336
4472,336
4473,336
4474,336
4475,328
4476,328
4477,328
4478,328
4479,328
4480,336
4481,336
4482,336
4483,336
4484,336
4485,332
4486,332
4487,332
4488,332
4489,332
4490,336
4491,336
4492,336
4493,336
4494,336
4495,335
4496,335
4497,335
4498,335
4499,335
4500,335
4501,335
4502,335
4503,335
4504,335
4505,338
4506,338
4507,338
4508,338
4509,338
4510,333
4511,333
4512,333
4513,333
4514,333
4515,339
4516,339
4517,339
4518,339
4519,339
4520,324
4521,324
4522,324
4523,324
4524,324
4525,333
4526,333
4527,333
4528,333
4529,333
4530,326
4531,326
4532,326
4533,326
4534,326
4535,331
4536,331
4537,331
4538,331
4539,331
4540,328
4541,328
4542,328
4543,328
4544,328
4545,329
4546,329
4547,329
4548,329
4549,329
4550,329
4551,329
4552,329
4553,329
4554,329
4555,326
4556,326
4557,326
4558,326
4559,326
4560,331
4561,331
4562,331
4563,331
4564,331
4565,321
4566,321
4567,321
4568,321
4569,321
4570,325
4571,325
4572,325
4573,325
4574,325
4575,315
4576,315
4577,315
4578,315
4579,315
4580,322
4581,322
4582,322
4583,322
4584,322
4585,315
4586,315
4587,315
4588,315
4589,315
4590,318
4591,318
4592,318
4593,318
4594,318
4595,316
4596,316
4597,316
4598,316
4599,316
4600,314
4601,314
4602,314
4603,314
4604,314
4605,315
4606,315
4607,315
4608,315
4609,315
4610,309
4611,309
4612,309
4613,309
4614,309
4615,314
4616,314
4617,314
4618,314
4619,314
4620,301
4621,301
4622,301
4623,301
4624,301
4625,310
4626,310
4627,310
4628,310
4629,310
4630,300
4631,300
4632,300
4633,300
4634,300
4635,305
4636,305
4637,305
4638,305
4639,305
4640,299
4641,299
4642,299
4643,299
4644,299
4645,300
4646,300
4647,300
4648,300
4649,300
4650,297
4651,297
4652,297
4653,297
4654,297
4655,292
4656,292
4657,292
4658,292
4659,292
4660,293
4661,293
4662,293
4663,293
4664,293
4665,282
4666,282
4667,282
4668,282
4669,282
4670,293
4671,293
4672,293
4673,293
4674,293
4675,283
4676,283
4677,283
4678,283
4679,283
4680,290
4681,290
4682,290
4683,290
4684,290
4685,280
4686,280
4687,280
4688,280
4689,280
4690,283
4691,283
4692,283
4693,283
4694,283
4695,276
4696,276
4697,276
4698,276
4699,276
4700,273
4701,273
4702,273
4703,273
4704,273
4705,271
4706,271
4707,271
4708,271
4709,271
4710,262
4711,262
4712,262
4713,262
4714,262
4715,265
4716,265
4717,265
4718,265
4719,265
4720,257
4721,257
4722,257
4723,257
4724,257
4725,270
4726,270
4727,270
4728,270
4729,270
4730,260
4731,260
4732,260
4733,260
4734,260
4735,264
4736,264
4737,264
4738,264
4739,264
4740,254
4741,254
4742,254
4743,254
4744,254
4745,254
4746,254
4747,254
4748,254
4749,254
4750,248
4751,248
4752,248
4753,248
4754,248
4755,241
4756,241
4757,241
4758,241
4759,241
4760,240
4761,240
4762,240
4763,240
4764,240
4765,229
4766,229
4767,229
4768,229
4769,229
4770,240
4771,240
4772,240
4773,240
4774,240
4775,233
4776,233
4777,233
4778,233
4779,233
4780,244
4781,244
4782,244
4783,244
4784,244
4785,233
4786,233
4787,233
4788,233
4789,233
4790,235
4791,235
4792,235
4793,235
4794,235
4795,225
4796,225
4797,225
4798,225
4799,225
4800,221
4801,221
4802,221
4803,221
4804,221
4805,217
4806,217
4807,217
4808,217
4809,217
4810,206
4811,206
4812,206
4813,206
4814,206
4815,211
4816,211
4817,211
4818,211
4819,211
4820,205
4821,205
4822,205
4823,205
4824,205
4825,214
4826,214
4827,214
4828,214
4829,214
4830,207
4831,207
4832,207
4833,207
4834,207
4835,216
4836,216
4837,216
4838,216
4839,216
4840,205
4841,205
4842,205
4843,205
4844,205
4845,205
4846,205
4847,205
4848,205
4849,205
4850,197
4851,197
4852,197
4853,197
4854,197
4855,190
4856,190
4857,190
4858,190
4859,190
4860,187
4861,187
4862,187
4863,187
4864,187
4865,181
4866,181
4867,181
4868,181
4869,181
4870,188
4871,188
4872,188
4873,188
4874,188
4875,183
4876,183
4877,183
4878,183
4879,183
4880,190
4881,190
4882,190
4883,190
4884,190
4885,185
4886,185
4887,185
4888,185
4889,185
4890,191
4891,191
4892,191
4893,191
4894,191
4895,181
4896,181
4897,181
4898,181
4899,181
4900,178
4901,178
4902,178
4903,178
4904,178
4905,172
4906,172
4907,172
4908,172
4909,172
4910,163
4911,163
4912,163
4913,163
4914,163
4915,168
4916,168
4917,168
4918,168
4919,168
4920,164
4921,164
4922,164
4923,164
4924,164
4925,171
4926,171
4927,171
4928,171
4929,171
4930,167
4931,167
4932,167
4933,167
4934,167
4935,175
4936,175
4937,175
4938,175
4939,175
4940,171
4941,171
4942,171
4943,171
4944,171
4945,173
4946,173
4947,173
4948,173
4949,173
4950,164
4951,164
4952,164
4953,164
4954,164
4955,158
4956,158
4957,158
4958,158
4959,158
4960,156
4961,156
4962,156
4963,156
4964,156
4965,153
4966,153
4967,153
4968,153
4969,153
4970,160
4971,160
4972,160
4973,160
4974,160
4975,157
4976,157
4977,157
4978,157
4979,157
4980,166
4981,166
4982,166
4983,166
4984,166
4985,163
4986,163
4987,163
4988,163
4989,163
4990,173
4991,173
4992,173
4993,173
4994,173
4995,165
4996,165
4997,165
4998,165
4999,165
5000,164
5001,164
5002,164
5003,164
5004,164
5005,159
5006,159
5007,159
5008,159
5009,159
5010,152
5011,152
5012,152
5013,152
5014,152
5015,157
5016,157
5017,157
5018,157
5019,157
5020,155
5021,155
5022,155
5023,155
5024,155
5025,163
5026,163
5027,163
5028,163
5029,163
5030,162
5031,162
5032,162
5033,162
5034,162
5035,171
5036,171
5037,171
5038,171
5039,171
5040,170
5041,170
5042,170
5043,170
5044,170
5045,176
5046,176
5047,176
5048,176
5049,176
5050,169
5051,169
5052,169
5053,169
5054,169
5055,168
5056,168
5057,168
5058,168
5059,168
5060,167
5061,167
5062,167
5063,167
5064,167
5065,161
5066,161
5067,161
5068,161
5069,161
5070,171
5071,171
5072,171
5073,171
5074,171
5075,169
5076,169
5077,169
5078,169
5079,169
5080,181
5081,181
5082,181
5083,181
5084,181
5085,179
5086,179
5087,179
5088,179
5089,179
5090,192
5091,192
5092,192
5093,192
5094,192
5095,186
5096,186
5097,186
5098,186
5099,186
5100,190
5101,190
5102,190
5103,190
5104,190
5105,186
5106,186
5107,186
5108,186
5109,186
5110,184
5111,184
5112,184
5113,184
5114,184
5115,185
5116,185
5117,185
5118,185
5119,185
5120,182
5121,182
5122,182
5123,182
5124,182
5125,195
5126,195
5127,195
5128,195
5129,195
5130,193
5131,193
5132,193
5133,193
5134,193
5135,208
5136,208
5137,208
5138,208
5139,208
5140,206
5141,206
5142,206
5143,206
5144,206
5145,214
5146,214
5147,214
5148,214
5149,214
5150,209
5151,209
5152,209
5153,209
5154,209
5155,211
5156,211
5157,211
5158,211
5159,211
5160,211
5161,211
5162,211
5163,211
5164,211
5165,207
5166,207
5167,207
5168,207
5169,207
5170,212
5171,212
5172,212
5173,212
5174,212
5175,211
5176,211
5177,211
5178,211
5179,211
5180,226
5181,226
5182,226
5183,226
5184,226
5185,225
5186,225
5187,225
5188,225
5189,225
5190,239
5191,239
5192,239
5193,239
5194,239
5195,232
5196,232
5197,232
5198,232
5199,232
5200,239
5201,239
5202,239
5203,239
5204,239
5205,236
5206,236
5207,236
5208,236
5209,236
5210,238
5211,238
5212,238
5213,238
5214,238
5215,241
5216,241
5217,241
5218,241
5219,241
5220,237
5221,237
5222,237
5223,237
5224,237
5225,245
5226,245
5227,245
5228,245
5229,245
5230,244
5231,244
5232,244
5233,244
5234,244
5235,260
5236,260
5237,260
5238,260
5239,260
5240,254
5241,254
5242,254
5243,254
5244,254
5245,264
5246,264
5247,264
5248,264
5249,264
5250,260
5251,260
5252,260
5253,260
5254,260
5255,265
5256,265
5257,265
5258,265
5259,265
5260,266
5261,266
5262,266
5263,266
5264,266
5265,266
5266,266
5267,266
5268,266
5269,266
5270,271
5271,271
5272,271
5273,271
5274,271
5275,265
5276,265
5277,265
5278,265
5279,265
5280,277
5281,277
5282,277
5283,277
5284,277
5285,274
5286,274
5287,274
5288,274
5289,274
5290,286
5291,286
5292,286
5293,286
5294,286
5295,280
5296,280
5297,280
5298,280
5299,280
5300,289
5301,289
5302,289
5303,289
5304,289
5305,287
5306,287
5307,287
5308,287
5309,287
5310,290
5311,290
5312,290
5313,290
5314,290
5315,293
5316,293
5317,293
5318,293
5319,293
5320,291
5321,291
5322,291
5323,291
5324,291
5325,298
5326,298
5327,298
5328,298
5329,298
5330,291
5331,291
5332,291
5333,291
5334,291
5335,304
5336,304
5337,304
5338,304
5339,304
5340,296
5341,296
5342,296
5343,296
5344,296
5345,307
5346,307
5347,307
5348,307
5349,307
5350,303
5351,303
5352,303
5353,303
5354,303
5355,309
5356,309
5357,309
5358,309
5359,309
5360,309
5361,309
5362,309
5363,309
5364,309
5365,311
5366,311
5367,311
5368,311
5369,311
5370,315
5371,315
5372,315
5373,315
5374,315
5375,312
5376,312
5377,312
5378,312
5379,312
5380,321
5381,321
5382,321
5383,321
5384,321
5385,310
5386,310
5387,310
5388,310
5389,310
5390,320
5391,320
5392,320
5393,320
5394,320
5395,314
5396,314
5397,314
5398,314
5399,314
5400,323
5401,323
5402,323
5403,323
5404,323
5405,320
5406,320
5407,320
5408,320
5409,320
5410,324
5411,324
5412,324
5413,324
5414,324
5415,326
5416,326
5417,326
5418,326
5419,326
5420,326
5421,326
5422,326
5423,326
5424,326
5425,332
5426,332
5427,332
5428,332
5429,332
5430,327
5431,327
5432,327
5433,327
5434,327
5435,333
5436,333
5437,333
5438,333
5439,333
5440,321
5441,321
5442,321
5443,321
5444,321
5445,332
5446,332
5447,332
5448,332
5449,332
5450,327
5451,327
5452,327
5453,327
5454,327
5455,333
5456,333
5457,333
5458,333
5459,333
5460,332
5461,332
5462,332
5463,332
5464,332
5465,334
5466,334
5467,334
5468,334
5469,334
5470,337
5471,337
5472,337
5473,337
5474,337
5475,335
5476,335
5477,335
5478,335
5479,335
5480,342
5481,342
5482,342
5483,342
5484,342
5485,331
5486,331
5487,331
5488,331
5489,331
5490,336
5491,336
5492,336
5493,336
5494,336
5495,327
5496,327
5497,327
5498,327
5499,327
5500,336
5501,336
5502,336
5503,336
5504,336
5505,332
5506,332
5507,332
5508,332
5509,332
5510,336
5511,336
5512,336
5513,336
5514,336
5515,336
5516,336
5517,336
5518,336
5519,336
5520,336
5521,336
5522,336
5523,336
5524,336
5525,340
5526,340
5527,340
5528,340
5529,340
5530,335
5531,335
5532,335
5533,335
5534,335
5535,341
5536,341
5537,341
5538,341
5539,341
5540,327
5541,327
5542,327
5543,327
5544,327
5545,335
5546,335
5547,335
5548,335
5549,335
5550,329
5551,329
5552,329
5553,329
5554,329
5555,334
5556,334
5557,334
5558,334
5559,334
5560,331
5561,331
5562,331
5563,331
5564,331
5565,333
5566,333
5567,333
5568,333
5569,333
5570,333
5571,333
5572,333
5573,333
5574,333
5575,331
5576,331
5577,331
5578,331
5579,331
5580,336
5581,336
5582,336
5583,336
5584,336
5585,327
5586,327
5587,327
5588,327
5589,327
5590,331
5591,331
5592,331
5593,331
5594,331
5595,320
5596,320
5597,320
5598,320
5599,320
5600,328
5601,328
5602,328
5603,328
5604,328
5605,322
5606,322
5607,322
5608,322
5609,322
5610,326
5611,326
5612,326
5613,326
5614,326
5615,323
5616,323
5617,323
5618,323
5619,323
5620,321
5621,321
5622,321
5623,321
5624,321
5625,324
5626,324
5627,324
5628,324
5629,324
5630,318
5631,318
5632,318
5633,318
5634,318
5635,324
5636,324
5637,324
5638,324
5639,324
5640,310
5641,310
5642,310
5643,310
5644,310
5645,319
5646,319
5647,319
5648,319
5649,319
5650,309
5651,309
5652,309
5653,309
5654,309
5655,315
5656,315
5657,315
5658,315
5659,315
5660,309
5661,309
5662,309
5663,309
5664,309
5665,310
5666,310
5667,310
5668,310
5669,310
5670,308
5671,308
5672,308
5673,308
5674,308
5675,304
5676,304
5677,304
5678,304
5679,304
5680,306
5681,306
5682,306
5683,306
5684,306
5685,295
5686,295
5687,295
5688,295
5689,295
5690,304
5691,304
5692,304
5693,304
5694,304
5695,293
5696,293
5697,293
5698,293
5699,293
5700,300
5701,300
5702,300
5703,300
5704,300
5705,291
5706,291
5707,291
5708,291
5709,291
5710,294
5711,294
5712,294
5713,294
5714,294
5715,288
5716,288
5717,288
5718,288
5719,288
5720,286
5721,286
5722,286
5723,286
5724,286
5725,285
5726,285
5727,285
5728,285
5729,285
5730,277
5731,277
5732,277
5733,277
5734,277
5735,280
5736,280
5737,280
5738,280
5739,280
5740,270
5741,270
5742,270
5743,270
5744,270
5745,283
5746,283
5747,283
5748,283
5749,283
5750,271
5751,271
5752,271
5753,271
5754,271
5755,276
5756,276
5757,276
5758,276
5759,276
5760,268
5761,268
5762,268
5763,268
5764,268
5765,268
5766,268
5767,268
5768,268
5769,268
5770,262
5771,262
5772,262
5773,262
5774,262
5775,256
5776,256
5777,256
5778,256
5779,256
5780,255
5781,255
5782,255
5783,255
5784,255
5785,244
5786,244
5787,244
5788,244
5789,244
5790,254
5791,254
5792,254
5793,254
5794,254
5795,247
5796,247
5797,247
5798,247
5799,247
5800,258
5801,258
5802,258
5803,258
5804,258
5805,246
5806,246
5807,246
5808,246
5809,246
5810,248
5811,248
5812,248
5813,248
5814,248
5815,239
5816,239
5817,239
5818,239
5819,239
5820,236
5821,236
5822,236
5823,236
5824,236
5825,232
5826,232
5827,232
5828,232
5829,232
5830,222
5831,222
5832,222
5833,222
5834,222
5835,225
5836,225
5837,225
5838,225
5839,225
5840,219
5841,219
5842,219
5843,219
5844,219
5845,228
5846,228
5847,228
5848,228
5849,228
5850,222
5851,222
5852,222
5853,222
5854,222
5855,230
5856,230
5857,230
5858,230
5859,230
5860,218
5861,218
5862,218
5863,218
5864,218
5865,217
5866,217
5867,217
5868,217
5869,217
5870,209
5871,209
5872,209
5873,209
5874,209
5875,203
5876,203
5877,203
5878,203
5879,203
5880,200
5881,200
5882,200
5883,200
5884,200
5885,192
5886,192
5887,192
5888,192
5889,192
5890,200
5891,200
5892,200
5893,200
5894,200
5895,194
5896,194
5897,194
5898,194
5899,194
5900,203
5901,203
5902,203
5903,203
5904,203
5905,197
5906,197
5907,197
5908,197
5909,197
5910,202
5911,202
5912,202
5913,202
5914,202
5915,191
5916,191
5917,191
5918,191
5919,191
5920,188
5921,188
5922,188
5923,188
5924,188
5925,183
5926,183
5927,183
5928,183
5929,183
5930,173
5931,173
5932,173
5933,173
5934,173
5935,177
5936,177
5937,177
5938,177
5939,177
5940,172
5941,172
5942,172
5943,172
5944,172
5945,180
5946,180
5947,180
5948,180
5949,180
5950,175
5951,175
5952,175
5953,175
5954,175
5955,183
5956,183
5957,183
5958,183
5959,183
5960,178
5961,178
5962,178
5963,178
5964,178
5965,179
5966,179
5967,179
5968,179
5969,179
5970,170
5971,170
5972,170
5973,170
5974,170
5975,164
5976,164
5977,164
5978,164
5979,164
5980,161
5981,161
5982,161
5983,161
5984,161
5985,156
5986,156
5987,156
5988,156
5989,156
5990,163
5991,163
5992,163
5993,163
5994,163
5995,160
5996,160
5997,160
5998,160
5999,160
6000,167
6001,167
6002,167
6003,167
6004,167
6005,164
6006,164
6007,164
6008,164
6009,164
6010,173
6011,173
6012,173
6013,173
6014,173
6015,166
6016,166
6017,166
6018,166
6019,166
6020,165
6021,165
6022,165
6023,165
6024,165
6025,159
6026,159
6027,159
6028,159
6029,159
6030,152
6031,152
6032,152
6033,152
6034,152
6035,157
6036,157
6037,157
6038,157
6039,157
6040,154
6041,154
6042,154
6043,154
6044,154
6045,162
6046,162
6047,162
6048,162
6049,162
6050,159
6051,159
6052,159
6053,159
6054,159
6055,168
6056,168
6057,168
6058,168
6059,168
6060,166
6061,166
6062,166
6063,166
6064,166
6065,172
6066,172
6067,172
6068,172
6069,172
6070,164
6071,164
6072,164
6073,164
6074,164
6075,162
6076,162
6077,162
6078,162
6079,162
6080,159
6081,159
6082,159
6083,159
6084,159
6085,154
6086,154
6087,154
6088,154
6089,154
6090,163
6091,163
6092,163
6093,163
6094,163
6095,162
6096,162
6097,162
6098,162
6099,162
6100,171
6101,171
6102,171
6103,171
6104,171
6105,170
6106,170
6107,170
6108,170
6109,170
6110,182
6111,182
6112,182
6113,182
6114,182
6115,177
6116,177
6117,177
6118,177
6119,177
6120,179
6121,179
6122,179
6123,179
6124,179
6125,176
6126,176
6127,176
6128,176
6129,176
6130,172
6131,172
6132,172
6133,172
6134,172
6135,174
6136,174
6137,174
6138,174
6139,174
6140,172
6141,172
6142,172
6143,172
6144,172
6145,183
6146,183
6147,183
6148,183
6149,183
6150,182
6151,182
6152,182
6153,182
6154,182
6155,195
6156,195
6157,195
6158,195
6159,195
6160,194
6161,194
6162,194
6163,194
6164,194
6165,202
6166,202
6167,202
6168,202
6169,202
6170,196
6171,196
6172,196
6173,196
6174,196
6175,198
6176,198
6177,198
6178,198
6179,198
6180,197
6181,197
6182,197
6183,197
6184,197
6185,192
6186,192
6187,192
6188,192
6189,192
6190,199
6191,199
6192,199
6193,199
6194,199
6195,198
6196,198
6197,198
6198,198
6199,198
6200,212
6201,212
6202,212
6203,212
6204,212
6205,211
6206,211
6207,211
6208,211
6209,211
6210,225
6211,225
6212,225
6213,225
6214,225
6215,219
6216,219
6217,219
6218,219
6219,219
6220,225
6221,225
6222,225
6223,225
6224,225
6225,222
6226,222
6227,222
6228,222
6229,222
6230,223
6231,223
6232,223
6233,223
6234,223
6235,225
6236,225
6237,225
6238,225
6239,225
6240,220
6241,220
6242,220
6243,220
6244,220
6245,231
6246,231
6247,231
6248,231
6249,231
6250,229
6251,229
6252,229
6253,229
6254,229
6255,246
6256,246
6257,246
6258,246
6259,246
6260,242
6261,242
6262,242
6263,242
6264,242
6265,251
6266,251
6267,251
6268,251
6269,251
6270,246
6271,246
6272,246
6273,246
6274,246
6275,251
6276,251
6277,251
6278,251
6279,251
6280,251
6281,251
6282,251
6283,251
6284,251
6285,251
6286,251
6287,251
6288,251
6289,251
6290,256
6291,256
6292,256
6293,256
6294,256
6295,250
6296,250
6297,250
6298,250
6299,250
6300,264
6301,264
6302,264
6303,264
6304,264
6305,262
6306,262
6307,262
6308,262
6309,262
6310,275
6311,275
6312,275
6313,275
6314,275
6315,268
6316,268
6317,268
6318,268
6319,268
6320,276
6321,276
6322,276
6323,276
6324,276
6325,274
6326,274
6327,274
6328,274
6329,274
6330,277
6331,277
6332,277
6333,277
6334,277
6335,280
6336,280
6337,280
6338,280
6339,280
6340,278
6341,278
6342,278
6343,278
6344,278
6345,285
6346,285
6347,285
6348,285
6349,285
6350,278
6351,278
6352,278
6353,278
6354,278
6355,294
6356,294
6357,294
6358,294
6359,294
6360,286
6361,286
6362,286
6363,286
6364,286
6365,297
6366,297
6367,297
6368,297
6369,297
6370,293
6371,293
6372,293
6373,293
6374,293
6375,299
6376,299
6377,299
6378,299
6379,299
6380,299
6381,299
6382,299
6383,299
6384,299
6385,301
6386,301
6387,301
6388,301
6389,301
6390,305
6391,305
6392,305
6393,305
6394,305
6395,301
6396,301
6397,301
6398,301
6399,301
6400,311
6401,311
6402,311
6403,311
6404,311
6405,301
6406,301
6407,301
6408,301
6409,301
6410,313
6411,313
6412,313
6413,313
6414,313
6415,307
6416,307
6417,307
6418,307
6419,307
6420,315
6421,315
6422,315
6423,315
6424,315
6425,313
6426,313
6427,313
6428,313
6429,313
6430,317
6431,317
6432,317
6433,317
6434,317
6435,319
6436,319
6437,319
6438,319
6439,319
6440,319
6441,319
6442,319
6443,319
6444,319
6445,325
6446,325
6447,325
6448,325
6449,325
6450,320
6451,320
6452,320
6453,320
6454,320
6455,328
6456,328
6457,328
6458,328
6459,328
6460,316
6461,316
6462,316
6463,316
6464,316
6465,327
6466,327
6467,327
6468,327
6469,327
6470,323
6471,323
6472,323
6473,323
6474,323
6475,329
6476,329
6477,329
6478,329
6479,329
6480,328
6481,328
6482,328
6483,328
6484,328
6485,330
6486,330
6487,330
6488,330
6489,330
6490,333
6491,333
6492,333
6493,333
6494,333
6495,331
6496,331
6497,331
6498,331
6499,331
6500,339
6501,339
6502,339
6503,339
6504,339
6505,328
6506,328
6507,328
6508,328
6509,328
6510,334
6511,334
6512,334
6513,334
6514,334
6515,326
6516,326
6517,326
6518,326
6519,326
6520,335
6521,335
6522,335
6523,335
6524,335
6525,331
6526,331
6527,331
6528,331
6529,331
6530,336
6531,336
6532,336
6533,336
6534,336
6535,335
6536,335
6537,335
6538,335
6539,335
6540,336
6541,336
6542,336
6543,336
6544,336
6545,340
6546,340
6547,340
6548,340
6549,340
6550,335
6551,335
6552,335
6553,335
6554,335
6555,341
6556,341
6557,341
6558,341
6559,341
6560,327
6561,327
6562,327
6563,327
6564,327
6565,336
6566,336
6567,336
6568,336
6569,336
6570,330
6571,330
6572,330
6573,330
6574,330
6575,336
6576,336
6577,336
6578,336
6579,336
6580,333
6581,333
6582,333
6583,333
6584,333
6585,335
6586,335
6587,335
6588,335
6589,335
6590,337
6591,337
6592,337
6593,337
6594,337
6595,334
6596,334
6597,334
6598,334
6599,334
6600,340
6601,340
6602,340
6603,340
6604,340
6605,331
6606,331
6607,331
6608,331
6609,331
6610,335
6611,335
6612,335
6613,335
6614,335
6615,325
6616,325
6617,325
6618,325
6619,325
6620,332
6621,332
6622,332
6623,332
6624,332
6625,327
6626,327
6627,327
6628,327
6629,327
6630,331
6631,331
6632,331
6633,331
6634,331
6635,328
6636,328
6637,328
6638,328
6639,328
6640,329
6641,329
6642,329
6643,329
6644,329
6645,331
6646,331
6647,331
6648,331
6649,331
6650,325
6651,325
6652,325
6653,325
6654,325
6655,332
6656,332
6657,332
6658,332
6659,332
6660,317
6661,317
6662,317
6663,317
6664,317
6665,324
6666,324
6667,324
6668,324
6669,324
6670,316
6671,316
6672,316
6673,316
6674,316
6675,322
6676,322
6677,322
6678,322
6679,322
6680,316
6681,316
6682,316
6683,316
6684,316
6685,318
6686,318
6687,318
6688,318
6689,318
6690,317
6691,317
6692,317
6693,317
6694,317
6695,313
6696,313
6697,313
6698,313
6699,313
6700,316
6701,316
6702,316
6703,316
6704,316
6705,306
6706,306
6707,306
6708,306
6709,306
6710,313
6711,313
6712,313
6713,313
6714,313
6715,302
6716,302
6717,302
6718,302
6719,302
6720,309
6721,309
6722,309
6723,309
6724,309
6725,301
6726,301
6727,301
6728,301
6729,301
6730,305
6731,305
6732,305
6733,305
6734,305
6735,299
6736,299
6737,299
6738,299
6739,299
6740,298
6741,298
6742,298
6743,298
6744,298
6745,297
6746,297
6747,297
6748,297
6749,297
6750,290
6751,290
6752,290
6753,290
6754,290
6755,293
6756,293
6757,293
6758,293
6759,293
6760,283
6761,283
6762,283
6763,283
6764,283
6765,295
6766,295
6767,295
6768,295
6769,295
6770,283
6771,283
6772,283
6773,283
6774,283
6775,289
6776,289
6777,289
6778,289
6779,289
6780,280
6781,280
6782,280
6783,280
6784,280
6785,281
6786,281
6787,281
6788,281
6789,281
6790,276
6791,276
6792,276
6793,276
6794,276
6795,271
6796,271
6797,271
6798,271
6799,271
6800,271
6801,271
6802,271
6803,271
6804,271
6805,259
6806,259
6807,259
6808,259
6809,259
6810,269
6811,269
6812,269
6813,269
6814,269
6815,261
6816,261
6817,261
6818,261
6819,261
6820,271
6821,271
6822,271
6823,271
6824,271
6825,260
6826,260
6827,260
6828,260
6829,260
6830,262
6831,262
6832,262
6833,262
6834,262
6835,253
6836,253
6837,253
6838,253
6839,253
6840,251
6841,251
6842,251
6843,251
6844,251
6845,247
6846,247
6847,247
6848,247
6849,247
6850,237
6851,237
6852,237
6853,237
6854,237
6855,239
6856,239
6857,239
6858,239
6859,239
6860,233
6861,233
6862,233
6863,233
6864,233
6865,243
6866,243
6867,243
6868,243
6869,243
6870,236
6871,236
6872,236
6873,236
6874,236
6875,243
6876,243
6877,243
6878,243
6879,243
6880,231
6881,231
6882,231
6883,231
6884,231
6885,231
6886,231
6887,231
6888,231
6889,231
6890,224
6891,224
6892,224
6893,224
6894,224
6895,217
6896,217
6897,217
6898,217
6899,217
6900,215
6901,215
6902,215
6903,215
6904,215
6905,205
6906,205
6907,205
6908,205
6909,205
6910,213
6911,213
6912,213
6913,213
6914,213
6915,207
6916,207
6917,207
6918,207
6919,207
6920,216
6921,216
6922,216
6923,216
6924,216
6925,210
6926,210
6927,210
6928,210
6929,210
6930,213
6931,213
6932,213
6933,213
6934,213
6935,203
6936,203
6937,203
6938,203
6939,203
6940,201
6941,201
6942,201
6943,201
6944,201
6945,194
6946,194
6947,194
6948,194
6949,194
6950,185
6951,185
6952,185
6953,185
6954,185
6955,188
6956,188
6957,188
6958,188
6959,188
6960,183
6961,183
6962,183
6963,183
6964,183
6965,190
6966,190
6967,190
6968,190
6969,190
6970,185
6971,185
6972,185
6973,185
6974,185
6975,193
6976,193
6977,193
6978,193
6979,193
6980,187
6981,187
6982,187
6983,187
6984,187
6985,187
6986,187
6987,187
6988,187
6989,187
6990,179
6991,179
6992,179
6993,179
6994,179
6995,173
6996,173
6997,173
6998,173
6999,173
7000,169

