1,0
2,0
3,0
4,0
5,0
6,0
7,0
8,0
9,0
10,0
11,0
12,0
13,0
14,0
15,0
16,0
17,0
18,0
19,0
20,72
21,72
22,72
23,72
24,72
25,72
26,72
27,72
28,72
29,72
30,72
31,72
32,72
33,72
34,72
35,72
36,72
37,72
38,72
39,72
40,207
41,207
42,207
43,207
44,207
45,207
46,207
47,207
48,207
49,207
50,207
51,207
52,207
53,207
54,207
55,207
56,207
57,207
58,207
59,207
60,255
61,255
62,255
63,255
64,255
65,255
66,255
67,255
68,255
69,255
70,255
71,255
72,255
73,255
74,255
75,255
76,255
77,255
78,255
79,255
80,270
81,270
82,270
83,270
84,270
85,270
86,270
87,270
88,270
89,270
90,270
91,270
92,270
93,270
94,270
95,270
96,270
97,270
98,270
99,270
100,287
101,287
102,287
103,287
104,287
105,287
106,287
107,287
108,287
109,287
110,287
111,287
112,287
113,287
114,287
115,287
116,287
117,287
118,287
119,287
120,289
121,289
122,289
123,289
124,289
125,289
126,289
127,289
128,289
129,289
130,289
131,289
132,289
133,289
134,289
135,289
136,289
137,289
138,289
139,289
140,296
141,296
142,296
143,296
144,296
145,296
146,296
147,296
148,296
149,296
150,296
151,296
152,296
153,296
154,296
155,296
156,296
157,296
158,296
159,296
160,302
161,302
162,302
163,302
164,302
165,302
166,302
167,302
168,302
169,302
170,302
171,302
172,302
173,302
174,302
175,302
176,302
177,302
178,302
179,302
180,298
181,298
182,298
183,298
184,298
185,298
186,298
187,298
188,298
189,298
190,298
191,298
192,298
193,298
194,298
195,298
196,298
197,298
198,298
199,298
200,306
201,306
202,306
203,306
204,306
205,306
206,306
207,306
208,306
209,306
210,306
211,306
212,306
213,306
214,306
215,306
216,306
217,306
218,306
219,306
220,303
221,303
222,303
223,303
224,303
225,303
226,303
227,303
228,303
229,303
230,303
231,303
232,303
233,303
234,303
235,303
236,303
237,303
238,303
239,303
240,304
241,304
242,304
243,304
244,304
245,304
246,304
247,304
248,304
249,304
250,304
251,304
252,304
253,304
254,304
255,304
256,304
257,304
258,304
259,304
260,310
261,310
262,310
263,310
264,310
265,310
266,310
267,310
268,310
269,310
270,310
271,310
272,310
273,310
274,310
275,310
276,310
277,310
278,310
279,310
280,304
281,304
282,304
283,304
284,304
285,304
286,304
287,304
288,304
289,304
290,304
291,304
292,304
293,304
294,304
295,304
296,304
297,304
298,304
299,304
300,311
301,311
302,311
303,311
304,311
305,311
306,311
307,311
308,311
309,311
310,311
311,311
312,311
313,311
314,311
315,311
316,311
317,311
318,311
319,311
320,308
321,308
322,308
323,308
324,308
325,308
326,308
327,308
328,308
329,308
330,308
331,308
332,308
333,308
334,308
335,308
336,308
337,308
338,308
339,308
340,306
341,306
342,306
343,306
344,306
345,306
346,306
347,306
348,306
349,306
350,306
351,306
352,306
353,306
354,306
355,306
356,306
357,306
358,306
359,306
360,313
361,313
362,313
363,313
364,313
365,313
366,313
367,313
368,313
369,313
370,313
371,313
372,313
373,313
374,313
375,313
376,313
377,313
378,313
379,313
380,307
381,307
382,307
383,307
384,307
385,307
386,307
387,307
388,307
389,307
390,307
391,307
392,307
393,307
394,307
395,307
396,307
397,307
398,307
399,307
400,312
401,312
402,312
403,312
404,312
405,312
406,312
407,312
408,312
409,312
410,312
411,312
412,312
413,312
414,312
415,312
416,312
417,312
418,312
419,312
420,310
421,310
422,310
423,310
424,310
425,310
426,310
427,310
428,310
429,310
430,310
431,310
432,310
433,310
434,310
435,310
436,310
437,310
438,310
439,310
440,307
441,307
442,307
443,307
444,307
445,307
446,307
447,307
448,307
449,307
450,307
451,307
452,307
453,307
454,307
455,307
456,307
457,307
458,307
459,307
460,314
461,314
462,314
463,314
464,314
465,314
466,314
467,314
468,314
469,314
470,314
471,314
472,314
473,314
474,314
475,314
476,314
477,314
478,314
479,314
480,307
481,307
482,307
483,307
484,307
485,307
486,307
487,307
488,307
489,307
490,307
491,307
492,307
493,307
494,307
495,307
496,307
497,307
498,307
499,307
500,311
501,311
502,311
503,311
504,311
505,311
506,311
507,311
508,311
509,311
510,311
511,311
512,311
513,311
514,311
515,311
516,311
517,311
518,311
519,311
520,310
521,310
522,310
523,310
524,310
525,310
526,310
527,310
528,310
529,310
530,310
531,310
532,310
533,310
534,310
535,310
536,310
537,310
538,310
539,310
540,304
541,304
542,304
543,304
544,304
545,304
546,304
547,304
548,304
549,304
550,304
551,304
552,304
553,304
554,304
555,304
556,304
557,304
558,304
559,304
560,313
561,313
562,313
563,313
564,313
565,313
566,313
567,313
568,313
569,313
570,313
571,313
572,313
573,313
574,313
575,313
576,313
577,313
578,313
579,313
580,307
581,307
582,307
583,307
584,307
585,307
586,307
587,307
588,307
589,307
590,307
591,307
592,307
593,307
594,307
595,307
596,307
597,307
598,307
599,307
600,309
601,309
602,309
603,309
604,309
605,309
606,309
607,309
608,309
609,309
610,309
611,309
612,309
613,309
614,309
615,309
616,309
617,309
618,309
619,309
620,309
621,309
622,309
623,309
624,309
625,309
626,309
627,309
628,309
629,309
630,309
631,309
632,309
633,309
634,309
635,309
636,309
637,309
638,309
639,309
640,302
641,302
642,302
643,302
644,302
645,302
646,302
647,302
648,302
649,302
650,302
651,302
652,302
653,302
654,302
655,302
656,302
657,302
658,302
659,302
660,312
661,312
662,312
663,312
664,312
665,312
666,312
667,312
668,312
669,312
670,312
671,312
672,312
673,312
674,312
675,312
676,312
677,312
678,312
679,312
680,306
681,306
682,306
683,306
684,306
685,306
686,306
687,306
688,306
689,306
690,306
691,306
692,306
693,306
694,306
695,306
696,306
697,306
698,306
699,306
700,306
701,306
702,306
703,306
704,306
705,306
706,306
707,306
708,306
709,306
710,306
711,306
712,306
713,306
714,306
715,306
716,306
717,306
718,306
719,306
720,309
721,309
722,309
723,309
724,309
725,309
726,309
727,309
728,309
729,309
730,309
731,309
732,309
733,309
734,309
735,309
736,309
737,309
738,309
739,309
740,302
741,302
742,302
743,302
744,302
745,302
746,302
747,302
748,302
749,302
750,302
751,302
752,302
753,302
754,302
755,302
756,302
757,302
758,302
759,302
760,311
761,311
762,311
763,311
764,311
765,311
766,311
767,311
768,311
769,311
770,311
771,311
772,311
773,311
774,311
775,311
776,311
777,311
778,311
779,311
780,307
781,307
782,307
783,307
784,307
785,307
786,307
787,307
788,307
789,307
790,307
791,307
792,307
793,307
794,307
795,307
796,307
797,307
798,307
799,307
800,305
801,305
802,305
803,305
804,305
805,305
806,305
807,305
808,305
809,305
810,305
811,305
812,305
813,305
814,305
815,305
816,305
817,305
818,305
819,305
820,309
821,309
822,309
823,309
824,309
825,309
826,309
827,309
828,309
829,309
830,309
831,309
832,309
833,309
834,309
835,309
836,309
837,309
838,309
839,309
840,302
841,302
842,302
843,302
844,302
845,302
846,302
847,302
848,302
849,302
850,302
851,302
852,302
853,302
854,302
855,302
856,302
857,302
858,302
859,302
860,311
861,311
862,311
863,311
864,311
865,311
866,311
867,311
868,311
869,311
870,311
871,311
872,311
873,311
874,311
875,311
876,311
877,311
878,311
879,311
880,308
881,308
882,308
883,308
884,308
885,308
886,308
887,308
888,308
889,308
890,308
891,308
892,308
893,308
894,308
895,308
896,308
897,308
898,308
899,308
900,305
901,305
902,305
903,305
904,305
905,305
906,305
907,305
908,305
909,305
910,305
911,305
912,305
913,305
914,305
915,305
916,305
917,305
918,305
919,305
920,310
921,310
922,310
923,310
924,310
925,310
926,310
927,310
928,310
929,310
930,310
931,310
932,310
933,310
934,310
935,310
936,310
937,310
938,310
939,310
940,303
941,303
942,303
943,303
944,303
945,303
946,303
947,303
948,303
949,303
950,303
951,303
952,303
953,303
954,303
955,303
956,303
957,303
958,303
959,303
960,310
961,310
962,310
963,310
964,310
965,310
966,310
967,310
968,310
969,310
970,310
971,310
972,310
973,310
974,310
975,310
976,310
977,310
978,310
979,310
980,310
981,310
982,310
983,310
984,310
985,310
986,310
987,310
988,310
989,310
990,310
991,310
992,310
993,310
994,310
995,310
996,310
997,310
998,310
999,310
1000,306
1001,306
1002,306
1003,306
1004,306
1005,306
1006,306
1007,306
1008,306
1009,306
1010,306
1011,306
1012,306
1013,306
1014,306
1015,306
1016,306
1017,306
1018,306
1019,306
1020,313
1021,313
1022,313
1023,313
1024,313
1025,313
1026,313
1027,313
1028,313
1029,313
1030,313
1031,313
1032,313
1033,313
1034,313
1035,313
1036,313
1037,313
1038,313
1039,313
1040,306
1041,306
1042,306
1043,306
1044,306
1045,306
1046,306
1047,306
1048,306
1049,306
1050,306
1051,306
1052,306
1053,306
1054,306
1055,306
1056,306
1057,306
1058,306
1059,306
1060,311
1061,311
1062,311
1063,311
1064,311
1065,311
1066,311
1067,311
1068,311
1069,311
1070,311
1071,311
1072,311
1073,311
1074,311
1075,311
1076,311
1077,311
1078,311
1079,311
1080,314
1081,314
1082,314
1083,314
1084,314
1085,314
1086,314
1087,314
1088,314
1089,314
1090,314
1091,314
1092,314
1093,314
1094,314
1095,314
1096,314
1097,314
1098,314
1099,314
1100,308
1101,308
1102,308
1103,308
1104,308
1105,308
1106,308
1107,308
1108,308
1109,308
1110,308
1111,308
1112,308
1113,308
1114,308
1115,308
1116,308
1117,308
1118,308
1119,308
1120,315
1121,315
1122,315
1123,315
1124,315
1125,315
1126,315
1127,315
1128,315
1129,315
1130,315
1131,315
1132,315
1133,315
1134,315
1135,315
1136,315
1137,315
1138,315
1139,315
1140,309
1141,309
1142,309
1143,309
1144,309
1145,309
1146,309
1147,309
1148,309
1149,309
1150,309
1151,309
1152,309
1153,309
1154,309
1155,309
1156,309
1157,309
1158,309
1159,309
1160,313
1161,313
1162,313
1163,313
1164,313
1165,313
1166,313
1167,313
1168,313
1169,313
1170,313
1171,313
1172,313
1173,313
1174,313
1175,313
1176,313
1177,313
1178,313
1179,313
1180,316
1181,316
1182,316
1183,316
1184,316
1185,316
1186,316
1187,316
1188,316
1189,316
1190,316
1191,316
1192,316
1193,316
1194,316
1195,316
1196,316
1197,316
1198,316
1199,316
1200,310
1201,310
1202,310
1203,310
1204,310
1205,310
1206,310
1207,310
1208,310
1209,310
1210,310
1211,310
1212,310
1213,310
1214,310
1215,310
1216,310
1217,310
1218,310
1219,310
1220,317
1221,317
1222,317
1223,317
1224,317
1225,317
1226,317
1227,317
1228,317
1229,317
1230,317
1231,317
1232,317
1233,317
1234,317
1235,317
1236,317
1237,317
1238,317
1239,317
1240,312
1241,312
1242,312
1243,312
1244,312
1245,312
1246,312
1247,312
1248,312
1249,312
1250,312
1251,312
1252,312
1253,312
1254,312
1255,312
1256,312
1257,312
1258,312
1259,312
1260,312
1261,312
1262,312
1263,312
1264,312
1265,312
1266,312
1267,312
1268,312
1269,312
1270,312
1271,312
1272,312
1273,312
1274,312
1275,312
1276,312
1277,312
1278,312
1279,312
1280,317
1281,317
1282,317
1283,317
1284,317
1285,317
1286,317
1287,317
1288,317
1289,317
1290,317
1291,317
1292,317
1293,317
1294,317
1295,317
1296,317
1297,317
1298,317
1299,317
1300,310
1301,310
1302,310
1303,310
1304,310
1305,310
1306,310
1307,310
1308,310
1309,310
1310,310
1311,310
1312,310
1313,310
1314,310
1315,310
1316,310
1317,310
1318,310
1319,310
1320,317
1321,317
1322,317
1323,317
1324,317
1325,317
1326,317
1327,317
1328,317
1329,317
1330,317
1331,317
1332,317
1333,317
1334,317
1335,317
1336,317
1337,317
1338,317
1339,317
1340,313
1341,313
1342,313
1343,313
1344,313
1345,313
1346,313
1347,313
1348,313
1349,313
1350,313
1351,313
1352,313
1353,313
1354,313
1355,313
1356,313
1357,313
1358,313
1359,313
1360,311
1361,311
1362,311
1363,311
1364,311
1365,311
1366,311
1367,311
1368,311
1369,311
1370,311
1371,311
1372,311
1373,311
1374,311
1375,311
1376,311
1377,311
1378,311
1379,311
1380,318
1381,318
1382,318
1383,318
1384,318
1385,318
1386,318
1387,318
1388,318
1389,318
1390,318
1391,318
1392,318
1393,318
1394,318
1395,318
1396,318
1397,318
1398,318
1399,318
1400,311
1401,311
1402,311
1403,311
1404,311
1405,311
1406,311
1407,311
1408,311
1409,311
1410,311
1411,311
1412,311
1413,311
1414,311
1415,311
1416,311
1417,311
1418,311
1419,311
1420,316
1421,316
1422,316
1423,316
1424,316
1425,316
1426,316
1427,316
1428,316
1429,316
1430,316
1431,316
1432,316
1433,316
1434,316
1435,316
1436,316
1437,316
1438,316
1439,316
1440,313
1441,313
1442,313
1443,313
1444,313
1445,313
1446,313
1447,313
1448,313
1449,313
1450,313
1451,313
1452,313
1453,313
1454,313
1455,313
1456,313
1457,313
1458,313
1459,313
1460,310
1461,310
1462,310
1463,310
1464,310
1465,310
1466,310
1467,310
1468,310
1469,310
1470,310
1471,310
1472,310
1473,310
1474,310
1475,310
1476,310
1477,310
1478,310
1479,310
1480,318
1481,318
1482,318
1483,318
1484,318
1485,318
1486,318
1487,318
1488,318
1489,318
1490,318
1491,318
1492,318
1493,318
1494,318
1495,318
1496,318
1497,318
1498,318
1499,318
1500,310
1501,310
1502,310
1503,310
1504,310
1505,310
1506,310
1507,310
1508,310
1509,310
1510,310
1511,310
1512,310
1513,310
1514,310
1515,310
1516,310
1517,310
1518,310
1519,310
1520,313
1521,313
1522,313
1523,313
1524,313
1525,313
1526,313
1527,313
1528,313
1529,313
1530,313
1531,313
1532,313
1533,313
1534,313
1535,313
1536,313
1537,313
1538,313
1539,313
1540,313
1541,313
1542,313
1543,313
1544,313
1545,313
1546,313
1547,313
1548,313
1549,313
1550,313
1551,313
1552,313
1553,313
1554,313
1555,313
1556,313
1557,313
1558,313
1559,313
1560,307
1561,307
1562,307
1563,307
1564,307
1565,307
1566,307
1567,307
1568,307
1569,307
1570,307
1571,307
1572,307
1573,307
1574,307
1575,307
1576,307
1577,307
1578,307
1579,307
1580,316
1581,316
1582,316
1583,316
1584,316
1585,316
1586,316
1587,316
1588,316
1589,316
1590,316
1591,316
1592,316
1593,316
1594,316
1595,316
1596,316
1597,316
1598,316
1599,316
1600,309
1601,309
1602,309
1603,309
1604,309
1605,309
1606,309
1607,309
1608,309
1609,309
1610,309
1611,309
1612,309
1613,309
1614,309
1615,309
1616,309
1617,309
1618,309
1619,309
1620,310
1621,310
1622,310
1623,310
1624,310
1625,310
1626,310
1627,310
1628,310
1629,310
1630,310
1631,310
1632,310
1633,310
1634,310
1635,310
1636,310
1637,310
1638,310
1639,310
1640,311
1641,311
1642,311
1643,311
1644,311
1645,311
1646,311
1647,311
1648,311
1649,311
1650,311
1651,311
1652,311
1653,311
1654,311
1655,311
1656,311
1657,311
1658,311
1659,311
1660,305
1661,305
1662,305
1663,305
1664,305
1665,305
1666,305
1667,305
1668,305
1669,305
1670,305
1671,305
1672,305
1673,305
1674,305
1675,305
1676,305
1677,305
1678,305
1679,305
1680,313
1681,313
1682,313
1683,313
1684,313
1685,313
1686,313
1687,313
1688,313
1689,313
1690,313
1691,313
1692,313
1693,313
1694,313
1695,313
1696,313
1697,313
1698,313
1699,313
1700,308
1701,308
1702,308
1703,308
1704,308
1705,308
1706,308
1707,308
1708,308
1709,308
1710,308
1711,308
1712,308
1713,308
1714,308
1715,308
1716,308
1717,308
1718,308
1719,308
1720,307
1721,307
1722,307
1723,307
1724,307
1725,307
1726,307
1727,307
1728,307
1729,307
1730,307
1731,307
1732,307
1733,307
1734,307
1735,307
1736,307
1737,307
1738,307
1739,307
1740,310
1741,310
1742,310
1743,310
1744,310
1745,310
1746,310
1747,310
1748,310
1749,310
1750,310
1751,310
1752,310
1753,310
1754,310
1755,310
1756,310
1757,310
1758,310
1759,310
1760,303
1761,303
1762,303
1763,303
1764,303
1765,303
1766,303
1767,303
1768,303
1769,303
1770,303
1771,303
1772,303
1773,303
1774,303
1775,303
1776,303
1777,303
1778,303
1779,303
1780,312
1781,312
1782,312
1783,312
1784,312
1785,312
1786,312
1787,312
1788,312
1789,312
1790,312
1791,312
1792,312
1793,312
1794,312
1795,312
1796,312
1797,312
1798,312
1799,312
1800,308
1801,308
1802,308
1803,308
1804,308
1805,308
1806,308
1807,308
1808,308
1809,308
1810,308
1811,308
1812,308
1813,308
1814,308
1815,308
1816,308
1817,308
1818,308
1819,308
1820,307
1821,307
1822,307
1823,307
1824,307
1825,307
1826,307
1827,307
1828,307
1829,307
1830,307
1831,307
1832,307
1833,307
1834,307
1835,307
1836,307
1837,307
1838,307
1839,307
1840,310
1841,310
1842,310
1843,310
1844,310
1845,310
1846,310
1847,310
1848,310
1849,310
1850,310
1851,310
1852,310
1853,310
1854,310
1855,310
1856,310
1857,310
1858,310
1859,310
1860,303
1861,303
1862,303
1863,303
1864,303
1865,303
1866,303
1867,303
1868,303
1869,303
1870,303
1871,303
1872,303
1873,303
1874,303
1875,303
1876,303
1877,303
1878,303
1879,303
1880,312
1881,312
1882,312
1883,312
1884,312
1885,312
1886,312
1887,312
1888,312
1889,312
1890,312
1891,312
1892,312
1893,312
1894,312
1895,312
1896,312
1897,312
1898,312
1899,312
1900,309
1901,309
1902,309
1903,309
1904,309
1905,309
1906,309
1907,309
1908,309
1909,309
1910,309
1911,309
1912,309
1913,309
1914,309
1915,309
1916,309
1917,309
1918,309
1919,309
1920,306
1921,306
1922,306
1923,306
1924,306
1925,306
1926,306
1927,306
1928,306
1929,306
1930,306
1931,306
1932,306
1933,306
1934,306
1935,306
1936,306
1937,306
1938,306
1939,306
1940,311
1941,311
1942,311
1943,311
1944,311
1945,311
1946,311
1947,311
1948,311
1949,311
1950,311
1951,311
1952,311
1953,311
1954,311
1955,311
1956,311
1957,311
1958,311
1959,311
1960,304
1961,304
1962,304
1963,304
1964,304
1965,304
1966,304
1967,304
1968,304
1969,304
1970,304
1971,304
1972,304
1973,304
1974,304
1975,304
1976,304
1977,304
1978,304
1979,304
1980,311
1981,311
1982,311
1983,311
1984,311
1985,311
1986,311
1987,311
1988,311
1989,311
1990,311
1991,311
1992,311
1993,311
1994,311
1995,311
1996,311
1997,311
1998,311
1999,311
2000,310
2001,310
2002,310
2003,310
2004,310
2005,310
2006,310
2007,310
2008,310
2009,310
2010,310
2011,310
2012,310
2013,310
2014,310
2015,310
2016,310
2017,310
2018,310
2019,310
2020,306
2021,306
2022,306
2023,306
2024,306
2025,306
2026,306
2027,306
2028,306
2029,306
2030,306
2031,306
2032,306
2033,306
2034,306
2035,306
2036,306
2037,306
2038,306
2039,306
2040,313
2041,313
2042,313
2043,313
2044,313
2045,313
2046,313
2047,313
2048,313
2049,313
2050,313
2051,313
2052,313
2053,313
2054,313
2055,313
2056,313
2057,313
2058,313
2059,313
2060,307
2061,307
2062,307
2063,307
2064,307
2065,307
2066,307
2067,307
2068,307
2069,307
2070,307
2071,307
2072,307
2073,307
2074,307
2075,307
2076,307
2077,307
2078,307
2079,307
2080,311
2081,311
2082,311
2083,311
2084,311
2085,311
2086,311
2087,311
2088,311
2089,311
2090,311
2091,311
2092,311
2093,311
2094,311
2095,311
2096,311
2097,311
2098,311
2099,311
2100,312
2101,312
2102,312
2103,312
2104,312
2105,312
2106,312
2107,312
2108,312
2109,312
2110,312
2111,312
2112,312
2113,312
2114,312
2115,312
2116,312
2117,312
2118,312
2119,312
2120,308
2121,308
2122,308
2123,308
2124,308
2125,308
2126,308
2127,308
2128,308
2129,308
2130,308
2131,308
2132,308
2133,308
2134,308
2135,308
2136,308
2137,308
2138,308
2139,308
2140,315
2141,315
2142,315
2143,315
2144,315
2145,315
2146,315
2147,315
2148,315
2149,315
2150,315
2151,315
2152,315
2153,315
2154,315
2155,315
2156,315
2157,315
2158,315
2159,315
2160,309
2161,309
2162,309
2163,309
2164,309
2165,309
2166,309
2167,309
2168,309
2169,309
2170,309
2171,309
2172,309
2173,309
2174,309
2175,309
2176,309
2177,309
2178,309
2179,309
2180,311
2181,311
2182,311
2183,311
2184,311
2185,311
2186,311
2187,311
2188,311
2189,311
2190,311
2191,311
2192,311
2193,311
2194,311
2195,311
2196,311
2197,311
2198,311
2199,311
2200,316
2201,316
2202,316
2203,316
2204,316
2205,316
2206,316
2207,316
2208,316
2209,316
2210,316
2211,316
2212,316
2213,316
2214,316
2215,316
2216,316
2217,316
2218,316
2219,316
2220,310
2221,310
2222,310
2223,310
2224,310
2225,310
2226,310
2227,310
2228,310
2229,310
2230,310
2231,310
2232,310
2233,310
2234,310
2235,310
2236,310
2237,310
2238,310
2239,310
2240,317
2241,317
2242,317
2243,317
2244,317
2245,317
2246,317
2247,317
2248,317
2249,317
2250,317
2251,317
2252,317
2253,317
2254,317
2255,317
2256,317
2257,317
2258,317
2259,317
2260,312
2261,312
2262,312
2263,312
2264,312
2265,312
2266,312
2267,312
2268,312
2269,312
2270,312
2271,312
2272,312
2273,312
2274,312
2275,312
2276,312
2277,312
2278,312
2279,312
2280,312
2281,312
2282,312
2283,312
2284,312
2285,312
2286,312
2287,312
2288,312
2289,312
2290,312
2291,312
2292,312
2293,312
2294,312
2295,312
2296,312
2297,312
2298,312
2299,312
2300,317
2301,317
2302,317
2303,317
2304,317
2305,317
2306,317
2307,317
2308,317
2309,317
2310,317
2311,317
2312,317
2313,317
2314,317
2315,317
2316,317
2317,317
2318,317
2319,317
2320,310
2321,310
2322,310
2323,310
2324,310
2325,310
2326,310
2327,310
2328,310
2329,310
2330,310
2331,310
2332,310
2333,310
2334,310
2335,310
2336,310
2337,310
2338,310
2339,310
2340,317
2341,317
2342,317
2343,317
2344,317
2345,317
2346,317
2347,317
2348,317
2349,317
2350,317
2351,317
2352,317
2353,317
2354,317
2355,317
2356,317
2357,317
2358,317
2359,317
2360,313
2361,313
2362,313
2363,313
2364,313
2365,313
2366,313
2367,313
2368,313
2369,313
2370,313
2371,313
2372,313
2373,313
2374,313
2375,313
2376,313
2377,313
2378,313
2379,313
2380,311
2381,311
2382,311
2383,311
2384,311
2385,311
2386,311
2387,311
2388,311
2389,311
2390,311
2391,311
2392,311
2393,311
2394,311
2395,311
2396,311
2397,311
2398,311
2399,311
2400,317
2401,317
2402,317
2403,317
2404,317
2405,317
2406,317
2407,317
2408,317
2409,317
2410,317
2411,317
2412,317
2413,317
2414,317
2415,317
2416,317
2417,317
2418,317
2419,317
2420,311
2421,311
2422,311
2423,311
2424,311
2425,311
2426,311
2427,311
2428,311
2429,311
2430,311
2431,311
2432,311
2433,311
2434,311
2435,311
2436,311
2437,311
2438,311
2439,311
2440,316
2441,316
2442,316
2443,316
2444,316
2445,316
2446,316
2447,316
2448,316
2449,316
2450,316
2451,316
2452,316
2453,316
2454,316
2455,316
2456,316
2457,316
2458,316
2459,316
2460,314
2461,314
2462,314
2463,314
2464,314
2465,314
2466,314
2467,314
2468,314
2469,314
2470,314
2471,314
2472,314
2473,314
2474,314
2475,314
2476,314
2477,314
2478,314
2479,314
2480,310
2481,310
2482,310
2483,310
2484,310
2485,310
2486,310
2487,310
2488,310
2489,310
2490,310
2491,310
2492,310
2493,310
2494,310
2495,310
2496,310
2497,310
2498,310
2499,310
2500,318
2501,318
2502,318
2503,318
2504,318
2505,318
2506,318
2507,318
2508,318
2509,318
2510,318
2511,318
2512,318
2513,318
2514,318
2515,318
2516,318
2517,318
2518,318
2519,318
2520,312
2521,312
2522,312
2523,312
2524,312
2525,312
2526,312
2527,312
2528,312
2529,312
2530,312
2531,312
2532,312
2533,312
2534,312
2535,312
2536,312
2537,312
2538,312
2539,312
2540,315
2541,315
2542,315
2543,315
2544,315
2545,315
2546,315
2547,315
2548,315
2549,315
2550,315
2551,315
2552,315
2553,315
2554,315
2555,315
2556,315
2557,315
2558,315
2559,315
2560,313
2561,313
2562,313
2563,313
2564,313
2565,313
2566,313
2567,313
2568,313
2569,313
2570,313
2571,313
2572,313
2573,313
2574,313
2575,313
2576,313
2577,313
2578,313
2579,313
2580,307
2581,307
2582,307
2583,307
2584,307
2585,307
2586,307
2587,307
2588,307
2589,307
2590,307
2591,307
2592,307
2593,307
2594,307
2595,307
2596,307
2597,307
2598,307
2599,307
2600,316
2601,316
2602,316
2603,316
2604,316
2605,316
2606,316
2607,316
2608,316
2609,316
2610,316
2611,316
2612,316
2613,316
2614,316
2615,316
2616,316
2617,316
2618,316
2619,316
2620,311
2621,311
2622,311
2623,311
2624,311
2625,311
2626,311
2627,311
2628,311
2629,311
2630,311
2631,311
2632,311
2633,311
2634,311
2635,311
2636,311
2637,311
2638,311
2639,311
2640,311
2641,311
2642,311
2643,311
2644,311
2645,311
2646,311
2647,311
2648,311
2649,311
2650,311
2651,311
2652,311
2653,311
2654,311
2655,311
2656,311
2657,311
2658,311
2659,311
2660,311
2661,311
2662,311
2663,311
2664,311
2665,311
2666,311
2667,311
2668,311
2669,311
2670,311
2671,311
2672,311
2673,311
2674,311
2675,311
2676,311
2677,311
2678,311
2679,311
2680,305
2681,305
2682,305
2683,305
2684,305
2685,305
2686,305
2687,305
2688,305
2689,305
2690,305
2691,305
2692,305
2693,305
2694,305
2695,305
2696,305
2697,305
2698,305
2699,305
2700,315
2701,315
2702,315
2703,315
2704,315
2705,315
2706,315
2707,315
2708,315
2709,315
2710,315
2711,315
2712,315
2713,315
2714,315
2715,315
2716,315
2717,315
2718,315
2719,315
2720,309
2721,309
2722,309
2723,309
2724,309
2725,309
2726,309
2727,309
2728,309
2729,309
2730,309
2731,309
2732,309
2733,309
2734,309
2735,309
2736,309
2737,309
2738,309
2739,309
2740,308
2741,308
2742,308
2743,308
2744,308
2745,308
2746,308
2747,308
2748,308
2749,308
2750,308
2751,308
2752,308
2753,308
2754,308
2755,308
2756,308
2757,308
2758,308
2759,308
2760,310
2761,310
2762,310
2763,310
2764,310
2765,310
2766,310
2767,310
2768,310
2769,310
2770,310
2771,310
2772,310
2773,310
2774,310
2775,310
2776,310
2777,310
2778,310
2779,310
2780,303
2781,303
2782,303
2783,303
2784,303
2785,303
2786,303
2787,303
2788,303
2789,303
2790,303
2791,303
2792,303
2793,303
2794,303
2795,303
2796,303
2797,303
2798,303
2799,303
2800,312
2801,312
2802,312
2803,312
2804,312
2805,312
2806,312
2807,312
2808,312
2809,312
2810,312
2811,312
2812,312
2813,312
2814,312
2815,312
2816,312
2817,312
2818,312
2819,312
2820,308
2821,308
2822,308
2823,308
2824,308
2825,308
2826,308
2827,308
2828,308
2829,308
2830,308
2831,308
2832,308
2833,308
2834,308
2835,308
2836,308
2837,308
2838,308
2839,308
2840,306
2841,306
2842,306
2843,306
2844,306
2845,306
2846,306
2847,306
2848,306
2849,306
2850,306
2851,306
2852,306
2853,306
2854,306
2855,306
2856,306
2857,306
2858,306
2859,306
2860,310
2861,310
2862,310
2863,310
2864,310
2865,310
2866,310
2867,310
2868,310
2869,310
2870,310
2871,310
2872,310
2873,310
2874,310
2875,310
2876,310
2877,310
2878,310
2879,310
2880,303
2881,303
2882,303
2883,303
2884,303
2885,303
2886,303
2887,303
2888,303
2889,303
2890,303
2891,303
2892,303
2893,303
2894,303
2895,303
2896,303
2897,303
2898,303
2899,303
2900,312
2901,312
2902,312
2903,312
2904,312
2905,312
2906,312
2907,312
2908,312
2909,312
2910,312
2911,312
2912,312
2913,312
2914,312
2915,312
2916,312
2917,312
2918,312
2919,312
2920,309
2921,309
2922,309
2923,309
2924,309
2925,309
2926,309
2927,309
2928,309
2929,309
2930,309
2931,309
2932,309
2933,309
2934,309
2935,309
2936,309
2937,309
2938,309
2939,309
2940,306
2941,306
2942,306
2943,306
2944,306
2945,306
2946,306
2947,306
2948,306
2949,306
2950,306
2951,306
2952,306
2953,306
2954,306
2955,306
2956,306
2957,306
2958,306
2959,306
2960,311
2961,311
2962,311
2963,311
2964,311
2965,311
2966,311
2967,311
2968,311
2969,311
2970,311
2971,311
2972,311
2973,311
2974,311
2975,311
2976,311
2977,311
2978,311
2979,311
2980,304
2981,304
2982,304
2983,304
2984,304
2985,304
2986,304
2987,304
2988,304
2989,304
2990,304
2991,304
2992,304
2993,304
2994,304
2995,304
2996,304
2997,304
2998,304
2999,304
3000,311
3001,311
3002,311
3003,311
3004,311
3005,311
3006,311
3007,311
3008,311
3009,311
3010,311
3011,311
3012,311
3013,311
3014,311
3015,311
3016,311
3017,311
3018,311
3019,311
3020,310
3021,310
3022,310
3023,310
3024,310
3025,310
3026,310
3027,310
3028,310
3029,310
3030,310
3031,310
3032,310
3033,310
3034,310
3035,310
3036,310
3037,310
3038,310
3039,310
3040,305
3041,305
3042,305
3043,305
3044,305
3045,305
3046,305
3047,305
3048,305
3049,305
3050,305
3051,305
3052,305
3053,305
3054,305
3055,305
3056,305
3057,305
3058,305
3059,305
3060,312
3061,312
3062,312
3063,312
3064,312
3065,312
3066,312
3067,312
3068,312
3069,312
3070,312
3071,312
3072,312
3073,312
3074,312
3075,312
3076,312
3077,312
3078,312
3079,312
3080,306
3081,306
3082,306
3083,306
3084,306
3085,306
3086,306
3087,306
3088,306
3089,306
3090,306
3091,306
3092,306
3093,306
3094,306
3095,306
3096,306
3097,306
3098,306
3099,306
3100,311
3101,311
3102,311
3103,311
3104,311
3105,311
3106,311
3107,311
3108,311
3109,311
3110,311
3111,311
3112,311
3113,311
3114,311
3115,311
3116,311
3117,311
3118,311
3119,311
3120,312
3121,312
3122,312
3123,312
3124,312
3125,312
3126,312
3127,312
3128,312
3129,312
3130,312
3131,312
3132,312
3133,312
3134,312
3135,312
3136,312
3137,312
3138,312
3139,312
3140,306
3141,306
3142,306
3143,306
3144,306
3145,306
3146,306
3147,306
3148,306
3149,306
3150,306
3151,306
3152,306
3153,306
3154,306
3155,306
3156,306
3157,306
3158,306
3159,306
3160,314
3161,314
3162,314
3163,314
3164,314
3165,314
3166,314
3167,314
3168,314
3169,314
3170,314
3171,314
3172,314
3173,314
3174,314
3175,314
3176,314
3177,314
3178,314
3179,314
3180,309
3181,309
3182,309
3183,309
3184,309
3185,309
3186,309
3187,309
3188,309
3189,309
3190,309
3191,309
3192,309
3193,309
3194,309
3195,309
3196,309
3197,309
3198,309
3199,309
3200,311
3201,311
3202,311
3203,311
3204,311
3205,311
3206,311
3207,311
3208,311
3209,311
3210,311
3211,311
3212,311
3213,311
3214,311
3215,311
3216,311
3217,311
3218,311
3219,311
3220,315
3221,315
3222,315
3223,315
3224,315
3225,315
3226,315
3227,315
3228,315
3229,315
3230,315
3231,315
3232,315
3233,315
3234,315
3235,315
3236,315
3237,315
3238,315
3239,315
3240,309
3241,309
3242,309
3243,309
3244,309
3245,309
3246,309
3247,309
3248,309
3249,309
3250,309
3251,309
3252,309
3253,309
3254,309
3255,309
3256,309
3257,309
3258,309
3259,309
3260,317
3261,317
3262,317
3263,317
3264,317
3265,317
3266,317
3267,317
3268,317
3269,317
3270,317
3271,317
3272,317
3273,317
3274,317
3275,317
3276,317
3277,317
3278,317
3279,317
3280,312
3281,312
3282,312
3283,312
3284,312
3285,312
3286,312
3287,312
3288,312
3289,312
3290,312
3291,312
3292,312
3293,312
3294,312
3295,312
3296,312
3297,312
3298,312
3299,312
3300,312
3301,312
3302,312
3303,312
3304,312
3305,312
3306,312
3307,312
3308,312
3309,312
3310,312
3311,312
3312,312
3313,312
3314,312
3315,312
3316,312
3317,312
3318,312
3319,312
3320,317
3321,317
3322,317
3323,317
3324,317
3325,317
3326,317
3327,317
3328,317
3329,317
3330,317
3331,317
3332,317
3333,317
3334,317
3335,317
3336,317
3337,317
3338,317
3339,317
3340,310
3341,310
3342,310
3343,310
3344,310
3345,310
3346,310
3347,310
3348,310
3349,310
3350,310
3351,310
3352,310
3353,310
3354,310
3355,310
3356,310
3357,310
3358,310
3359,310
3360,317
3361,317
3362,317
3363,317
3364,317
3365,317
3366,317
3367,317
3368,317
3369,317
3370,317
3371,317
3372,317
3373,317
3374,317
3375,317
3376,317
3377,317
3378,317
3379,317
3380,313
3381,313
3382,313
3383,313
3384,313
3385,313
3386,313
3387,313
3388,313
3389,313
3390,313
3391,313
3392,313
3393,313
3394,313
3395,313
3396,313
3397,313
3398,313
3399,313
3400,312
3401,312
3402,312
3403,312
3404,312
3405,312
3406,312
3407,312
3408,312
3409,312
3410,312
3411,312
3412,312
3413,312
3414,312
3415,312
3416,312
3417,312
3418,312
3419,312
3420,318
3421,318
3422,318
3423,318
3424,318
3425,318
3426,318
3427,318
3428,318
3429,318
3430,318
3431,318
3432,318
3433,318
3434,318
3435,318
3436,318
3437,318
3438,318
3439,318
3440,311
3441,311
3442,311
3443,311
3444,311
3445,311
3446,311
3447,311
3448,311
3449,311
3450,311
3451,311
3452,311
3453,311
3454,311
3455,311
3456,311
3457,311
3458,311
3459,311
3460,316
3461,316
3462,316
3463,316
3464,316
3465,316
3466,316
3467,316
3468,316
3469,316
3470,316
3471,316
3472,316
3473,316
3474,316
3475,316
3476,316
3477,316
3478,316
3479,316
3480,314
3481,314
3482,314
3483,314
3484,314
3485,314
3486,314
3487,314
3488,314
3489,314
3490,314
3491,314
3492,314
3493,314
3494,314
3495,314
3496,314
3497,314
3498,314
3499,314
3500,310
3501,310
3502,310
3503,310
3504,310
3505,310
3506,310
3507,310
3508,310
3509,310
3510,310
3511,310
3512,310
3513,310
3514,310
3515,310
3516,310
3517,310
3518,310
3519,310
3520,318
3521,318
3522,318
3523,318
3524,318
3525,318
3526,318
3527,318
3528,318
3529,318
3530,318
3531,318
3532,318
3533,318
3534,318
3535,318
3536,318
3537,318
3538,318
3539,318
3540,312
3541,312
3542,312
3543,312
3544,312
3545,312
3546,312
3547,312
3548,312
3549,312
3550,312
3551,312
3552,312
3553,312
3554,312
3555,312
3556,312
3557,312
3558,312
3559,312
3560,315
3561,315
3562,315
3563,315
3564,315
3565,315
3566,315
3567,315
3568,315
3569,315
3570,315
3571,315
3572,315
3573,315
3574,315
3575,315
3576,315
3577,315
3578,315
3579,315
3580,314
3581,314
3582,314
3583,314
3584,314
3585,314
3586,314
3587,314
3588,314
3589,314
3590,314
3591,314
3592,314
3593,314
3594,314
3595,314
3596,314
3597,314
3598,314
3599,314
3600,308
3601,308
3602,308
3603,308
3604,308
3605,308
3606,308
3607,308
3608,308
3609,308
3610,308
3611,308
3612,308
3613,308
3614,308
3615,308
3616,308
3617,308
3618,308
3619,308
3620,317
3621,317
3622,317
3623,317
3624,317
3625,317
3626,317
3627,317
3628,317
3629,317
3630,317
3631,317
3632,317
3633,317
3634,317
3635,317
3636,317
3637,317
3638,317
3639,317
3640,311
3641,311
3642,311
3643,311
3644,311
3645,311
3646,311
3647,311
3648,311
3649,311
3650,311
3651,311
3652,311
3653,311
3654,311
3655,311
3656,311
3657,311
3658,311
3659,311
3660,312
3661,312
3662,312
3663,312
3664,312
3665,312
3666,312
3667,312
3668,312
3669,312
3670,312
3671,312
3672,312
3673,312
3674,312
3675,312
3676,312
3677,312
3678,312
3679,312
3680,312
3681,312
3682,312
3683,312
3684,312
3685,312
3686,312
3687,312
3688,312
3689,312
3690,312
3691,312
3692,312
3693,312
3694,312
3695,312
3696,312
3697,312
3698,312
3699,312
3700,305
3701,305
3702,305
3703,305
3704,305
3705,305
3706,305
3707,305
3708,305
3709,305
3710,305
3711,305
3712,305
3713,305
3714,305
3715,305
3716,305
3717,305
3718,305
3719,305
3720,315
3721,315
3722,315
3723,315
3724,315
3725,315
3726,315
3727,315
3728,315
3729,315
3730,315
3731,315
3732,315
3733,315
3734,315
3735,315
3736,315
3737,315
3738,315
3739,315
3740,310
3741,310
3742,310
3743,310
3744,310
3745,310
3746,310
3747,310
3748,310
3749,310
3750,310
3751,310
3752,310
3753,310
3754,310
3755,310
3756,310
3757,310
3758,310
3759,310
3760,309
3761,309
3762,309
3763,309
3764,309
3765,309
3766,309
3767,309
3768,309
3769,309
3770,309
3771,309
3772,309
3773,309
3774,309
3775,309
3776,309
3777,309
3778,309
3779,309
3780,310
3781,310
3782,310
3783,310
3784,310
3785,310
3786,310
3787,310
3788,310
3789,310
3790,310
3791,310
3792,310
3793,310
3794,310
3795,310
3796,310
3797,310
3798,310
3799,310
3800,303
3801,303
3802,303
3803,303
3804,303
3805,303
3806,303
3807,303
3808,303
3809,303
3810,303
3811,303
3812,303
3813,303
3814,303
3815,303
3816,303
3817,303
3818,303
3819,303
3820,312
3821,312
3822,312
3823,312
3824,312
3825,312
3826,312
3827,312
3828,312
3829,312
3830,312
3831,312
3832,312
3833,312
3834,312
3835,312
3836,312
3837,312
3838,312
3839,312
3840,308
3841,308
3842,308
3843,308
3844,308
3845,308
3846,308
3847,308
3848,308
3849,308
3850,308
3851,308
3852,308
3853,308
3854,308
3855,308
3856,308
3857,308
3858,308
3859,308
3860,306
3861,306
3862,306
3863,306
3864,306
3865,306
3866,306
3867,306
3868,306
3869,306
3870,306
3871,306
3872,306
3873,306
3874,306
3875,306
3876,306
3877,306
3878,306
3879,306
3880,310
3881,310
3882,310
3883,310
3884,310
3885,310
3886,310
3887,310
3888,310
3889,310
3890,310
3891,310
3892,310
3893,310
3894,310
3895,310
3896,310
3897,310
3898,310
3899,310
3900,303
3901,303
3902,303
3903,303
3904,303
3905,303
3906,303
3907,303
3908,303
3909,303
3910,303
3911,303
3912,303
3913,303
3914,303
3915,303
3916,303
3917,303
3918,303
3919,303
3920,312
3921,312
3922,312
3923,312
3924,312
3925,312
3926,312
3927,312
3928,312
3929,312
3930,312
3931,312
3932,312
3933,312
3934,312
3935,312
3936,312
3937,312
3938,312
3939,312
3940,309
3941,309
3942,309
3943,309
3944,309
3945,309
3946,309
3947,309
3948,309
3949,309
3950,309
3951,309
3952,309
3953,309
3954,309
3955,309
3956,309
3957,309
3958,309
3959,309
3960,306
3961,306
3962,306
3963,306
3964,306
3965,306
3966,306
3967,306
3968,306
3969,306
3970,306
3971,306
3972,306
3973,306
3974,306
3975,306
3976,306
3977,306
3978,306
3979,306
3980,311
3981,311
3982,311
3983,311
3984,311
3985,311
3986,311
3987,311
3988,311
3989,311
3990,311
3991,311
3992,311
3993,311
3994,311
3995,311
3996,311
3997,311
3998,311
3999,311
4000,303
4001,303
4002,303
4003,303
4004,303
4005,303
4006,303
4007,303
4008,303
4009,303
4010,303
4011,303
4012,303
4013,303
4014,303
4015,303
4016,303
4017,303
4018,303
4019,303
4020,310
4021,310
4022,310
4023,310
4024,310
4025,310
4026,310
4027,310
4028,310
4029,310
4030,310
4031,310
4032,310
4033,310
4034,310
4035,310
4036,310
4037,310
4038,310
4039,310
4040,310
4041,310
4042,310
4043,310
4044,310
4045,310
4046,310
4047,310
4048,310
4049,310
4050,310
4051,310
4052,310
4053,310
4054,310
4055,310
4056,310
4057,310
4058,310
4059,310
4060,305
4061,305
4062,305
4063,305
4064,305
4065,305
4066,305
4067,305
4068,305
4069,305
4070,305
4071,305
4072,305
4073,305
4074,305
4075,305
4076,305
4077,305
4078,305
4079,305
4080,312
4081,312
4082,312
4083,312
4084,312
4085,312
4086,312
4087,312
4088,312
4089,312
4090,312
4091,312
4092,312
4093,312
4094,312
4095,312
4096,312
4097,312
4098,312
4099,312
4100,305
4101,305
4102,305
4103,305
4104,305
4105,305
4106,305
4107,305
4108,305
4109,305
4110,305
4111,305
4112,305
4113,305
4114,305
4115,305
4116,305
4117,305
4118,305
4119,305
4120,311
4121,311
4122,311
4123,311
4124,311
4125,311
4126,311
4127,311
4128,311
4129,311
4130,311
4131,311
4132,311
4133,311
4134,311
4135,311
4136,311
4137,311
4138,311
4139,311
4140,312
4141,312
4142,312
4143,312
4144,312
4145,312
4146,312
4147,312
4148,312
4149,312
4150,312
4151,312
4152,312
4153,312
4154,312
4155,312
4156,312
4157,312
4158,312
4159,312
4160,306
4161,306
4162,306
4163,306
4164,306
4165,306
4166,306
4167,306
4168,306
4169,306
4170,306
4171,306
4172,306
4173,306
4174,306
4175,306
4176,306
4177,306
4178,306
4179,306
4180,314
4181,314
4182,314
4183,314
4184,314
4185,314
4186,314
4187,314
4188,314
4189,314
4190,314
4191,314
4192,314
4193,314
4194,314
4195,314
4196,314
4197,314
4198,314
4199,314
4200,308
4201,308
4202,308
4203,308
4204,308
4205,308
4206,308
4207,308
4208,308
4209,308
4210,308
4211,308
4212,308
4213,308
4214,308
4215,308
4216,308
4217,308
4218,308
4219,308
4220,311
4221,311
4222,311
4223,311
4224,311
4225,311
4226,311
4227,311
4228,311
4229,311
4230,311
4231,311
4232,311
4233,311
4234,311
4235,311
4236,311
4237,311
4238,311
4239,311
4240,315
4241,315
4242,315
4243,315
4244,315
4245,315
4246,315
4247,315
4248,315
4249,315
4250,315
4251,315
4252,315
4253,315
4254,315
4255,315
4256,315
4257,315
4258,315
4259,315
4260,308
4261,308
4262,308
4263,308
4264,308
4265,308
4266,308
4267,308
4268,308
4269,308
4270,308
4271,308
4272,308
4273,308
4274,308
4275,308
4276,308
4277,308
4278,308
4279,308
4280,315
4281,315
4282,315
4283,315
4284,315
4285,315
4286,315
4287,315
4288,315
4289,315
4290,315
4291,315
4292,315
4293,315
4294,315
4295,315
4296,315
4297,315
4298,315
4299,315
4300,312
4301,312
4302,312
4303,312
4304,312
4305,312
4306,312
4307,312
4308,312
4309,312
4310,312
4311,312
4312,312
4313,312
4314,312
4315,312
4316,312
4317,312
4318,312
4319,312
4320,312
4321,312
4322,312
4323,312
4324,312
4325,312
4326,312
4327,312
4328,312
4329,312
4330,312
4331,312
4332,312
4333,312
4334,312
4335,312
4336,312
4337,312
4338,312
4339,312
4340,317
4341,317
4342,317
4343,317
4344,317
4345,317
4346,317
4347,317
4348,317
4349,317
4350,317
4351,317
4352,317
4353,317
4354,317
4355,317
4356,317
4357,317
4358,317
4359,317
4360,310
4361,310
4362,310
4363,310
4364,310
4365,310
4366,310
4367,310
4368,310
4369,310
4370,310
4371,310
4372,310
4373,310
4374,310
4375,310
4376,310
4377,310
4378,310
4379,310
4380,317
4381,317
4382,317
4383,317
4384,317
4385,317
4386,317
4387,317
4388,317
4389,317
4390,317
4391,317
4392,317
4393,317
4394,317
4395,317
4396,317
4397,317
4398,317
4399,317
4400,313
4401,313
4402,313
4403,313
4404,313
4405,313
4406,313
4407,313
4408,313
4409,313
4410,313
4411,313
4412,313
4413,313
4414,313
4415,313
4416,313
4417,313
4418,313
4419,313
4420,311
4421,311
4422,311
4423,311
4424,311
4425,311
4426,311
4427,311
4428,311
4429,311
4430,311
4431,311
4432,311
4433,311
4434,311
4435,311
4436,311
4437,311
4438,311
4439,311
4440,317
4441,317
4442,317
4443,317
4444,317
4445,317
4446,317
4447,317
4448,317
4449,317
4450,317
4451,317
4452,317
4453,317
4454,317
4455,317
4456,317
4457,317
4458,317
4459,317
4460,311
4461,311
4462,311
4463,311
4464,311
4465,311
4466,311
4467,311
4468,311
4469,311
4470,311
4471,311
4472,311
4473,311
4474,311
4475,311
4476,311
4477,311
4478,311
4479,311
4480,316
4481,316
4482,316
4483,316
4484,316
4485,316
4486,316
4487,316
4488,316
4489,316
4490,316
4491,316
4492,316
4493,316
4494,316
4495,316
4496,316
4497,316
4498,316
4499,316
4500,314
4501,314
4502,314
4503,314
4504,314
4505,314
4506,314
4507,314
4508,314
4509,314
4510,314
4511,314
4512,314
4513,314
4514,314
4515,314
4516,314
4517,314
4518,314
4519,314
4520,310
4521,310
4522,310
4523,310
4524,310
4525,310
4526,310
4527,310
4528,310
4529,310
4530,310
4531,310
4532,310
4533,310
4534,310
4535,310
4536,310
4537,310
4538,310
4539,310
4540,318
4541,318
4542,318
4543,318
4544,318
4545,318
4546,318
4547,318
4548,318
4549,318
4550,318
4551,318
4552,318
4553,318
4554,318
4555,318
4556,318
4557,318
4558,318
4559,318
4560,312
4561,312
4562,312
4563,312
4564,312
4565,312
4566,312
4567,312
4568,312
4569,312
4570,312
4571,312
4572,312
4573,312
4574,312
4575,312
4576,312
4577,312
4578,312
4579,312
4580,315
4581,315
4582,315
4583,315
4584,315
4585,315
4586,315
4587,315
4588,315
4589,315
4590,315
4591,315
4592,315
4593,315
4594,315
4595,315
4596,315
4597,315
4598,315
4599,315
4600,314
4601,314
4602,314
4603,314
4604,314
4605,314
4606,314
4607,314
4608,314
4609,314
4610,314
4611,314
4612,314
4613,314
4614,314
4615,314
4616,314
4617,314
4618,314
4619,314
4620,309
4621,309
4622,309
4623,309
4624,309
4625,309
4626,309
4627,309
4628,309
4629,309
4630,309
4631,309
4632,309
4633,309
4634,309
4635,309
4636,309
4637,309
4638,309
4639,309
4640,317
4641,317
4642,317
4643,317
4644,317
4645,317
4646,317
4647,317
4648,317
4649,317
4650,317
4651,317
4652,317
4653,317
4654,317
4655,317
4656,317
4657,317
4658,317
4659,317
4660,311
4661,311
4662,311
4663,311
4664,311
4665,311
4666,311
4667,311
4668,311
4669,311
4670,311
4671,311
4672,311
4673,311
4674,311
4675,311
4676,311
4677,311
4678,311
4679,311
4680,312
4681,312
4682,312
4683,312
4684,312
4685,312
4686,312
4687,312
4688,312
4689,312
4690,312
4691,312
4692,312
4693,312
4694,312
4695,312
4696,312
4697,312
4698,312
4699,312
4700,313
4701,313
4702,313
4703,313
4704,313
4705,313
4706,313
4707,313
4708,313
4709,313
4710,313
4711,313
4712,313
4713,313
4714,313
4715,313
4716,313
4717,313
4718,313
4719,313
4720,307
4721,307
4722,307
4723,307
4724,307
4725,307
4726,307
4727,307
4728,307
4729,307
4730,307
4731,307
4732,307
4733,307
4734,307
4735,307
4736,307
4737,307
4738,307
4739,307
4740,315
4741,315
4742,315
4743,315
4744,315
4745,315
4746,315
4747,315
4748,315
4749,315
4750,315
4751,315
4752,315
4753,315
4754,315
4755,315
4756,315
4757,315
4758,315
4759,315
4760,310
4761,310
4762,310
4763,310
4764,310
4765,310
4766,310
4767,310
4768,310
4769,310
4770,310
4771,310
4772,310
4773,310
4774,310
4775,310
4776,310
4777,310
4778,310
4779,310
4780,309
4781,309
4782,309
4783,309
4784,309
4785,309
4786,309
4787,309
4788,309
4789,309
4790,309
4791,309
4792,309
4793,309
4794,309
4795,309
4796,309
4797,309
4798,309
4799,309
4800,312
4801,312
4802,312
4803,312
4804,312
4805,312
4806,312
4807,312
4808,312
4809,312
4810,312
4811,312
4812,312
4813,312
4814,312
4815,312
4816,312
4817,312
4818,312
4819,312
4820,304
4821,304
4822,304
4823,304
4824,304
4825,304
4826,304
4827,304
4828,304
4829,304
4830,304
4831,304
4832,304
4833,304
4834,304
4835,304
4836,304
4837,304
4838,304
4839,304
4840,312
4841,312
4842,312
4843,312
4844,312
4845,312
4846,312
4847,312
4848,312
4849,312
4850,312
4851,312
4852,312
4853,312
4854,312
4855,312
4856,312
4857,312
4858,312
4859,312
4860,308
4861,308
4862,308
4863,308
4864,308
4865,308
4866,308
4867,308
4868,308
4869,308
4870,308
4871,308
4872,308
4873,308
4874,308
4875,308
4876,308
4877,308
4878,308
4879,308
4880,306
4881,306
4882,306
4883,306
4884,306
4885,306
4886,306
4887,306
4888,306
4889,306
4890,306
4891,306
4892,306
4893,306
4894,306
4895,306
4896,306
4897,306
4898,306
4899,306
4900,310
4901,310
4902,310
4903,310
4904,310
4905,310
4906,310
4907,310
4908,310
4909,310
4910,310
4911,310
4912,310
4913,310
4914,310
4915,310
4916,310
4917,310
4918,310
4919,310
4920,303
4921,303
4922,303
4923,303
4924,303
4925,303
4926,303
4927,303
4928,303
4929,303
4930,303
4931,303
4932,303
4933,303
4934,303
4935,303
4936,303
4937,303
4938,303
4939,303
4940,312
4941,312
4942,312
4943,312
4944,312
4945,312
4946,312
4947,312
4948,312
4949,312
4950,312
4951,312
4952,312
4953,312
4954,312
4955,312
4956,312
4957,312
4958,312
4959,312
4960,309
4961,309
4962,309
4963,309
4964,309
4965,309
4966,309
4967,309
4968,309
4969,309
4970,309
4971,309
4972,309
4973,309
4974,309
4975,309
4976,309
4977,309
4978,309
4979,309
4980,305
4981,305
4982,305
4983,305
4984,305
4985,305
4986,305
4987,305
4988,305
4989,305
4990,305
4991,305
4992,305
4993,305
4994,305
4995,305
4996,305
4997,305
4998,305
4999,305
5000,311
5001,311
5002,311
5003,311
5004,311
5005,311
5006,311
5007,311
5008,311
5009,311
5010,311
5011,311
5012,311
5013,311
5014,311
5015,311
5016,311
5017,311
5018,311
5019,311
5020,304
5021,304
5022,304
5023,304
5024,304
5025,304
5026,304
5027,304
5028,304
5029,304
5030,304
5031,304
5032,304
5033,304
5034,304
5035,304
5036,304
5037,304
5038,304
5039,304
5040,310
5041,310
5042,310
5043,310
5044,310
5045,310
5046,310
5047,310
5048,310
5049,310
5050,310
5051,310
5052,310
5053,310
5054,310
5055,310
5056,310
5057,310
5058,310
5059,310
5060,310
5061,310
5062,310
5063,310
5064,310
5065,310
5066,310
5067,310
5068,310
5069,310
5070,310
5071,310
5072,310
5073,310
5074,310
5075,310
5076,310
5077,310
5078,310
5079,310
5080,305
5081,305
5082,305
5083,305
5084,305
5085,305
5086,305
5087,305
5088,305
5089,305
5090,305
5091,305
5092,305
5093,305
5094,305
5095,305
5096,305
5097,305
5098,305
5099,305
5100,311
5101,311
5102,311
5103,311
5104,311
5105,311
5106,311
5107,311
5108,311
5109,311
5110,311
5111,311
5112,311
5113,311
5114,311
5115,311
5116,311
5117,311
5118,311
5119,311
5120,304
5121,304
5122,304
5123,304
5124,304
5125,304
5126,304
5127,304
5128,304
5129,304
5130,304
5131,304
5132,304
5133,304
5134,304
5135,304
5136,304
5137,304
5138,304
5139,304
5140,309
5141,309
5142,309
5143,309
5144,309
5145,309
5146,309
5147,309
5148,309
5149,309
5150,309
5151,309
5152,309
5153,309
5154,309
5155,309
5156,309
5157,309
5158,309
5159,309
5160,311
5161,311
5162,311
5163,311
5164,311
5165,311
5166,311
5167,311
5168,311
5169,311
5170,311
5171,311
5172,311
5173,311
5174,311
5175,311
5176,311
5177,311
5178,311
5179,311
5180,306
5181,306
5182,306
5183,306
5184,306
5185,306
5186,306
5187,306
5188,306
5189,306
5190,306
5191,306
5192,306
5193,306
5194,306
5195,306
5196,306
5197,306
5198,306
5199,306
5200,313
5201,313
5202,313
5203,313
5204,313
5205,313
5206,313
5207,313
5208,313
5209,313
5210,313
5211,313
5212,313
5213,313
5214,313
5215,313
5216,313
5217,313
5218,313
5219,313
5220,307
5221,307
5222,307
5223,307
5224,307
5225,307
5226,307
5227,307
5228,307
5229,307
5230,307
5231,307
5232,307
5233,307
5234,307
5235,307
5236,307
5237,307
5238,307
5239,307
5240,310
5241,310
5242,310
5243,310
5244,310
5245,310
5246,310
5247,310
5248,310
5249,310
5250,310
5251,310
5252,310
5253,310
5254,310
5255,310
5256,310
5257,310
5258,310
5259,310
5260,314
5261,314
5262,314
5263,314
5264,314
5265,314
5266,314
5267,314
5268,314
5269,314
5270,314
5271,314
5272,314
5273,314
5274,314
5275,314
5276,314
5277,314
5278,314
5279,314
5280,308
5281,308
5282,308
5283,308
5284,308
5285,308
5286,308
5287,308
5288,308
5289,308
5290,308
5291,308
5292,308
5293,308
5294,308
5295,308
5296,308
5297,308
5298,308
5299,308
5300,315
5301,315
5302,315
5303,315
5304,315
5305,315
5306,315
5307,315
5308,315
5309,315
5310,315
5311,315
5312,315
5313,315
5314,315
5315,315
5316,315
5317,315
5318,315
5319,315
5320,310
5321,310
5322,310
5323,310
5324,310
5325,310
5326,310
5327,310
5328,310
5329,310
5330,310
5331,310
5332,310
5333,310
5334,310
5335,310
5336,310
5337,310
5338,310
5339,310
5340,311
5341,311
5342,311
5343,311
5344,311
5345,311
5346,311
5347,311
5348,311
5349,311
5350,311
5351,311
5352,311
5353,311
5354,311
5355,311
5356,311
5357,311
5358,311
5359,311
5360,317
5361,317
5362,317
5363,317
5364,317
5365,317
5366,317
5367,317
5368,317
5369,317
5370,317
5371,317
5372,317
5373,317
5374,317
5375,317
5376,317
5377,317
5378,317
5379,317
5380,310
5381,310
5382,310
5383,310
5384,310
5385,310
5386,310
5387,310
5388,310
5389,310
5390,310
5391,310
5392,310
5393,310
5394,310
5395,310
5396,310
5397,310
5398,310
5399,310
5400,316
5401,316
5402,316
5403,316
5404,316
5405,316
5406,316
5407,316
5408,316
5409,316
5410,316
5411,316
5412,316
5413,316
5414,316
5415,316
5416,316
5417,316
5418,316
5419,316
5420,313
5421,313
5422,313
5423,313
5424,313
5425,313
5426,313
5427,313
5428,313
5429,313
5430,313
5431,313
5432,313
5433,313
5434,313
5435,313
5436,313
5437,313
5438,313
5439,313
5440,311
5441,311
5442,311
5443,311
5444,311
5445,311
5446,311
5447,311
5448,311
5449,311
5450,311
5451,311
5452,311
5453,311
5454,311
5455,311
5456,311
5457,311
5458,311
5459,311
5460,318
5461,318
5462,318
5463,318
5464,318
5465,318
5466,318
5467,318
5468,318
5469,318
5470,318
5471,318
5472,318
5473,318
5474,318
5475,318
5476,318
5477,318
5478,318
5479,318
5480,311
5481,311
5482,311
5483,311
5484,311
5485,311
5486,311
5487,311
5488,311
5489,311
5490,311
5491,311
5492,311
5493,311
5494,311
5495,311
5496,311
5497,311
5498,311
5499,311
5500,316
5501,316
5502,316
5503,316
5504,316
5505,316
5506,316
5507,316
5508,316
5509,316
5510,316
5511,316
5512,316
5513,316
5514,316
5515,316
5516,316
5517,316
5518,316
5519,316
5520,314
5521,314
5522,314
5523,314
5524,314
5525,314
5526,314
5527,314
5528,314
5529,314
5530,314
5531,314
5532,314
5533,314
5534,314
5535,314
5536,314
5537,314
5538,314
5539,314
5540,310
5541,310
5542,310
5543,310
5544,310
5545,310
5546,310
5547,310
5548,310
5549,310
5550,310
5551,310
5552,310
5553,310
5554,310
5555,310
5556,310
5557,310
5558,310
5559,310
5560,318
5561,318
5562,318
5563,318
5564,318
5565,318
5566,318
5567,318
5568,318
5569,318
5570,318
5571,318
5572,318
5573,318
5574,318
5575,318
5576,318
5577,318
5578,318
5579,318
5580,312
5581,312
5582,312
5583,312
5584,312
5585,312
5586,312
5587,312
5588,312
5589,312
5590,312
5591,312
5592,312
5593,312
5594,312
5595,312
5596,312
5597,312
5598,312
5599,312
5600,315
5601,315
5602,315
5603,315
5604,315
5605,315
5606,315
5607,315
5608,315
5609,315
5610,315
5611,315
5612,315
5613,315
5614,315
5615,315
5616,315
5617,315
5618,315
5619,315
5620,314
5621,314
5622,314
5623,314
5624,314
5625,314
5626,314
5627,314
5628,314
5629,314
5630,314
5631,314
5632,314
5633,314
5634,314
5635,314
5636,314
5637,314
5638,314
5639,314
5640,309
5641,309
5642,309
5643,309
5644,309
5645,309
5646,309
5647,309
5648,309
5649,309
5650,309
5651,309
5652,309
5653,309
5654,309
5655,309
5656,309
5657,309
5658,309
5659,309
5660,318
5661,318
5662,318
5663,318
5664,318
5665,318
5666,318
5667,318
5668,318
5669,318
5670,318
5671,318
5672,318
5673,318
5674,318
5675,318
5676,318
5677,318
5678,318
5679,318
5680,312
5681,312
5682,312
5683,312
5684,312
5685,312
5686,312
5687,312
5688,312
5689,312
5690,312
5691,312
5692,312
5693,312
5694,312
5695,312
5696,312
5697,312
5698,312
5699,312
5700,312
5701,312
5702,312
5703,312
5704,312
5705,312
5706,312
5707,312
5708,312
5709,312
5710,312
5711,312
5712,312
5713,312
5714,312
5715,312
5716,312
5717,312
5718,312
5719,312
5720,313
5721,313
5722,313
5723,313
5724,313
5725,313
5726,313
5727,313
5728,313
5729,313
5730,313
5731,313
5732,313
5733,313
5734,313
5735,313
5736,313
5737,313
5738,313
5739,313
5740,307
5741,307
5742,307
5743,307
5744,307
5745,307
5746,307
5747,307
5748,307
5749,307
5750,307
5751,307
5752,307
5753,307
5754,307
5755,307
5756,307
5757,307
5758,307
5759,307
5760,316
5761,316
5762,316
5763,316
5764,316
5765,316
5766,316
5767,316
5768,316
5769,316
5770,316
5771,316
5772,316
5773,316
5774,316
5775,316
5776,316
5777,316
5778,316
5779,316
5780,310
5781,310
5782,310
5783,310
5784,310
5785,310
5786,310
5787,310
5788,310
5789,310
5790,310
5791,310
5792,310
5793,310
5794,310
5795,310
5796,310
5797,310
5798,310
5799,310
5800,309
5801,309
5802,309
5803,309
5804,309
5805,309
5806,309
5807,309
5808,309
5809,309
5810,309
5811,309
5812,309
5813,309
5814,309
5815,309
5816,309
5817,309
5818,309
5819,309
5820,312
5821,312
5822,312
5823,312
5824,312
5825,312
5826,312
5827,312
5828,312
5829,312
5830,312
5831,312
5832,312
5833,312
5834,312
5835,312
5836,312
5837,312
5838,312
5839,312
5840,305
5841,305
5842,305
5843,305
5844,305
5845,305
5846,305
5847,305
5848,305
5849,305
5850,305
5851,305
5852,305
5853,305
5854,305
5855,305
5856,305
5857,305
5858,305
5859,305
5860,314
5861,314
5862,314
5863,314
5864,314
5865,314
5866,314
5867,314
5868,314
5869,314
5870,314
5871,314
5872,314
5873,314
5874,314
5875,314
5876,314
5877,314
5878,314
5879,314
5880,309
5881,309
5882,309
5883,309
5884,309
5885,309
5886,309
5887,309
5888,309
5889,309
5890,309
5891,309
5892,309
5893,309
5894,309
5895,309
5896,309
5897,309
5898,309
5899,309
5900,306
5901,306
5902,306
5903,306
5904,306
5905,306
5906,306
5907,306
5908,306
5909,306
5910,306
5911,306
5912,306
5913,306
5914,306
5915,306
5916,306
5917,306
5918,306
5919,306
5920,311
5921,311
5922,311
5923,311
5924,311
5925,311
5926,311
5927,311
5928,311
5929,311
5930,311
5931,311
5932,311
5933,311
5934,311
5935,311
5936,311
5937,311
5938,311
5939,311
5940,303
5941,303
5942,303
5943,303
5944,303
5945,303
5946,303
5947,303
5948,303
5949,303
5950,303
5951,303
5952,303
5953,303
5954,303
5955,303
5956,303
5957,303
5958,303
5959,303
5960,312
5961,312
5962,312
5963,312
5964,312
5965,312
5966,312
5967,312
5968,312
5969,312
5970,312
5971,312
5972,312
5973,312
5974,312
5975,312
5976,312
5977,312
5978,312
5979,312
5980,309
5981,309
5982,309
5983,309
5984,309
5985,309
5986,309
5987,309
5988,309
5989,309
5990,309
5991,309
5992,309
5993,309
5994,309
5995,309
5996,309
5997,309
5998,309
5999,309
6000,305
6001,305
6002,305
6003,305
6004,305
6005,305
6006,305
6007,305
6008,305
6009,305
6010,305
6011,305
6012,305
6013,305
6014,305
6015,305
6016,305
6017,305
6018,305
6019,305
6020,311
6021,311
6022,311
6023,311
6024,311
6025,311
6026,311
6027,311
6028,311
6029,311
6030,311
6031,311
6032,311
6033,311
6034,311
6035,311
6036,311
6037,311
6038,311
6039,311
6040,303
6041,303
6042,303
6043,303
6044,303
6045,303
6046,303
6047,303
6048,303
6049,303
6050,303
6051,303
6052,303
6053,303
6054,303
6055,303
6056,303
6057,303
6058,303
6059,303
6060,310
6061,310
6062,310
6063,310
6064,310
6065,310
6066,310
6067,310
6068,310
6069,310
6070,310
6071,310
6072,310
6073,310
6074,310
6075,310
6076,310
6077,310
6078,310
6079,310
6080,310
6081,310
6082,310
6083,310
6084,310
6085,310
6086,310
6087,310
6088,310
6089,310
6090,310
6091,310
6092,310
6093,310
6094,310
6095,310
6096,310
6097,310
6098,310
6099,310
6100,304
6101,304
6102,304
6103,304
6104,304
6105,304
6106,304
6107,304
6108,304
6109,304
6110,304
6111,304
6112,304
6113,304
6114,304
6115,304
6116,304
6117,304
6118,304
6119,304
6120,311
6121,311
6122,311
6123,311
6124,311
6125,311
6126,311
6127,311
6128,311
6129,311
6130,311
6131,311
6132,311
6133,311
6134,311
6135,311
6136,311
6137,311
6138,311
6139,311
6140,304
6141,304
6142,304
6143,304
6144,304
6145,304
6146,304
6147,304
6148,304
6149,304
6150,304
6151,304
6152,304
6153,304
6154,304
6155,304
6156,304
6157,304
6158,304
6159,304
6160,309
6161,309
6162,309
6163,309
6164,309
6165,309
6166,309
6167,309
6168,309
6169,309
6170,309
6171,309
6172,309
6173,309
6174,309
6175,309
6176,309
6177,309
6178,309
6179,309
6180,311
6181,311
6182,311
6183,311
6184,311
6185,311
6186,311
6187,311
6188,311
6189,311
6190,311
6191,311
6192,311
6193,311
6194,311
6195,311
6196,311
6197,311
6198,311
6199,311
6200,304
6201,304
6202,304
6203,304
6204,304
6205,304
6206,304
6207,304
6208,304
6209,304
6210,304
6211,304
6212,304
6213,304
6214,304
6215,304
6216,304
6217,304
6218,304
6219,304
6220,313
6221,313
6222,313
6223,313
6224,313
6225,313
6226,313
6227,313
6228,313
6229,313
6230,313
6231,313
6232,313
6233,313
6234,313
6235,313
6236,313
6237,313
6238,313
6239,313
6240,307
6241,307
6242,307
6243,307
6244,307
6245,307
6246,307
6247,307
6248,307
6249,307
6250,307
6251,307
6252,307
6253,307
6254,307
6255,307
6256,307
6257,307
6258,307
6259,307
6260,310
6261,310
6262,310
6263,310
6264,310
6265,310
6266,310
6267,310
6268,310
6269,310
6270,310
6271,310
6272,310
6273,310
6274,310
6275,310
6276,310
6277,310
6278,310
6279,310
6280,313
6281,313
6282,313
6283,313
6284,313
6285,313
6286,313
6287,313
6288,313
6289,313
6290,313
6291,313
6292,313
6293,313
6294,313
6295,313
6296,313
6297,313
6298,313
6299,313
6300,307
6301,307
6302,307
6303,307
6304,307
6305,307
6306,307
6307,307
6308,307
6309,307
6310,307
6311,307
6312,307
6313,307
6314,307
6315,307
6316,307
6317,307
6318,307
6319,307
6320,315
6321,315
6322,315
6323,315
6324,315
6325,315
6326,315
6327,315
6328,315
6329,315
6330,315
6331,315
6332,315
6333,315
6334,315
6335,315
6336,315
6337,315
6338,315
6339,315
6340,310
6341,310
6342,310
6343,310
6344,310
6345,310
6346,310
6347,310
6348,310
6349,310
6350,310
6351,310
6352,310
6353,310
6354,310
6355,310
6356,310
6357,310
6358,310
6359,310
6360,310
6361,310
6362,310
6363,310
6364,310
6365,310
6366,310
6367,310
6368,310
6369,310
6370,310
6371,310
6372,310
6373,310
6374,310
6375,310
6376,310
6377,310
6378,310
6379,310
6380,315
6381,315
6382,315
6383,315
6384,315
6385,315
6386,315
6387,315
6388,315
6389,315
6390,315
6391,315
6392,315
6393,315
6394,315
6395,315
6396,315
6397,315
6398,315
6399,315
6400,310
6401,310
6402,310
6403,310
6404,310
6405,310
6406,310
6407,310
6408,310
6409,310
6410,310
6411,310
6412,310
6413,310
6414,310
6415,310
6416,310
6417,310
6418,310
6419,310
6420,317
6421,317
6422,317
6423,317
6424,317
6425,317
6426,317
6427,317
6428,317
6429,317
6430,317
6431,317
6432,317
6433,317
6434,317
6435,317
6436,317
6437,317
6438,317
6439,317
6440,313
6441,313
6442,313
6443,313
6444,313
6445,313
6446,313
6447,313
6448,313
6449,313
6450,313
6451,313
6452,313
6453,313
6454,313
6455,313
6456,313
6457,313
6458,313
6459,313
6460,311
6461,311
6462,311
6463,311
6464,311
6465,311
6466,311
6467,311
6468,311
6469,311
6470,311
6471,311
6472,311
6473,311
6474,311
6475,311
6476,311
6477,311
6478,311
6479,311
6480,317
6481,317
6482,317
6483,317
6484,317
6485,317
6486,317
6487,317
6488,317
6489,317
6490,317
6491,317
6492,317
6493,317
6494,317
6495,317
6496,317
6497,317
6498,317
6499,317
6500,311
6501,311
6502,311
6503,311
6504,311
6505,311
6506,311
6507,311
6508,311
6509,311
6510,311
6511,311
6512,311
6513,311
6514,311
6515,311
6516,311
6517,311
6518,311
6519,311
6520,316
6521,316
6522,316
6523,316
6524,316
6525,316
6526,316
6527,316
6528,316
6529,316
6530,316
6531,316
6532,316
6533,316
6534,316
6535,316
6536,316
6537,316
6538,316
6539,316
6540,314
6541,314
6542,314
6543,314
6544,314
6545,314
6546,314
6547,314
6548,314
6549,314
6550,314
6551,314
6552,314
6553,314
6554,314
6555,314
6556,314
6557,314
6558,314
6559,314
6560,310
6561,310
6562,310
6563,310
6564,310
6565,310
6566,310
6567,310
6568,310
6569,310
6570,310
6571,310
6572,310
6573,310
6574,310
6575,310
6576,310
6577,310
6578,310
6579,310
6580,318
6581,318
6582,318
6583,318
6584,318
6585,318
6586,318
6587,318
6588,318
6589,318
6590,318
6591,318
6592,318
6593,318
6594,318
6595,318
6596,318
6597,318
6598,318
6599,318
6600,312
6601,312
6602,312
6603,312
6604,312
6605,312
6606,312
6607,312
6608,312
6609,312
6610,312
6611,312
6612,312
6613,312
6614,312
6615,312
6616,312
6617,312
6618,312
6619,312
6620,315
6621,315
6622,315
6623,315
6624,315
6625,315
6626,315
6627,315
6628,315
6629,315
6630,315
6631,315
6632,315
6633,315
6634,315
6635,315
6636,315
6637,315
6638,315
6639,315
6640,314
6641,314
6642,314
6643,314
6644,314
6645,314
6646,314
6647,314
6648,314
6649,314
6650,314
6651,314
6652,314
6653,314
6654,314
6655,314
6656,314
6657,314
6658,314
6659,314
6660,309
6661,309
6662,309
6663,309
6664,309
6665,309
6666,309
6667,309
6668,309
6669,309
6670,309
6671,309
6672,309
6673,309
6674,309
6675,309
6676,309
6677,309
6678,309
6679,309
6680,318
6681,318
6682,318
6683,318
6684,318
6685,318
6686,318
6687,318
6688,318
6689,318
6690,318
6691,318
6692,318
6693,318
6694,318
6695,318
6696,318
6697,318
6698,318
6699,318
6700,313
6701,313
6702,313
6703,313
6704,313
6705,313
6706,313
6707,313
6708,313
6709,313
6710,313
6711,313
6712,313
6713,313
6714,313
6715,313
6716,313
6717,313
6718,313
6719,313
6720,314
6721,314
6722,314
6723,314
6724,314
6725,314
6726,314
6727,314
6728,314
6729,314
6730,314
6731,314
6732,314
6733,314
6734,314
6735,314
6736,314
6737,314
6738,314
6739,314
6740,313
6741,313
6742,313
6743,313
6744,313
6745,313
6746,313
6747,313
6748,313
6749,313
6750,313
6751,313
6752,313
6753,313
6754,313
6755,313
6756,313
6757,313
6758,313
6759,313
6760,307
6761,307
6762,307
6763,307
6764,307
6765,307
6766,307
6767,307
6768,307
6769,307
6770,307
6771,307
6772,307
6773,307
6774,307
6775,307
6776,307
6777,307
6778,307
6779,307
6780,316
6781,316
6782,316
6783,316
6784,316
6785,316
6786,316
6787,316
6788,316
6789,316
6790,316
6791,316
6792,316
6793,316
6794,316
6795,316
6796,316
6797,316
6798,316
6799,316
6800,311
6801,311
6802,311
6803,311
6804,311
6805,311
6806,311
6807,311
6808,311
6809,311
6810,311
6811,311
6812,311
6813,311
6814,311
6815,311
6816,311
6817,311
6818,311
6819,311
6820,310
6821,310
6822,310
6823,310
6824,310
6825,310
6826,310
6827,310
6828,310
6829,310
6830,310
6831,310
6832,310
6833,310
6834,310
6835,310
6836,310
6837,310
6838,310
6839,310
6840,312
6841,312
6842,312
6843,312
6844,312
6845,312
6846,312
6847,312
6848,312
6849,312
6850,312
6851,312
6852,312
6853,312
6854,312
6855,312
6856,312
6857,312
6858,312
6859,312
6860,305
6861,305
6862,305
6863,305
6864,305
6865,305
6866,305
6867,305
6868,305
6869,305
6870,305
6871,305
6872,305
6873,305
6874,305
6875,305
6876,305
6877,305
6878,305
6879,305
6880,314
6881,314
6882,314
6883,314
6884,314
6885,314
6886,314
6887,314
6888,314
6889,314
6890,314
6891,314
6892,314
6893,314
6894,314
6895,314
6896,314
6897,314
6898,314
6899,314
6900,310
6901,310
6902,310
6903,310
6904,310
6905,310
6906,310
6907,310
6908,310
6909,310
6910,310
6911,310
6912,310
6913,310
6914,310
6915,310
6916,310
6917,310
6918,310
6919,310
6920,307
6921,307
6922,307
6923,307
6924,307
6925,307
6926,307
6927,307
6928,307
6929,307
6930,307
6931,307
6932,307
6933,307
6934,307
6935,307
6936,307
6937,307
6938,307
6939,307
6940,310
6941,310
6942,310
6943,310
6944,310
6945,310
6946,310
6947,310
6948,310
6949,310
6950,310
6951,310
6952,310
6953,310
6954,310
6955,310
6956,310
6957,310
6958,310
6959,310
6960,303
6961,303
6962,303
6963,303
6964,303
6965,303
6966,303
6967,303
6968,303
6969,303
6970,303
6971,303
6972,303
6973,303
6974,303
6975,303
6976,303
6977,303
6978,303
6979,303
6980,312
6981,312
6982,312
6983,312
6984,312
6985,312
6986,312
6987,312
6988,312
6989,312
6990,312
6991,312
6992,312
6993,312
6994,312
6995,312
6996,312
6997,312
6998,312
6999,312
7000,309

