1,0
2,0
3,0
4,8
5,13
6,27
7,34
8,44
9,56
10,60
11,78
12,78
13,98
14,93
15,118
16,106
17,136
18,117
19,152
20,126
21,167
22,132
23,180
24,144
25,192
26,154
27,203
28,163
29,214
30,172
31,224
32,180
33,228
34,187
35,231
36,194
37,235
38,201
39,237
40,207
41,240
42,213
43,242
44,218
45,243
46,223
47,246
48,228
49,246
50,232
51,247
52,238
53,248
54,243
55,248
56,247
57,249
58,252
59,248
60,256
61,248
62,261
63,247
64,265
65,246
66,270
67,246
68,274
69,245
70,278
71,243
72,283
73,242
74,286
75,239
76,291
77,239
78,297
79,242
80,299
81,247
82,298
83,250
84,297
85,253
86,297
87,256
88,297
89,260
90,296
91,263
92,296
93,267
94,296
95,269
96,294
97,273
98,294
99,276
100,293
101,279
102,292
103,283
104,291
105,286
106,291
107,290
108,290
109,293
110,288
111,296
112,287
113,300
114,285
115,303
116,284
117,306
118,282
119,310
120,281
121,313
122,279
123,317
124,278
125,321
126,276
127,325
128,274
129,326
130,271
131,325
132,273
133,324
134,276
135,323
136,280
137,323
138,284
139,322
140,285
141,322
142,288
143,320
144,291
145,320
146,294
147,319
148,297
149,318
150,301
151,316
152,303
153,315
154,306
155,314
156,308
157,313
158,312
159,311
160,315
161,311
162,318
163,308
164,321
165,308
166,324
167,306
168,328
169,304
170,331
171,303
172,335
173,301
174,338
175,298
176,342
177,297
178,343
179,294
180,342
181,293
182,341
183,290
184,340
185,293
186,339
187,296
188,338
189,298
190,337
191,301
192,335
193,304
194,335
195,306
196,333
197,309
198,333
199,312
200,332
201,314
202,331
203,317
204,329
205,319
206,328
207,322
208,326
209,325
210,325
211,328
212,324
213,331
214,322
215,334
216,320
217,337
218,319
219,340
220,318
221,344
222,316
223,347
224,313
225,350
226,311
227,353
228,309
229,352
230,307
231,350
232,304
233,349
234,303
235,349
236,302
237,347
238,305
239,346
240,307
241,345
242,309
243,344
244,312
245,343
246,314
247,341
248,317
249,340
250,319
251,339
252,321
253,337
254,324
255,336
256,326
257,334
258,329
259,333
260,331
261,331
262,334
263,329
264,337
265,327
266,339
267,325
268,342
269,323
270,345
271,321
272,347
273,320
274,350
275,318
276,354
277,315
278,356
279,313
280,356
281,312
282,354
283,307
284,352
285,304
286,351
287,304
288,350
289,307
290,349
291,309
292,347
293,311
294,346
295,313
296,345
297,316
298,343
299,318
300,342
301,320
302,340
303,322
304,338
305,324
306,336
307,326
308,334
309,329
310,333
311,332
312,331
313,334
314,329
315,337
316,327
317,339
318,325
319,341
320,322
321,344
322,320
323,347
324,318
325,349
326,314
327,352
328,312
329,355
330,310
331,353
332,307
333,352
334,303
335,350
336,300
337,349
338,301
339,347
340,304
341,346
342,305
343,344
344,307
345,341
346,309
347,340
348,310
349,338
350,312
351,336
352,314
353,334
354,317
355,333
356,318
357,331
358,321
359,328
360,323
361,326
362,324
363,324
364,326
365,321
366,329
367,320
368,331
369,316
370,333
371,314
372,335
373,311
374,338
375,308
376,340
377,305
378,342
379,302
380,345
381,298
382,347
383,294
384,345
385,290
386,343
387,290
388,340
389,292
390,339
391,293
392,337
393,295
394,335
395,297
396,333
397,298
398,331
399,300
400,328
401,301
402,326
403,303
404,323
405,305
406,321
407,306
408,318
409,308
410,316
411,310
412,313
413,311
414,311
415,312
416,308
417,315
418,304
419,317
420,301
421,318
422,298
423,320
424,295
425,322
426,292
427,324
428,287
429,325
430,283
431,328
432,279
433,331
434,274
435,333
436,275
437,330
438,277
439,328
440,278
441,326
442,279
443,323
444,280
445,321
446,281
447,318
448,283
449,316
450,284
451,313
452,285
453,310
454,286
455,308
456,288
457,305
458,289
459,302
460,292
461,299
462,292
463,295
464,293
465,292
466,295
467,288
468,296
469,285
470,298
471,281
472,299
473,277
474,300
475,272
476,302
477,268
478,303
479,263
480,305
481,258
482,306
483,254
484,308
485,256
486,310
487,258
488,311
489,258
490,311
491,258
492,308
493,259
494,305
495,261
496,303
497,262
498,300
499,262
500,296
501,263
502,293
503,264
504,290
505,265
506,286
507,267
508,283
509,267
510,279
511,268
512,276
513,269
514,272
515,270
516,268
517,271
518,264
519,272
520,260
521,273
522,255
523,274
524,250
525,275
526,245
527,276
528,240
529,277
530,235
531,279
532,232
533,280
534,234
535,281
536,234
537,283
538,235
539,284
540,236
541,285
542,236
543,288
544,236
545,285
546,237
547,281
548,238
549,277
550,239
551,274
552,239
553,270
554,240
555,266
556,241
557,262
558,241
559,258
560,242
561,255
562,242
563,250
564,243
565,245
566,243
567,240
568,244
569,236
570,246
571,230
572,246
573,226
574,246
575,220
576,246
577,214
578,247
579,208
580,249
581,209
582,250
583,210
584,251
585,211
586,252
587,211
588,253
589,211
590,254
591,211
592,255
593,212
594,256
595,212
596,258
597,213
598,258
599,213
600,254
601,214
602,250
603,214
604,245
605,214
606,240
607,215
608,236
609,215
610,232
611,215
612,226
613,216
614,223
615,216
616,218
617,217
618,212
619,218
620,208
621,218
622,202
623,218
624,197
625,219
626,190
627,219
628,185
629,221
630,186
631,221
632,187
633,222
634,187
635,222
636,187
637,223
638,187
639,224
640,188
641,225
642,188
643,226
644,188
645,226
646,188
647,226
648,188
649,228
650,189
651,229
652,189
653,225
654,189
655,221
656,189
657,216
658,190
659,212
660,190
661,208
662,191
663,202
664,191
665,197
666,193
667,193
668,192
669,187
670,193
671,181
672,193
673,175
674,194
675,169
676,195
677,165
678,195
679,165
680,195
681,166
682,196
683,166
684,196
685,167
686,197
687,167
688,197
689,166
690,197
691,167
692,199
693,167
694,200
695,168
696,200
697,168
698,202
699,169
700,202
701,168
702,204
703,169
704,206
705,170
706,202
707,169
708,196
709,170
710,192
711,170
712,188
713,172
714,182
715,172
716,177
717,172
718,172
719,173
720,168
721,173
722,161
723,174
724,154
725,174
726,148
727,175
728,149
729,176
730,151
731,176
732,151
733,177
734,151
735,177
736,151
737,177
738,152
739,180
740,152
741,181
742,153
743,181
744,153
745,182
746,153
747,183
748,154
749,184
750,155
751,186
752,156
753,188
754,156
755,190
756,157
757,189
758,157
759,184
760,158
761,179
762,159
763,174
764,159
765,170
766,160
767,165
768,161
769,160
770,162
771,155
772,162
773,150
774,164
775,144
776,165
777,140
778,166
779,141
780,167
781,143
782,168
783,144
784,169
785,144
786,171
787,145
788,172
789,146
790,173
791,147
792,174
793,147
794,176
795,148
796,177
797,149
798,179
799,150
800,179
801,151
802,182
803,152
804,183
805,153
806,186
807,153
808,185
809,154
810,182
811,155
812,177
813,157
814,173
815,158
816,169
817,158
818,164
819,160
820,160
821,161
822,156
823,162
824,150
825,163
826,145
827,165
828,141
829,166
830,142
831,168
832,143
833,169
834,144
835,170
836,145
837,172
838,147
839,175
840,148
841,175
842,149
843,177
844,150
845,179
846,151
847,180
848,152
849,183
850,154
851,185
852,155
853,188
854,157
855,190
856,157
857,194
858,160
859,191
860,162
861,188
862,162
863,184
864,164
865,181
866,166
867,177
868,167
869,174
870,169
871,169
872,171
873,166
874,173
875,162
876,174
877,156
878,176
879,152
880,178
881,151
882,180
883,152
884,182
885,155
886,184
887,156
888,186
889,158
890,189
891,159
892,190
893,161
894,193
895,162
896,195
897,164
898,197
899,165
900,201
901,167
902,204
903,169
904,207
905,171
906,210
907,173
908,211
909,175
910,207
911,178
912,204
913,179
914,202
915,181
916,198
917,183
918,196
919,186
920,192
921,187
922,189
923,189
924,185
925,192
926,183
927,194
928,180
929,197
930,174
931,198
932,170
933,202
934,170
935,203
936,172
937,206
938,174
939,209
940,176
941,212
942,178
943,215
944,180
945,217
946,182
947,221
948,184
949,223
950,186
951,227
952,188
953,230
954,190
955,235
956,194
957,234
958,195
959,232
960,198
961,229
962,200
963,227
964,202
965,225
966,204
967,223
968,206
969,220
970,210
971,217
972,212
973,215
974,215
975,212
976,218
977,209
978,220
979,206
980,223
981,203
982,225
983,199
984,228
985,196
986,231
987,194
988,234
989,196
990,238
991,199
992,240
993,201
994,243
995,204
996,247
997,206
998,250
999,208
1000,254
1001,211
1002,258
1003,212
1004,262
1005,216
1006,261
1007,218
1008,258
1009,220
1010,257
1011,223
1012,255
1013,225
1014,253
1015,228
1016,251
1017,231
1018,250
1019,233
1020,246
1021,236
1022,244
1023,238
1024,243
1025,242
1026,241
1027,245
1028,239
1029,249
1030,236
1031,252
1032,234
1033,254
1034,232
1035,257
1036,228
1037,261
1038,226
1039,264
1040,221
1041,267
1042,223
1043,270
1044,225
1045,274
1046,228
1047,278
1048,230
1049,281
1050,233
1051,284
1052,235
1053,287
1054,238
1055,286
1056,240
1057,283
1058,242
1059,282
1060,245
1061,281
1062,249
1063,279
1064,251
1065,279
1066,254
1067,277
1068,257
1069,275
1070,260
1071,273
1072,263
1073,272
1074,266
1075,270
1076,269
1077,269
1078,272
1079,267
1080,275
1081,265
1082,278
1083,262
1084,281
1085,261
1086,285
1087,258
1088,288
1089,256
1090,291
1091,254
1092,295
1093,251
1094,297
1095,247
1096,302
1097,250
1098,306
1099,253
1100,309
1101,256
1102,310
1103,259
1104,309
1105,261
1106,307
1107,264
1108,306
1109,266
1110,305
1111,269
1112,304
1113,272
1114,303
1115,275
1116,301
1117,278
1118,300
1119,281
1120,299
1121,284
1122,297
1123,288
1124,297
1125,290
1126,294
1127,293
1128,293
1129,296
1130,291
1131,300
1132,289
1133,303
1134,289
1135,306
1136,285
1137,309
1138,284
1139,312
1140,282
1141,316
1142,280
1143,319
1144,277
1145,323
1146,275
1147,326
1148,272
1149,330
1150,273
1151,329
1152,276
1153,327
1154,278
1155,327
1156,281
1157,325
1158,283
1159,325
1160,286
1161,323
1162,290
1163,323
1164,292
1165,322
1166,295
1167,320
1168,298
1169,319
1170,301
1171,319
1172,303
1173,316
1174,306
1175,315
1176,309
1177,314
1178,312
1179,312
1180,315
1181,310
1182,319
1183,309
1184,321
1185,307
1186,325
1187,305
1188,328
1189,304
1190,331
1191,301
1192,334
1193,300
1194,338
1195,298
1196,342
1197,296
1198,344
1199,293
1200,343
1201,291
1202,342
1203,291
1204,341
1205,293
1206,340
1207,297
1208,339
1209,298
1210,338
1211,302
1212,337
1213,304
1214,336
1215,307
1216,335
1217,309
1218,334
1219,312
1220,333
1221,315
1222,332
1223,317
1224,330
1225,320
1226,329
1227,323
1228,328
1229,326
1230,326
1231,329
1232,325
1233,333
1234,323
1235,335
1236,321
1237,338
1238,319
1239,342
1240,318
1241,345
1242,316
1243,348
1244,314
1245,352
1246,312
1247,355
1248,310
1249,354
1250,308
1251,352
1252,305
1253,352
1254,302
1255,351
1256,304
1257,350
1258,306
1259,349
1260,309
1261,348
1262,311
1263,347
1264,313
1265,346
1266,317
1267,344
1268,319
1269,344
1270,322
1271,342
1272,324
1273,340
1274,325
1275,339
1276,329
1277,337
1278,332
1279,336
1280,334
1281,334
1282,337
1283,333
1284,340
1285,331
1286,343
1287,330
1288,346
1289,327
1290,349
1291,325
1292,352
1293,323
1294,355
1295,321
1296,358
1297,319
1298,360
1299,316
1300,359
1301,314
1302,357
1303,311
1304,356
1305,308
1306,355
1307,308
1308,353
1309,310
1310,352
1311,312
1312,351
1313,315
1314,350
1315,317
1316,348
1317,319
1318,347
1319,321
1320,345
1321,324
1322,343
1323,326
1324,342
1325,328
1326,340
1327,331
1328,340
1329,333
1330,337
1331,336
1332,335
1333,338
1334,333
1335,341
1336,332
1337,344
1338,330
1339,346
1340,328
1341,349
1342,326
1343,352
1344,323
1345,355
1346,321
1347,357
1348,319
1349,360
1350,316
1351,357
1352,312
1353,357
1354,310
1355,355
1356,306
1357,354
1358,308
1359,353
1360,309
1361,351
1362,311
1363,349
1364,314
1365,348
1366,315
1367,346
1368,318
1369,344
1370,320
1371,343
1372,321
1373,342
1374,322
1375,339
1376,325
1377,337
1378,328
1379,335
1380,330
1381,333
1382,332
1383,331
1384,334
1385,329
1386,337
1387,326
1388,339
1389,324
1390,341
1391,322
1392,343
1393,319
1394,346
1395,316
1396,348
1397,314
1398,351
1399,311
1400,354
1401,308
1402,354
1403,304
1404,351
1405,300
1406,349
1407,298
1408,349
1409,300
1410,346
1411,302
1412,344
1413,304
1414,343
1415,305
1416,341
1417,307
1418,339
1419,309
1420,337
1421,311
1422,335
1423,312
1424,332
1425,314
1426,329
1427,316
1428,328
1429,318
1430,326
1431,320
1432,324
1433,321
1434,321
1435,323
1436,318
1437,325
1438,315
1439,327
1440,312
1441,329
1442,310
1443,331
1444,306
1445,334
1446,303
1447,336
1448,300
1449,338
1450,296
1451,340
1452,292
1453,343
1454,288
1455,341
1456,285
1457,339
1458,286
1459,337
1460,288
1461,335
1462,289
1463,333
1464,290
1465,331
1466,293
1467,329
1468,293
1469,327
1470,295
1471,324
1472,296
1473,321
1474,298
1475,318
1476,299
1477,317
1478,301
1479,313
1480,302
1481,310
1482,304
1483,306
1484,305
1485,304
1486,307
1487,301
1488,308
1489,298
1490,310
1491,294
1492,312
1493,291
1494,313
1495,287
1496,315
1497,283
1498,316
1499,278
1500,319
1501,274
1502,320
1503,270
1504,323
1505,267
1506,324
1507,268
1508,325
1509,270
1510,322
1511,271
1512,320
1513,272
1514,317
1515,273
1516,315
1517,274
1518,311
1519,275
1520,308
1521,276
1522,306
1523,277
1524,303
1525,278
1526,300
1527,280
1528,297
1529,281
1530,293
1531,281
1532,290
1533,283
1534,287
1535,284
1536,283
1537,286
1538,279
1539,287
1540,274
1541,288
1542,271
1543,289
1544,266
1545,290
1546,262
1547,291
1548,257
1549,293
1550,252
1551,293
1552,245
1553,296
1554,246
1555,296
1556,247
1557,299
1558,248
1559,301
1560,249
1561,302
1562,249
1563,301
1564,250
1565,298
1566,251
1567,294
1568,252
1569,291
1570,253
1571,287
1572,253
1573,284
1574,254
1575,281
1576,255
1577,277
1578,256
1579,273
1580,257
1581,270
1582,258
1583,265
1584,258
1585,260
1586,259
1587,256
1588,260
1589,252
1590,261
1591,247
1592,262
1593,242
1594,262
1595,236
1596,263
1597,232
1598,264
1599,226
1600,266
1601,222
1602,266
1603,223
1604,267
1605,223
1606,268
1607,224
1608,270
1609,225
1610,271
1611,226
1612,272
1613,226
1614,274
1615,226
1616,274
1617,227
1618,272
1619,228
1620,267
1621,229
1622,263
1623,228
1624,259
1625,229
1626,256
1627,229
1628,251
1629,229
1630,247
1631,230
1632,242
1633,231
1634,238
1635,232
1636,234
1637,232
1638,229
1639,233
1640,224
1641,232
1642,218
1643,234
1644,214
1645,234
1646,207
1647,235
1648,201
1649,236
1650,199
1651,236
1652,199
1653,237
1654,200
1655,238
1656,200
1657,239
1658,201
1659,239
1660,201
1661,241
1662,201
1663,241
1664,201
1665,243
1666,202
1667,244
1668,202
1669,245
1670,202
1671,243
1672,203
1673,238
1674,202
1675,234
1676,203
1677,229
1678,203
1679,226
1680,204
1681,220
1682,204
1683,216
1684,205
1685,211
1686,205
1687,206
1688,206
1689,202
1690,207
1691,195
1692,206
1693,190
1694,207
1695,184
1696,208
1697,178
1698,208
1699,176
1700,208
1701,177
1702,209
1703,177
1704,210
1705,177
1706,211
1707,178
1708,212
1709,178
1710,212
1711,178
1712,212
1713,178
1714,213
1715,179
1716,214
1717,179
1718,214
1719,179
1720,217
1721,179
1722,217
1723,179
1724,216
1725,179
1726,211
1727,181
1728,206
1729,180
1730,202
1731,181
1732,197
1733,181
1734,193
1735,182
1736,188
1737,182
1738,183
1739,183
1740,178
1741,184
1742,172
1743,183
1744,165
1745,185
1746,159
1747,185
1748,158
1749,185
1750,158
1751,187
1752,159
1753,187
1754,159
1755,187
1756,159
1757,188
1758,160
1759,189
1760,160
1761,188
1762,160
1763,190
1764,160
1765,191
1766,161
1767,192
1768,162
1769,193
1770,161
1771,194
1772,161
1773,196
1774,163
1775,198
1776,163
1777,196
1778,164
1779,191
1780,164
1781,186
1782,164
1783,181
1784,165
1785,176
1786,167
1787,172
1788,166
1789,166
1790,167
1791,160
1792,167
1793,154
1794,167
1795,148
1796,168
1797,144
1798,170
1799,145
1800,171
1801,146
1802,171
1803,146
1804,172
1805,147
1806,173
1807,147
1808,174
1809,147
1810,175
1811,148
1812,176
1813,149
1814,177
1815,149
1816,179
1817,151
1818,180
1819,151
1820,181
1821,152
1822,183
1823,153
1824,185
1825,153
1826,187
1827,154
1828,186
1829,156
1830,183
1831,156
1832,178
1833,157
1834,174
1835,158
1836,169
1837,159
1838,165
1839,160
1840,159
1841,161
1842,155
1843,162
1844,149
1845,163
1846,143
1847,164
1848,141
1849,165
1850,142
1851,167
1852,142
1853,167
1854,144
1855,169
1856,144
1857,170
1858,145
1859,171
1860,146
1861,173
1862,147
1863,174
1864,147
1865,175
1866,148
1867,177
1868,149
1869,178
1870,150
1871,181
1872,152
1873,183
1874,152
1875,184
1876,154
1877,188
1878,155
1879,187
1880,156
1881,183
1882,157
1883,180
1884,159
1885,176
1886,160
1887,173
1888,162
1889,167
1890,163
1891,163
1892,164
1893,159
1894,166
1895,154
1896,168
1897,148
1898,169
1899,144
1900,171
1901,145
1902,172
1903,147
1904,174
1905,149
1906,177
1907,150
1908,178
1909,151
1910,179
1911,153
1912,182
1913,154
1914,184
1915,155
1916,186
1917,157
1918,188
1919,158
1920,191
1921,160
1922,193
1923,161
1924,195
1925,162
1926,199
1927,164
1928,201
1929,167
1930,198
1931,168
1932,195
1933,170
1934,191
1935,171
1936,188
1937,172
1938,185
1939,175
1940,182
1941,177
1942,178
1943,179
1944,175
1945,181
1946,172
1947,183
1948,166
1949,185
1950,161
1951,187
1952,159
1953,189
1954,160
1955,192
1956,162
1957,194
1958,164
1959,196
1960,166
1961,199
1962,168
1963,201
1964,169
1965,205
1966,171
1967,207
1968,173
1969,210
1970,175
1971,213
1972,177
1973,216
1974,179
1975,219
1976,181
1977,222
1978,183
1979,220
1980,185
1981,218
1982,188
1983,216
1984,190
1985,213
1986,192
1987,209
1988,194
1989,207
1990,196
1991,204
1992,199
1993,200
1994,201
1995,198
1996,204
1997,195
1998,206
1999,191
2000,209
2001,188
2002,211
2003,184
2004,214
2005,180
2006,216
2007,182
2008,219
2009,184
2010,222
2011,187
2012,225
2013,189
2014,229
2015,192
2016,232
2017,193
2018,235
2019,196
2020,238
2021,198
2022,242
2023,200
2024,245
2025,203
2026,248
2027,206
2028,245
2029,208
2030,244
2031,210
2032,242
2033,212
2034,239
2035,214
2036,237
2037,216
2038,235
2039,219
2040,233
2041,222
2042,231
2043,225
2044,228
2045,228
2046,226
2047,230
2048,224
2049,233
2050,221
2051,236
2052,218
2053,238
2054,215
2055,242
2056,211
2057,245
2058,207
2059,248
2060,207
2061,252
2062,210
2063,255
2064,213
2065,259
2066,215
2067,261
2068,217
2069,265
2070,220
2071,269
2072,223
2073,273
2074,225
2075,273
2076,227
2077,271
2078,229
2079,270
2080,232
2081,269
2082,235
2083,267
2084,238
2085,265
2086,241
2087,263
2088,243
2089,261
2090,246
2091,260
2092,249
2093,257
2094,252
2095,256
2096,255
2097,255
2098,258
2099,252
2100,261
2101,250
2102,265
2103,247
2104,267
2105,245
2106,270
2107,243
2108,274
2109,240
2110,277
2111,238
2112,281
2113,233
2114,283
2115,236
2116,288
2117,239
2118,291
2119,241
2120,295
2121,244
2122,298
2123,247
2124,298
2125,249
2126,297
2127,252
2128,295
2129,254
2130,294
2131,257
2132,292
2133,260
2134,291
2135,263
2136,290
2137,266
2138,289
2139,269
2140,287
2141,271
2142,285
2143,274
2144,284
2145,278
2146,283
2147,281
2148,281
2149,284
2150,279
2151,287
2152,277
2153,290
2154,275
2155,294
2156,273
2157,297
2158,271
2159,301
2160,269
2161,304
2162,266
2163,307
2164,264
2165,311
2166,261
2167,315
2168,260
2169,319
2170,263
2171,319
2172,266
2173,319
2174,269
2175,318
2176,271
2177,317
2178,274
2179,316
2180,276
2181,315
2182,281
2183,313
2184,282
2185,312
2186,285
2187,311
2188,288
2189,310
2190,291
2191,309
2192,294
2193,307
2194,297
2195,305
2196,300
2197,304
2198,303
2199,303
2200,306
2201,301
2202,309
2203,300
2204,312
2205,298
2206,316
2207,296
2208,319
2209,295
2210,322
2211,292
2212,325
2213,290
2214,329
2215,288
2216,332
2217,285
2218,336
2219,283
2220,337
2221,280
2222,335
2223,284
2224,335
2225,286
2226,334
2227,289
2228,333
2229,292
2230,332
2231,294
2232,331
2233,296
2234,330
2235,300
2236,329
2237,303
2238,328
2239,306
2240,326
2241,308
2242,325
2243,311
2244,324
2245,314
2246,322
2247,317
2248,321
2249,319
2250,320
2251,323
2252,318
2253,325
2254,317
2255,329
2256,315
2257,332
2258,314
2259,335
2260,312
2261,339
2262,310
2263,341
2264,307
2265,346
2266,306
2267,349
2268,304
2269,350
2270,302
2271,349
2272,299
2273,348
2274,297
2275,347
2276,299
2277,346
2278,302
2279,345
2280,305
2281,344
2282,307
2283,343
2284,310
2285,342
2286,313
2287,341
2288,315
2289,339
2290,318
2291,338
2292,320
2293,337
2294,323
2295,336
2296,326
2297,334
2298,329
2299,333
2300,331
2301,331
2302,334
2303,330
2304,337
2305,328
2306,340
2307,326
2308,343
2309,324
2310,346
2311,323
2312,350
2313,320
2314,353
2315,319
2316,356
2317,317
2318,358
2319,314
2320,357
2321,312
2322,356
2323,309
2324,354
2325,306
2326,353
2327,307
2328,353
2329,309
2330,351
2331,312
2332,350
2333,314
2334,349
2335,316
2336,348
2337,319
2338,346
2339,321
2340,345
2341,324
2342,343
2343,325
2344,342
2345,329
2346,340
2347,331
2348,339
2349,334
2350,337
2351,336
2352,335
2353,338
2354,333
2355,341
2356,332
2357,344
2358,330
2359,346
2360,328
2361,349
2362,326
2363,352
2364,324
2365,355
2366,322
2367,358
2368,319
2369,360
2370,317
2371,359
2372,314
2373,357
2374,311
2375,356
2376,308
2377,355
2378,308
2379,354
2380,310
2381,353
2382,313
2383,351
2384,314
2385,350
2386,317
2387,349
2388,319
2389,348
2390,322
2391,345
2392,324
2393,343
2394,326
2395,342
2396,328
2397,340
2398,331
2399,338
2400,333
2401,337
2402,335
2403,335
2404,338
2405,333
2406,340
2407,330
2408,342
2409,328
2410,345
2411,326
2412,347
2413,324
2414,350
2415,321
2416,353
2417,320
2418,356
2419,316
2420,358
2421,313
2422,356
2423,310
2424,354
2425,306
2426,354
2427,303
2428,352
2429,304
2430,351
2431,307
2432,349
2433,308
2434,347
2435,311
2436,346
2437,312
2438,344
2439,315
2440,342
2441,316
2442,340
2443,318
2444,338
2445,320
2446,336
2447,322
2448,334
2449,324
2450,331
2451,326
2452,329
2453,328
2454,327
2455,330
2456,324
2457,332
2458,322
2459,334
2460,319
2461,337
2462,318
2463,339
2464,315
2465,341
2466,313
2467,344
2468,308
2469,346
2470,306
2471,348
2472,302
2473,350
2474,298
2475,348
2476,293
2477,346
2478,294
2479,344
2480,295
2481,342
2482,297
2483,340
2484,299
2485,338
2486,300
2487,336
2488,302
2489,334
2490,303
2491,331
2492,304
2493,329
2494,306
2495,327
2496,308
2497,324
2498,310
2499,322
2500,311
2501,319
2502,312
2503,316
2504,315
2505,315
2506,317
2507,311
2508,319
2509,308
2510,321
2511,305
2512,322
2513,302
2514,324
2515,299
2516,326
2517,295
2518,328
2519,291
2520,330
2521,287
2522,331
2523,283
2524,334
2525,278
2526,335
2527,277
2528,333
2529,279
2530,330
2531,281
2532,329
2533,282
2534,325
2535,283
2536,323
2537,285
2538,321
2539,285
2540,319
2541,286
2542,315
2543,288
2544,313
2545,289
2546,310
2547,291
2548,307
2549,292
2550,305
2551,294
2552,302
2553,295
2554,299
2555,296
2556,295
2557,298
2558,292
2559,299
2560,287
2561,300
2562,285
2563,302
2564,280
2565,304
2566,276
2567,305
2568,271
2569,306
2570,266
2571,307
2572,261
2573,309
2574,257
2575,311
2576,258
2577,313
2578,259
2579,315
2580,260
2581,314
2582,261
2583,311
2584,262
2585,308
2586,264
2587,305
2588,265
2589,302
2590,265
2591,298
2592,266
2593,296
2594,267
2595,293
2596,268
2597,290
2598,269
2599,287
2600,270
2601,282
2602,271
2603,278
2604,272
2605,275
2606,272
2607,271
2608,274
2609,267
2610,275
2611,262
2612,276
2613,258
2614,277
2615,254
2616,278
2617,248
2618,279
2619,242
2620,280
2621,238
2622,281
2623,234
2624,283
2625,236
2626,284
2627,237
2628,285
2629,238
2630,287
2631,238
2632,288
2633,239
2634,290
2635,240
2636,287
2637,240
2638,284
2639,241
2640,280
2641,241
2642,277
2643,242
2644,273
2645,243
2646,269
2647,244
2648,265
2649,243
2650,261
2651,245
2652,257
2653,246
2654,253
2655,246
2656,248
2657,246
2658,243
2659,247
2660,239
2661,248
2662,235
2663,249
2664,229
2665,249
2666,223
2667,251
2668,218
2669,251
2670,210
2671,252
2672,211
2673,253
2674,212
2675,254
2676,213
2677,254
2678,213
2679,256
2680,214
2681,257
2682,213
2683,258
2684,215
2685,260
2686,216
2687,260
2688,215
2689,260
2690,216
2691,256
2692,216
2693,251
2694,216
2695,248
2696,217
2697,242
2698,217
2699,239
2700,218
2701,234
2702,218
2703,230
2704,219
2705,225
2706,219
2707,220
2708,220
2709,215
2710,221
2711,211
2712,221
2713,205
2714,222
2715,200
2716,222
2717,192
2718,222
2719,187
2720,224
2721,188
2722,224
2723,188
2724,224
2725,189
2726,224
2727,189
2728,225
2729,189
2730,227
2731,190
2732,227
2733,190
2734,228
2735,191
2736,228
2737,191
2738,230
2739,191
2740,231
2741,191
2742,232
2743,192
2744,228
2745,192
2746,224
2747,192
2748,219
2749,192
2750,214
2751,193
2752,210
2753,193
2754,204
2755,193
2756,199
2757,194
2758,194
2759,194
2760,189
2761,195
2762,183
2763,195
2764,178
2765,197
2766,171
2767,196
2768,167
2769,197
2770,168
2771,197
2772,168
2773,198
2774,169
2775,199
2776,169
2777,199
2778,169
2779,200
2780,169
2781,201
2782,170
2783,201
2784,169
2785,202
2786,170
2787,204
2788,170
2789,203
2790,170
2791,205
2792,170
2793,205
2794,171
2795,207
2796,171
2797,203
2798,172
2799,198
2800,172
2801,194
2802,173
2803,190
2804,172
2805,184
2806,174
2807,179
2808,174
2809,174
2810,175
2811,169
2812,174
2813,163
2814,176
2815,157
2816,176
2817,151
2818,177
2819,151
2820,178
2821,152
2822,178
2823,153
2824,179
2825,152
2826,179
2827,153
2828,179
2829,153
2830,180
2831,153
2832,182
2833,154
2834,183
2835,155
2836,184
2837,155
2838,185
2839,155
2840,185
2841,156
2842,187
2843,156
2844,188
2845,157
2846,190
2847,158
2848,190
2849,159
2850,185
2851,158
2852,180
2853,160
2854,176
2855,160
2856,171
2857,161
2858,166
2859,162
2860,162
2861,163
2862,156
2863,162
2864,151
2865,164
2866,145
2867,165
2868,141
2869,166
2870,143
2871,167
2872,143
2873,168
2874,144
2875,169
2876,144
2877,170
2878,145
2879,172
2880,146
2881,173
2882,147
2883,175
2884,148
2885,176
2886,148
2887,177
2888,150
2889,179
2890,150
2891,180
2892,151
2893,182
2894,152
2895,183
2896,152
2897,186
2898,154
2899,186
2900,155
2901,182
2902,156
2903,177
2904,156
2905,173
2906,158
2907,169
2908,158
2909,164
2910,159
2911,160
2912,160
2913,154
2914,162
2915,149
2916,163
2917,144
2918,165
2919,141
2920,166
2921,142
2922,168
2923,143
2924,169
2925,144
2926,170
2927,145
2928,172
2929,146
2930,174
2931,147
2932,176
2933,149
2934,178
2935,149
2936,179
2937,151
2938,181
2939,153
2940,182
2941,153
2942,185
2943,154
2944,188
2945,156
2946,190
2947,158
2948,192
2949,159
2950,191
2951,160
2952,187
2953,162
2954,184
2955,164
2956,180
2957,165
2958,176
2959,167
2960,173
2961,170
2962,169
2963,170
2964,165
2965,172
2966,161
2967,174
2968,156
2969,176
2970,150
2971,178
2972,150
2973,178
2974,152
2975,181
2976,154
2977,182
2978,155
2979,185
2980,157
2981,187
2982,159
2983,190
2984,160
2985,191
2986,161
2987,194
2988,163
2989,197
2990,165
2991,200
2992,167
2993,202
2994,169
2995,205
2996,170
2997,209
2998,173
2999,209
3000,174
3001,206
3002,176
3003,203
3004,178
3005,201
3006,180
3007,198
3008,182
3009,195
3010,184
3011,191
3012,186
3013,189
3014,189
3015,185
3016,190
3017,181
3018,193
3019,177
3020,195
3021,173
3022,198
3023,170
3024,200
3025,169
3026,202
3027,171
3028,205
3029,173
3030,208
3031,175
3032,209
3033,177
3034,214
3035,179
3036,216
3037,181
3038,220
3039,183
3040,222
3041,185
3042,226
3043,188
3044,229
3045,189
3046,234
3047,192
3048,233
3049,194
3050,231
3051,196
3052,228
3053,198
3054,225
3055,201
3056,223
3057,204
3058,222
3059,206
3060,218
3061,208
3062,216
3063,211
3064,213
3065,212
3066,210
3067,215
3068,208
3069,218
3070,204
3071,222
3072,202
3073,224
3074,198
3075,226
3076,195
3077,230
3078,192
3079,232
3080,195
3081,235
3082,197
3083,238
3084,200
3085,242
3086,203
3087,245
3088,204
3089,249
3090,207
3091,253
3092,209
3093,256
3094,211
3095,261
3096,214
3097,259
3098,216
3099,256
3100,219
3101,256
3102,222
3103,253
3104,224
3105,252
3106,227
3107,249
3108,229
3109,247
3110,232
3111,245
3112,234
3113,243
3114,237
3115,241
3116,240
3117,239
3118,243
3119,237
3120,246
3121,235
3122,250
3123,232
3124,253
3125,229
3126,255
3127,227
3128,259
3129,223
3130,262
3131,220
3132,266
3133,222
3134,269
3135,224
3136,273
3137,227
3138,276
3139,230
3140,280
3141,232
3142,283
3143,234
3144,287
3145,236
3146,284
3147,239
3148,282
3149,241
3150,281
3151,244
3152,280
3153,247
3154,278
3155,250
3156,278
3157,252
3158,275
3159,257
3160,274
3161,258
3162,272
3163,261
3164,271
3165,265
3166,269
3167,268
3168,268
3169,271
3170,265
3171,274
3172,264
3173,277
3174,262
3175,280
3176,259
3177,283
3178,257
3179,287
3180,254
3181,290
3182,251
3183,294
3184,248
3185,296
3186,245
3187,301
3188,249
3189,304
3190,252
3191,308
3192,255
3193,310
3194,257
3195,307
3196,260
3197,306
3198,262
3199,305
3200,265
3201,304
3202,268
3203,303
3204,271
3205,302
3206,275
3207,300
3208,277
3209,299
3210,279
3211,298
3212,283
3213,296
3214,287
3215,295
3216,289
3217,293
3218,292
3219,291
3220,295
3221,289
3222,298
3223,288
3224,301
3225,286
3226,304
3227,284
3228,307
3229,283
3230,311
3231,280
3232,314
3233,278
3234,318
3235,275
3236,321
3237,273
3238,325
3239,270
3240,329
3241,271
3242,328
3243,274
3244,327
3245,277
3246,326
3247,280
3248,325
3249,282
3250,324
3251,286
3252,323
3253,288
3254,321
3255,290
3256,321
3257,294
3258,319
3259,297
3260,318
3261,300
3262,318
3263,302
3264,316
3265,306
3266,315
3267,309
3268,313
3269,312
3270,311
3271,315
3272,310
3273,318
3274,309
3275,321
3276,307
3277,323
3278,305
3279,327
3280,304
3281,331
3282,301
3283,334
3284,299
3285,338
3286,297
3287,341
3288,296
3289,345
3290,293
3291,344
3292,290
3293,342
3294,291
3295,341
3296,293
3297,341
3298,296
3299,339
3300,298
3301,339
3302,301
3303,337
3304,303
3305,336
3306,307
3307,335
3308,309
3309,334
3310,313
3311,333
3312,315
3313,332
3314,318
3315,330
3316,320
3317,329
3318,323
3319,327
3320,325
3321,326
3322,329
3323,324
3324,332
3325,323
3326,335
3327,321
3328,337
3329,319
3330,341
3331,318
3332,345
3333,316
3334,348
3335,314
3336,351
3337,311
3338,355
3339,309
3340,354
3341,308
3342,353
3343,305
3344,352
3345,303
3346,350
3347,303
3348,349
3349,306
3350,348
3351,308
3352,348
3353,311
3354,346
3355,313
3356,345
3357,315
3358,343
3359,318
3360,342
3361,321
3362,341
3363,324
3364,340
3365,327
3366,339
3367,328
3368,337
3369,332
3370,335
3371,334
3372,334
3373,337
3374,332
3375,340
3376,331
3377,343
3378,329
3379,346
3380,327
3381,349
3382,325
3383,352
3384,323
3385,355
3386,322
3387,358
3388,319
3389,360
3390,316
3391,358
3392,314
3393,357
3394,311
3395,356
3396,308
3397,354
3398,308
3399,353
3400,310
3401,352
3402,312
3403,351
3404,314
3405,349
3406,317
3407,348
3408,318
3409,347
3410,322
3411,345
3412,324
3413,344
3414,326
3415,342
3416,329
3417,341
3418,332
3419,339
3420,334
3421,337
3422,336
3423,335
3424,339
3425,333
3426,342
3427,332
3428,344
3429,330
3430,347
3431,328
3432,349
3433,326
3434,352
3435,324
3436,356
3437,322
3438,359
3439,319
3440,360
3441,317
3442,359
3443,313
3444,357
3445,311
3446,356
3447,306
3448,354
3449,307
3450,353
3451,309
3452,351
3453,312
3454,351
3455,314
3456,349
3457,316
3458,347
3459,317
3460,345
3461,319
3462,344
3463,322
3464,342
3465,324
3466,340
3467,326
3468,338
3469,328
3470,336
3471,331
3472,334
3473,332
3474,332
3475,335
3476,329
3477,337
3478,327
3479,340
3480,325
3481,342
3482,322
3483,344
3484,320
3485,346
3486,318
3487,349
3488,315
3489,352
3490,312
3491,354
3492,309
3493,354
3494,305
3495,353
3496,302
3497,351
3498,299
3499,349
3500,301
3501,347
3502,303
3503,345
3504,305
3505,344
3506,306
3507,342
3508,308
3509,340
3510,310
3511,338
3512,311
3513,336
3514,313
3515,333
3516,315
3517,332
3518,316
3519,329
3520,319
3521,326
3522,320
3523,324
3524,322
3525,322
3526,324
3527,319
3528,326
3529,317
3530,329
3531,314
3532,330
3533,311
3534,333
3535,308
3536,334
3537,305
3538,338
3539,302
3540,339
3541,297
3542,340
3543,294
3544,343
3545,290
3546,343
3547,286
3548,341
3549,288
3550,338
3551,289
3552,336
3553,291
3554,334
3555,292
3556,332
3557,293
3558,330
3559,295
3560,326
3561,296
3562,324
3563,298
3564,322
3565,299
3566,320
3567,301
3568,317
3569,302
3570,315
3571,304
3572,312
3573,306
3574,309
3575,307
3576,306
3577,308
3578,303
3579,310
3580,299
3581,311
3582,295
3583,314
3584,293
3585,315
3586,288
3587,317
3588,284
3589,318
3590,281
3591,320
3592,275
3593,321
3594,271
3595,323
3596,268
3597,325
3598,269
3599,326
3600,271
3601,324
3602,272
3603,321
3604,273
3605,319
3606,275
3607,316
3608,275
3609,313
3610,276
3611,310
3612,277
3613,307
3614,279
3615,304
3616,280
3617,302
3618,281
3619,298
3620,282
3621,295
3622,283
3623,291
3624,285
3625,288
3626,286
3627,284
3628,287
3629,281
3630,288
3631,277
3632,290
3633,272
3634,291
3635,268
3636,292
3637,264
3638,294
3639,259
3640,295
3641,254
3642,296
3643,248
3644,298
3645,248
3646,298
3647,248
3648,301
3649,250
3650,303
3651,250
3652,304
3653,251
3654,301
3655,252
3656,299
3657,253
3658,296
3659,254
3660,292
3661,255
3662,288
3663,255
3664,285
3665,256
3666,282
3667,257
3668,278
3669,258
3670,275
3671,259
3672,271
3673,260
3674,267
3675,260
3676,263
3677,261
3678,259
3679,262
3680,254
3681,263
3682,250
3683,263
3684,244
3685,264
3686,240
3687,266
3688,234
3689,266
3690,228
3691,267
3692,224
3693,268
3694,225
3695,269
3696,225
3697,271
3698,226
3699,273
3700,227
3701,273
3702,227
3703,274
3704,227
3705,276
3706,228
3707,276
3708,229
3709,273
3710,230
3711,269
3712,230
3713,265
3714,231
3715,261
3716,230
3717,257
3718,231
3719,253
3720,231
3721,248
3722,232
3723,244
3724,233
3725,240
3726,233
3727,235
3728,234
3729,230
3730,233
3731,225
3732,235
3733,220
3734,236
3735,215
3736,236
3737,209
3738,237
3739,204
3740,237
3741,200
3742,238
3743,200
3744,239
3745,201
3746,240
3747,202
3748,241
3749,201
3750,242
3751,202
3752,243
3753,203
3754,243
3755,203
3756,245
3757,204
3758,246
3759,204
3760,247
3761,204
3762,244
3763,205
3764,241
3765,205
3766,236
3767,205
3768,232
3769,205
3770,228
3771,206
3772,223
3773,207
3774,219
3775,207
3776,212
3777,207
3778,209
3779,207
3780,202
3781,208
3782,197
3783,208
3784,191
3785,209
3786,185
3787,210
3788,179
3789,211
3790,178
3791,210
3792,178
3793,212
3794,178
3795,212
3796,179
3797,213
3798,179
3799,213
3800,179
3801,214
3802,180
3803,214
3804,179
3805,215
3806,180
3807,216
3808,181
3809,217
3810,181
3811,219
3812,181
3813,220
3814,181
3815,218
3816,182
3817,213
3818,181
3819,209
3820,182
3821,204
3822,183
3823,200
3824,183
3825,194
3826,183
3827,189
3828,184
3829,184
3830,184
3831,179
3832,185
3833,173
3834,185
3835,167
3836,185
3837,160
3838,187
3839,159
3840,187
3841,159
3842,187
3843,159
3844,188
3845,160
3846,189
3847,161
3848,189
3849,160
3850,189
3851,160
3852,190
3853,161
3854,192
3855,161
3856,192
3857,162
3858,193
3859,162
3860,194
3861,163
3862,195
3863,163
3864,197
3865,163
3866,198
3867,163
3868,195
3869,164
3870,191
3871,164
3872,186
3873,165
3874,181
3875,165
3876,176
3877,166
3878,172
3879,167
3880,167
3881,168
3882,162
3883,168
3884,156
3885,169
3886,148
3887,169
3888,144
3889,170
3890,145
3891,171
3892,146
3893,172
3894,147
3895,173
3896,147
3897,173
3898,148
3899,174
3900,148
3901,175
3902,148
3903,176
3904,149
3905,177
3906,149
3907,178
3908,150
3909,180
3910,151
3911,181
3912,152
3913,182
3914,153
3915,184
3916,154
3917,186
3918,154
3919,186
3920,155
3921,182
3922,156
3923,178
3924,157
3925,174
3926,158
3927,170
3928,159
3929,165
3930,159
3931,160
3932,161
3933,155
3934,162
3935,150
3936,163
3937,144
3938,164
3939,140
3940,165
3941,141
3942,166
3943,142
3944,167
3945,144
3946,169
3947,144
3948,170
3949,145
3950,172
3951,146
3952,172
3953,147
3954,174
3955,148
3956,175
3957,148
3958,177
3959,149
3960,178
3961,150
3962,180
3963,150
3964,182
3965,152
3966,184
3967,154
3968,188
3969,154
3970,186
3971,156
3972,183
3973,157
3974,180
3975,158
3976,175
3977,160
3978,171
3979,161
3980,167
3981,163
3982,163
3983,164
3984,158
3985,165
3986,153
3987,166
3988,148
3989,169
3990,144
3991,170
3992,145
3993,172
3994,147
3995,173
3996,148
3997,175
3998,148
3999,177
4000,150
4001,179
4002,152
4003,181
4004,152
4005,183
4006,154
4007,185
4008,156
4009,187
4010,157
4011,189
4012,159
4013,191
4014,160
4015,194
4016,161
4017,197
4018,163
4019,200
4020,165
4021,198
4022,167
4023,194
4024,169
4025,192
4026,170
4027,188
4028,173
4029,184
4030,174
4031,181
4032,176
4033,177
4034,178
4035,173
4036,180
4037,169
4038,181
4039,164
4040,183
4041,160
4042,185
4043,158
4044,188
4045,160
4046,190
4047,161
4048,192
4049,162
4050,194
4051,164
4052,197
4053,166
4054,199
4055,169
4056,202
4057,171
4058,206
4059,172
4060,208
4061,174
4062,211
4063,176
4064,214
4065,178
4066,217
4067,179
4068,220
4069,182
4070,219
4071,184
4072,216
4073,186
4074,213
4075,188
4076,211
4077,190
4078,208
4079,192
4080,205
4081,194
4082,202
4083,196
4084,199
4085,199
4086,196
4087,201
4088,193
4089,203
4090,189
4091,207
4092,185
4093,209
4094,182
4095,212
4096,179
4097,214
4098,180
4099,218
4100,183
4101,220
4102,185
4103,223
4104,188
4105,226
4106,190
4107,229
4108,192
4109,233
4110,194
4111,236
4112,196
4113,239
4114,198
4115,243
4116,200
4117,246
4118,203
4119,244
4120,205
4121,242
4122,207
4123,240
4124,211
4125,237
4126,213
4127,235
4128,215
4129,234
4130,218
4131,232
4132,221
4133,229
4134,223
4135,226
4136,226
4137,223
4138,228
4139,221
4140,231
4141,218
4142,234
4143,215
4144,237
4145,212
4146,240
4147,210
4148,244
4149,206
4150,247
4151,206
4152,249
4153,208
4154,252
4155,211
4156,256
4157,213
4158,259
4159,216
4160,263
4161,218
4162,267
4163,221
4164,271
4165,223
4166,272
4167,225
4168,270
4169,228
4170,268
4171,230
4172,267
4173,234
4174,265
4175,236
4176,263
4177,239
4178,262
4179,241
4180,260
4181,244
4182,257
4183,248
4184,256
4185,250
4186,254
4187,253
4188,253
4189,257
4190,250
4191,259
4192,248
4193,263
4194,246
4195,266
4196,244
4197,269
4198,241
4199,272
4200,239
4201,275
4202,235
4203,279
4204,232
4205,282
4206,234
4207,286
4208,237
4209,289
4210,239
4211,293
4212,242
4213,298
4214,246
4215,295
4216,247
4217,295
4218,250
4219,293
4220,252
4221,292
4222,255
4223,291
4224,258
4225,290
4226,261
4227,288
4228,264
4229,286
4230,267
4231,285
4232,270
4233,284
4234,273
4235,282
4236,276
4237,281
4238,279
4239,279
4240,282
4241,278
4242,286
4243,275
4244,289
4245,274
4246,292
4247,271
4248,295
4249,269
4250,299
4251,267
4252,302
4253,264
4254,305
4255,261
4256,308
4257,259
4258,313
4259,259
4260,316
4261,262
4262,319
4263,264
4264,318
4265,267
4266,316
4267,270
4268,315
4269,272
4270,314
4271,275
4272,314
4273,278
4274,312
4275,281
4276,311
4277,283
4278,310
4279,286
4280,309
4281,290
4282,308
4283,293
4284,306
4285,295
4286,305
4287,299
4288,304
4289,301
4290,302
4291,305
4292,301
4293,309
4294,298
4295,310
4296,297
4297,315
4298,295
4299,317
4300,293
4301,321
4302,291
4303,324
4304,289
4305,328
4306,287
4307,331
4308,284
4309,336
4310,282
4311,336
4312,280
4313,335
4314,283
4315,335
4316,286
4317,334
4318,289
4319,333
4320,290
4321,331
4322,294
4323,330
4324,296
4325,329
4326,299
4327,328
4328,302
4329,327
4330,305
4331,326
4332,308
4333,325
4334,311
4335,323
4336,313
4337,323
4338,316
4339,321
4340,319
4341,319
4342,322
4343,317
4344,325
4345,316
4346,328
4347,314
4348,331
4349,313
4350,335
4351,310
4352,337
4353,309
4354,340
4355,306
4356,345
4357,305
4358,348
4359,302
4360,349
4361,300
4362,348
4363,297
4364,346
4365,295
4366,346
4367,298
4368,345
4369,302
4370,344
4371,304
4372,343
4373,307
4374,342
4375,309
4376,341
4377,312
4378,340
4379,314
4380,339
4381,317
4382,337
4383,319
4384,335
4385,322
4386,334
4387,324
4388,333
4389,327
4390,332
4391,331
4392,329
4393,333
4394,328
4395,336
4396,327
4397,339
4398,325
4399,342
4400,323
4401,345
4402,322
4403,348
4404,320
4405,351
4406,318
4407,355
4408,316
4409,358
4410,314
4411,357
4412,311
4413,355
4414,308
4415,355
4416,306
4417,353
4418,306
4419,352
4420,308
4421,350
4422,311
4423,349
4424,313
4425,348
4426,316
4427,347
4428,318
4429,346
4430,321
4431,345
4432,323
4433,343
4434,326
4435,342
4436,327
4437,340
4438,330
4439,338
4440,333
4441,337
4442,336
4443,334
4444,338
4445,334
4446,341
4447,332
4448,344
4449,330
4450,346
4451,328
4452,350
4453,326
4454,353
4455,323
4456,356
4457,321
4458,358
4459,318
4460,360
4461,317
4462,359
4463,314
4464,358
4465,311
4466,356
4467,309
4468,355
4469,308
4470,354
4471,310
4472,352
4473,312
4474,352
4475,315
4476,350
4477,317
4478,348
4479,320
4480,348
4481,322
4482,346
4483,323
4484,344
4485,326
4486,342
4487,328
4488,340
4489,331
4490,338
4491,333
4492,337
4493,335
4494,335
4495,338
4496,333
4497,340
4498,331
4499,343
4500,329
4501,345
4502,326
4503,348
4504,324
4505,350
4506,322
4507,353
4508,318
4509,356
4510,317
4511,359
4512,314
4513,357
4514,311
4515,355
4516,308
4517,354
4518,304
4519,352
4520,305
4521,351
4522,307
4523,349
4524,309
4525,347
4526,311
4527,346
4528,313
4529,344
4530,314
4531,342
4532,317
4533,340
4534,318
4535,338
4536,321
4537,337
4538,322
4539,335
4540,325
4541,333
4542,326
4543,330
4544,329
4545,328
4546,331
4547,325
4548,333
4549,324
4550,335
4551,321
4552,336
4553,319
4554,340
4555,315
4556,342
4557,313
4558,344
4559,309
4560,347
4561,306
4562,349
4563,303
4564,350
4565,299
4566,349
4567,295
4568,346
4569,294
4570,345
4571,296
4572,343
4573,298
4574,340
4575,299
4576,339
4577,300
4578,336
4579,302
4580,335
4581,304
4582,332
4583,306
4584,331
4585,307
4586,327
4587,309
4588,325
4589,311
4590,323
4591,312
4592,320
4593,314
4594,317
4595,315
4596,315
4597,317
4598,312
4599,320
4600,309
4601,320
4602,306
4603,323
4604,303
4605,325
4606,299
4607,327
4608,297
4609,328
4610,292
4611,331
4612,288
4613,333
4614,284
4615,335
4616,279
4617,337
4618,279
4619,334
4620,280
4621,332
4622,281
4623,330
4624,284
4625,327
4626,284
4627,325
4628,285
4629,322
4630,287
4631,320
4632,288
4633,316
4634,289
4635,314
4636,291
4637,312
4638,292
4639,309
4640,294
4641,306
4642,295
4643,303
4644,297
4645,300
4646,298
4647,297
4648,299
4649,293
4650,301
4651,290
4652,302
4653,286
4654,304
4655,282
4656,305
4657,277
4658,306
4659,273
4660,307
4661,269
4662,309
4663,265
4664,311
4665,258
4666,313
4667,260
4668,315
4669,261
4670,317
4671,262
4672,315
4673,263
4674,313
4675,264
4676,310
4677,265
4678,307
4679,266
4680,304
4681,267
4682,301
4683,268
4684,298
4685,268
4686,294
4687,270
4688,291
4689,271
4690,288
4691,272
4692,284
4693,272
4694,280
4695,274
4696,277
4697,274
4698,273
4699,275
4700,268
4701,277
4702,264
4703,277
4704,260
4705,279
4706,255
4707,280
4708,250
4709,281
4710,245
4711,282
4712,239
4713,283
4714,236
4715,285
4716,237
4717,286
4718,238
4719,286
4720,239
4721,289
4722,240
4723,291
4724,240
4725,293
4726,241
4727,289
4728,242
4729,285
4730,243
4731,282
4732,243
4733,278
4734,244
4735,274
4736,244
4737,271
4738,245
4739,267
4740,245
4741,262
4742,246
4743,259
4744,247
4745,254
4746,246
4747,249
4748,247
4749,245
4750,249
4751,240
4752,250
4753,236
4754,251
4755,231
4756,250
4757,225
4758,252
4759,220
4760,253
4761,214
4762,254
4763,213
4764,254
4765,214
4766,256
4767,215
4768,257
4769,215
4770,258
4771,215
4772,259
4773,216
4774,260
4775,217
4776,261
4777,217
4778,262
4779,217
4780,261
4781,217
4782,258
4783,218
4784,253
4785,218
4786,249
4787,219
4788,245
4789,218
4790,240
4791,220
4792,236
4793,220
4794,232
4795,220
4796,227
4797,221
4798,222
4799,221
4800,218
4801,222
4802,212
4803,222
4804,207
4805,223
4806,201
4807,223
4808,196
4809,224
4810,189
4811,225
4812,189
4813,225
4814,191
4815,226
4816,192
4817,227
4818,191
4819,228
4820,192
4821,228
4822,192
4823,230
4824,193
4825,231
4826,192
4827,231
4828,192
4829,232
4830,193
4831,234
4832,193
4833,234
4834,193
4835,230
4836,193
4837,225
4838,193
4839,221
4840,193
4841,216
4842,195
4843,211
4844,195
4845,207
4846,195
4847,202
4848,195
4849,196
4850,196
4851,191
4852,196
4853,186
4854,197
4855,180
4856,197
4857,174
4858,198
4859,168
4860,198
4861,168
4862,199
4863,169
4864,199
4865,170
4866,200
4867,169
4868,201
4869,170
4870,201
4871,170
4872,202
4873,170
4874,202
4875,170
4876,203
4877,171
4878,204
4879,170
4880,204
4881,172
4882,206
4883,171
4884,207
4885,172
4886,207
4887,172
4888,204
4889,172
4890,199
4891,172
4892,194
4893,174
4894,190
4895,174
4896,185
4897,175
4898,180
4899,175
4900,174
4901,176
4902,170
4903,176
4904,164
4905,176
4906,157
4907,176
4908,151
4909,178
4910,151
4911,178
4912,152
4913,178
4914,152
4915,179
4916,152
4917,180
4918,153
4919,181
4920,154
4921,182
4922,154
4923,182
4924,154
4925,183
4926,155
4927,184
4928,156
4929,186
4930,157
4931,186
4932,156
4933,188
4934,156
4935,189
4936,157
4937,191
4938,159
4939,190
4940,158
4941,185
4942,159
4943,181
4944,160
4945,176
4946,160
4947,171
4948,161
4949,166
4950,162
4951,162
4952,163
4953,156
4954,163
4955,151
4956,164
4957,145
4958,165
4959,141
4960,166
4961,142
4962,167
4963,143
4964,169
4965,144
4966,170
4967,144
4968,172
4969,145
4970,172
4971,146
4972,173
4973,148
4974,175
4975,148
4976,175
4977,148
4978,178
4979,149
4980,178
4981,150
4982,181
4983,151
4984,182
4985,152
4986,184
4987,153
4988,186
4989,154
4990,186
4991,154
4992,183
4993,156
4994,178
4995,157
4996,173
4997,158
4998,169
4999,158
5000,164
5001,159
5002,161
5003,161
5004,155
5005,162
5006,149
5007,163
5008,143
5009,164
5010,139
5011,166
5012,141
5013,167
5014,143
5015,169
5016,144
5017,170
5018,145
5019,172
5020,146
5021,173
5022,147
5023,175
5024,148
5025,176
5026,149
5027,178
5028,150
5029,180
5030,152
5031,182
5032,154
5033,184
5034,154
5035,186
5036,155
5037,189
5038,157
5039,192
5040,158
5041,191
5042,160
5043,187
5044,160
5045,183
5046,163
5047,180
5048,165
5049,176
5050,166
5051,172
5052,167
5053,168
5054,169
5055,164
5056,171
5057,159
5058,172
5059,155
5060,175
5061,150
5062,177
5063,150
5064,178
5065,152
5066,180
5067,153
5068,182
5069,155
5070,185
5071,156
5072,186
5073,158
5074,189
5075,159
5076,191
5077,161
5078,193
5079,163
5080,196
5081,164
5082,198
5083,166
5084,201
5085,167
5086,204
5087,169
5088,207
5089,171
5090,208
5091,174
5092,206
5093,175
5094,202
5095,177
5096,199
5097,179
5098,196
5099,180
5100,193
5101,183
5102,190
5103,186
5104,186
5105,187
5106,183
5107,189
5108,179
5109,191
5110,176
5111,195
5112,171
5113,196
5114,166
5115,198
5116,167
5117,200
5118,170
5119,203
5120,171
5121,206
5122,173
5123,208
5124,175
5125,211
5126,177
5127,214
5128,179
5129,217
5130,181
5131,220
5132,183
5133,223
5134,185
5135,227
5136,187
5137,230
5138,191
5139,231
5140,192
5141,229
5142,194
5143,226
5144,197
5145,225
5146,199
5147,222
5148,201
5149,220
5150,204
5151,217
5152,206
5153,214
5154,209
5155,211
5156,211
5157,208
5158,214
5159,206
5160,216
5161,202
5162,219
5163,199
5164,222
5165,196
5166,225
5167,192
5168,228
5169,191
5170,230
5171,192
5172,234
5173,196
5174,236
5175,198
5176,240
5177,200
5178,243
5179,203
5180,246
5181,205
5182,250
5183,207
5184,254
5185,210
5186,258
5187,212
5188,257
5189,214
5190,255
5191,217
5192,253
5193,220
5194,252
5195,223
5196,249
5197,225
5198,247
5199,227
5200,245
5201,230
5202,243
5203,232
5204,241
5205,235
5206,239
5207,239
5208,238
5209,242
5210,235
5211,244
5212,233
5213,248
5214,229
5215,250
5216,227
5217,254
5218,225
5219,257
5220,222
5221,260
5222,217
5223,264
5224,220
5225,266
5226,222
5227,270
5228,225
5229,274
5230,228
5231,278
5232,230
5233,281
5234,232
5235,285
5236,234
5237,283
5238,237
5239,281
5240,239
5241,279
5242,242
5243,278
5244,245
5245,276
5246,248
5247,275
5248,251
5249,274
5250,254
5251,273
5252,257
5253,271
5254,260
5255,269
5256,263
5257,267
5258,266
5259,266
5260,269
5261,263
5262,272
5263,261
5264,275
5265,259
5266,279
5267,257
5268,281
5269,255
5270,285
5271,252
5272,288
5273,250
5274,292
5275,246
5276,296
5277,245
5278,299
5279,247
5280,302
5281,250
5282,307
5283,253
5284,307
5285,256
5286,306
5287,258
5288,305
5289,261
5290,302
5291,263
5292,302
5293,266
5294,301
5295,270
5296,300
5297,273
5298,300
5299,275
5300,298
5301,279
5302,296
5303,281
5304,295
5305,284
5306,293
5307,287
5308,292
5309,291
5310,290
5311,293
5312,289
5313,296
5314,287
5315,300
5316,285
5317,304
5318,283
5319,306
5320,281
5321,310
5322,279
5323,312
5324,276
5325,317
5326,274
5327,320
5328,272
5329,324
5330,268
5331,327
5332,270
5333,327
5334,273
5335,325
5336,275
5337,325
5338,279
5339,324
5340,282
5341,323
5342,284
5343,322
5344,287
5345,321
5346,289
5347,320
5348,293
5349,318
5350,295
5351,317
5352,298
5353,316
5354,302
5355,315
5356,305
5357,312
5358,307
5359,311
5360,310
5361,310
5362,314
5363,308
5364,316
5365,307
5366,319
5367,305
5368,323
5369,304
5370,326
5371,302
5372,329
5373,300
5374,333
5375,298
5376,336
5377,296
5378,340
5379,293
5380,343
5381,291
5382,342
5383,288
5384,341
5385,289
5386,340
5387,292
5388,339
5389,295
5390,338
5391,297
5392,337
5393,300
5394,336
5395,302
5396,336
5397,306
5398,334
5399,308
5400,332
5401,311
5402,332
5403,314
5404,330
5405,317
5406,329
5407,319
5408,328
5409,323
5410,327
5411,325
5412,325
5413,328
5414,324
5415,331
5416,322
5417,334
5418,319
5419,337
5420,319
5421,340
5422,316
5423,343
5424,314
5425,347
5426,313
5427,350
5428,310
5429,354
5430,308
5431,353
5432,306
5433,352
5434,304
5435,351
5436,301
5437,350
5438,303
5439,349
5440,306
5441,348
5442,307
5443,347
5444,311
5445,346
5446,313
5447,345
5448,316
5449,343
5450,318
5451,342
5452,321
5453,340
5454,323
5455,339
5456,326
5457,338
5458,328
5459,336
5460,331
5461,335
5462,334
5463,334
5464,336
5465,332
5466,339
5467,329
5468,342
5469,329
5470,346
5471,327
5472,349
5473,325
5474,351
5475,323
5476,355
5477,321
5478,358
5479,319
5480,360
5481,316
5482,359
5483,314
5484,358
5485,311
5486,356
5487,308
5488,355
5489,307
5490,353
5491,310
5492,353
5493,312
5494,351
5495,314
5496,349
5497,317
5498,348
5499,319
5500,347
5501,321
5502,345
5503,324
5504,345
5505,326
5506,342
5507,328
5508,341
5509,331
5510,339
5511,333
5512,338
5513,336
5514,336
5515,338
5516,334
5517,341
5518,332
5519,344
5520,330
5521,346
5522,328
5523,350
5524,326
5525,352
5526,324
5527,355
5528,321
5529,358
5530,320
5531,360
5532,317
5533,359
5534,314
5535,358
5536,310
5537,356
5538,307
5539,354
5540,307
5541,353
5542,309
5543,352
5544,312
5545,350
5546,314
5547,349
5548,316
5549,347
5550,318
5551,345
5552,320
5553,344
5554,322
5555,342
5556,324
5557,340
5558,327
5559,339
5560,328
5561,335
5562,331
5563,334
5564,334
5565,332
5566,335
5567,330
5568,337
5569,327
5570,339
5571,325
5572,342
5573,323
5574,345
5575,321
5576,347
5577,317
5578,349
5579,315
5580,352
5581,312
5582,354
5583,310
5584,355
5585,306
5586,353
5587,303
5588,351
5589,299
5590,349
5591,302
5592,348
5593,303
5594,346
5595,306
5596,344
5597,307
5598,342
5599,309
5600,340
5601,310
5602,338
5603,311
5604,337
5605,314
5606,334
5607,315
5608,332
5609,317
5610,329
5611,319
5612,327
5613,321
5614,325
5615,323
5616,322
5617,325
5618,320
5619,327
5620,316
5621,329
5622,315
5623,331
5624,311
5625,333
5626,308
5627,336
5628,305
5629,338
5630,302
5631,340
5632,299
5633,342
5634,294
5635,345
5636,291
5637,344
5638,286
5639,341
5640,288
5641,339
5642,290
5643,337
5644,291
5645,335
5646,293
5647,332
5648,294
5649,330
5650,296
5651,328
5652,297
5653,326
5654,299
5655,323
5656,300
5657,321
5658,302
5659,319
5660,304
5661,316
5662,304
5663,314
5664,307
5665,310
5666,308
5667,307
5668,309
5669,304
5670,312
5671,301
5672,313
5673,298
5674,315
5675,294
5676,317
5677,290
5678,318
5679,286
5680,319
5681,283
5682,321
5683,277
5684,323
5685,273
5686,325
5687,270
5688,328
5689,271
5690,327
5691,273
5692,324
5693,274
5694,322
5695,274
5696,320
5697,276
5698,317
5699,277
5700,314
5701,278
5702,311
5703,279
5704,309
5705,280
5706,306
5707,281
5708,303
5709,283
5710,300
5711,284
5712,296
5713,285
5714,292
5715,286
5716,289
5717,287
5718,286
5719,289
5720,282
5721,290
5722,278
5723,291
5724,273
5725,292
5726,270
5727,293
5728,265
5729,295
5730,261
5731,297
5732,256
5733,297
5734,251
5735,299
5736,249
5737,301
5738,250
5739,302
5740,251
5741,304
5742,252
5743,306
5744,252
5745,303
5746,254
5747,301
5748,254
5749,297
5750,255
5751,294
5752,256
5753,291
5754,256
5755,287
5756,257
5757,283
5758,258
5759,280
5760,259
5761,276
5762,260
5763,272
5764,261
5765,269
5766,261
5767,263
5768,262
5769,261
5770,263
5771,256
5772,263
5773,251
5774,265
5775,246
5776,267
5777,242
5778,267
5779,236
5780,267
5781,230
5782,269
5783,225
5784,270
5785,225
5786,272
5787,227
5788,273
5789,227
5790,274
5791,228
5792,275
5793,229
5794,276
5795,229
5796,278
5797,230
5798,278
5799,230
5800,275
5801,231
5802,270
5803,232
5804,267
5805,232
5806,263
5807,232
5808,259
5809,233
5810,255
5811,233
5812,251
5813,234
5814,247
5815,235
5816,242
5817,235
5818,237
5819,236
5820,232
5821,235
5822,228
5823,237
5824,222
5825,237
5826,217
5827,238
5828,211
5829,239
5830,205
5831,240
5832,201
5833,240
5834,202
5835,241
5836,204
5837,243
5838,204
5839,243
5840,204
5841,244
5842,205
5843,245
5844,205
5845,247
5846,205
5847,248
5848,206
5849,249
5850,207
5851,249
5852,207
5853,246
5854,206
5855,242
5856,206
5857,237
5858,206
5859,233
5860,206
5861,229
5862,207
5863,224
5864,208
5865,221
5866,207
5867,214
5868,209
5869,209
5870,209
5871,205
5872,209
5873,200
5874,210
5875,194
5876,211
5877,187
5878,211
5879,181
5880,212
5881,179
5882,212
5883,180
5884,212
5885,179
5886,213
5887,180
5888,214
5889,180
5890,214
5891,181
5892,215
5893,180
5894,216
5895,181
5896,217
5897,181
5898,217
5899,181
5900,219
5901,182
5902,219
5903,182
5904,220
5905,182
5906,218
5907,182
5908,214
5909,183
5910,209
5911,182
5912,204
5913,184
5914,201
5915,184
5916,196
5917,185
5918,191
5919,185
5920,185
5921,186
5922,180
5923,186
5924,174
5925,186
5926,168
5927,187
5928,162
5929,188
5930,160
5931,188
5932,160
5933,189
5934,160
5935,189
5936,161
5937,190
5938,161
5939,190
5940,161
5941,191
5942,162
5943,191
5944,162
5945,192
5946,162
5947,193
5948,163
5949,194
5950,163
5951,194
5952,163
5953,196
5954,164
5955,198
5956,164
5957,199
5958,165
5959,197
5960,165
5961,192
5962,165
5963,187
5964,166
5965,182
5966,167
5967,177
5968,167
5969,173
5970,167
5971,167
5972,168
5973,162
5974,168
5975,158
5976,170
5977,150
5978,170
5979,145
5980,171
5981,145
5982,172
5983,146
5984,172
5985,147
5986,173
5987,148
5988,175
5989,148
5990,176
5991,149
5992,176
5993,150
5994,176
5995,149
5996,178
5997,149
5998,179
5999,151
6000,180
6001,152
6002,182
6003,152
6004,183
6005,153
6006,185
6007,154
6008,187
6009,154
6010,187
6011,155
6012,183
6013,157
6014,178
6015,157
6016,175
6017,159
6018,170
6019,159
6020,164
6021,160
6022,160
6023,161
6024,155
6025,162
6026,149
6027,163
6028,144
6029,164
6030,141
6031,165
6032,141
6033,166
6034,142
6035,168
6036,143
6037,169
6038,144
6039,170
6040,145
6041,171
6042,146
6043,172
6044,147
6045,174
6046,147
6047,175
6048,149
6049,177
6050,148
6051,178
6052,150
6053,180
6054,151
6055,181
6056,152
6057,183
6058,153
6059,186
6060,153
6061,187
6062,155
6063,182
6064,156
6065,178
6066,158
6067,175
6068,159
6069,170
6070,160
6071,167
6072,162
6073,162
6074,163
6075,158
6076,165
6077,153
6078,166
6079,147
6080,168
6081,143
6082,169
6083,144
6084,171
6085,146
6086,173
6087,147
6088,174
6089,148
6090,176
6091,149
6092,178
6093,150
6094,179
6095,152
6096,182
6097,153
6098,184
6099,155
6100,185
6101,156
6102,188
6103,158
6104,190
6105,159
6106,193
6107,160
6108,196
6109,163
6110,199
6111,164
6112,196
6113,164
6114,193
6115,167
6116,189
6117,169
6118,187
6119,170
6120,184
6121,173
6122,179
6123,175
6124,176
6125,176
6126,172
6127,178
6128,168
6129,181
6130,163
6131,182
6132,159
6133,185
6134,157
6135,187
6136,158
6137,188
6138,160
6139,191
6140,162
6141,193
6142,164
6143,195
6144,164
6145,198
6146,166
6147,200
6148,169
6149,204
6150,170
6151,206
6152,171
6153,209
6154,174
6155,212
6156,176
6157,216
6158,179
6159,220
6160,180
6161,217
6162,183
6163,215
6164,185
6165,212
6166,187
6167,210
6168,189
6169,206
6170,191
6171,203
6172,193
6173,201
6174,195
6175,198
6176,198
6177,195
6178,200
6179,192
6180,203
6181,188
6182,206
6183,184
6184,207
6185,179
6186,210
6187,177
6188,212
6189,179
6190,215
6191,181
6192,219
6193,184
6194,221
6195,186
6196,225
6197,188
6198,227
6199,190
6200,230
6201,192
6202,234
6203,195
6204,237
6205,196
6206,240
6207,198
6208,244
6209,201
6210,242
6211,204
6212,240
6213,206
6214,238
6215,209
6216,236
6217,211
6218,234
6219,214
6220,231
6221,216
6222,229
6223,219
6224,226
6225,221
6226,223
6227,224
6228,222
6229,226
6230,218
6231,229
6232,218
6233,232
6234,213
6235,235
6236,210
6237,238
6238,207
6239,241
6240,203
6241,244
6242,204
6243,248
6244,207
6245,251
6246,210
6247,254
6248,212
6249,257
6250,214
6251,261
6252,217
6253,265
6254,219
6255,268
6256,221
6257,270
6258,223
6259,268
6260,226
6261,267
6262,229
6263,265
6264,232
6265,264
6266,234
6267,261
6268,237
6269,260
6270,239
6271,258
6272,242
6273,257
6274,245
6275,254
6276,248
6277,252
6278,252
6279,250
6280,255
6281,248
6282,258
6283,245
6284,261
6285,243
6286,264
6287,241
6288,266
6289,238
6290,270
6291,236
6292,273
6293,232
6294,277
6295,231
6296,280
6297,232
6298,284
6299,235
6300,287
6301,238
6302,291
6303,239
6304,296
6305,243
6306,295
6307,246
6308,293
6309,249
6310,291
6311,251
6312,291
6313,254
6314,289
6315,257
6316,288
6317,260
6318,286
6319,263
6320,285
6321,266
6322,284
6323,269
6324,282
6325,272
6326,280
6327,274
6328,279
6329,278
6330,278
6331,280
6332,276
6333,284
6334,274
6335,287
6336,272
6337,291
6338,270
6339,294
6340,268
6341,297
6342,265
6343,300
6344,263
6345,303
6346,260
6347,306
6348,257
6349,312
6350,258
6351,315
6352,260
6353,318
6354,263
6355,317
6356,266
6357,315
6358,269
6359,314
6360,271
6361,313
6362,274
6363,312
6364,277
6365,311
6366,280
6367,310
6368,283
6369,309
6370,286
6371,307
6372,288
6373,307
6374,291
6375,305
6376,294
6377,303
6378,298
6379,302
6380,301
6381,300
6382,304
6383,298
6384,308
6385,296
6386,309
6387,295
6388,313
6389,293
6390,316
6391,292
6392,319
6393,289
6394,322
6395,287
6396,326
6397,284
6398,330
6399,282
6400,333
6401,279
6402,335
6403,278
6404,334
6405,281
6406,332
6407,284
6408,332
6409,286
6410,331
6411,289
6412,330
6413,292
6414,329
6415,295
6416,328
6417,298
6418,327
6419,301
6420,326
6421,303
6422,324
6423,306
6424,323
6425,309
6426,321
6427,312
6428,320
6429,314
6430,319
6431,317
6432,318
6433,321
6434,315
6435,324
6436,315
6437,327
6438,313
6439,329
6440,311
6441,333
6442,310
6443,336
6444,307
6445,340
6446,306
6447,344
6448,305
6449,348
6450,302
6451,348
6452,299
6453,347
6454,296
6455,346
6456,295
6457,346
6458,297
6459,345
6460,301
6461,344
6462,303
6463,342
6464,305
6465,341
6466,308
6467,340
6468,311
6469,339
6470,314
6471,338
6472,316
6473,337
6474,319
6475,336
6476,321
6477,335
6478,324
6479,333
6480,327
6481,333
6482,330
6483,330
6484,333
6485,328
6486,336
6487,326
6488,338
6489,325
6490,342
6491,324
6492,345
6493,321
6494,348
6495,319
6496,351
6497,317
6498,354
6499,315
6500,357
6501,313
6502,356
6503,311
6504,355
6505,308
6506,354
6507,305
6508,353
6509,306
6510,352
6511,308
6512,350
6513,311
6514,349
6515,313
6516,348
6517,316
6518,347
6519,318
6520,346
6521,321
6522,344
6523,323
6524,343
6525,325
6526,342
6527,328
6528,341
6529,331
6530,339
6531,333
6532,337
6533,336
6534,335
6535,338
6536,333
6537,340
6538,331
6539,343
6540,330
6541,346
6542,328
6543,349
6544,325
6545,352
6546,323
6547,354
6548,321
6549,358
6550,319
6551,360
6552,316
6553,359
6554,313
6555,357
6556,311
6557,356
6558,308
6559,355
6560,308
6561,354
6562,310
6563,352
6564,312
6565,351
6566,314
6567,350
6568,318
6569,348
6570,319
6571,347
6572,321
6573,345
6574,324
6575,344
6576,326
6577,343
6578,329
6579,341
6580,331
6581,339
6582,333
6583,337
6584,335
6585,335
6586,339
6587,333
6588,340
6589,330
6590,343
6591,329
6592,346
6593,327
6594,348
6595,324
6596,350
6597,322
6598,353
6599,319
6600,355
6601,317
6602,359
6603,314
6604,357
6605,311
6606,356
6607,308
6608,354
6609,304
6610,353
6611,305
6612,351
6613,308
6614,350
6615,309
6616,348
6617,310
6618,346
6619,313
6620,345
6621,315
6622,343
6623,317
6624,340
6625,319
6626,339
6627,320
6628,337
6629,323
6630,335
6631,325
6632,332
6633,327
6634,331
6635,329
6636,329
6637,331
6638,326
6639,333
6640,323
6641,335
6642,321
6643,337
6644,318
6645,340
6646,316
6647,342
6648,313
6649,345
6650,310
6651,347
6652,307
6653,350
6654,304
6655,351
6656,300
6657,349
6658,296
6659,347
6660,295
6661,345
6662,296
6663,343
6664,298
6665,341
6666,300
6667,339
6668,302
6669,337
6670,303
6671,335
6672,305
6673,333
6674,306
6675,331
6676,308
6677,328
6678,309
6679,326
6680,312
6681,324
6682,313
6683,321
6684,315
6685,319
6686,317
6687,316
6688,319
6689,313
6690,321
6691,310
6692,322
6693,307
6694,324
6695,304
6696,326
6697,301
6698,328
6699,297
6700,329
6701,293
6702,333
6703,290
6704,334
6705,286
6706,337
6707,281
6708,338
6709,280
6710,335
6711,282
6712,333
6713,283
6714,331
6715,285
6716,328
6717,285
6718,326
6719,287
6720,324
6721,287
6722,321
6723,289
6724,318
6725,291
6726,316
6727,292
6728,313
6729,292
6730,310
6731,296
6732,307
6733,296
6734,304
6735,297
6736,301
6737,299
6738,297
6739,300
6740,294
6741,301
6742,291
6743,303
6744,287
6745,304
6746,283
6747,305
6748,279
6749,308
6750,275
6751,309
6752,270
6753,310
6754,265
6755,313
6756,260
6757,314
6758,261
6759,316
6760,262
6761,318
6762,263
6763,316
6764,264
6765,313
6766,265
6767,310
6768,266
6769,307
6770,267
6771,305
6772,268
6773,302
6774,268
6775,299
6776,270
6777,295
6778,271
6779,292
6780,272
6781,290
6782,273
6783,286
6784,274
6785,282
6786,275
6787,278
6788,276
6789,275
6790,277
6791,271
6792,278
6793,266
6794,279
6795,261
6796,281
6797,257
6798,281
6799,252
6800,282
6801,247
6802,284
6803,241
6804,284
6805,237
6806,286
6807,238
6808,288
6809,239
6810,289
6811,240
6812,291
6813,241
6814,293
6815,242
6816,293
6817,243
6818,290
6819,243
6820,286
6821,245
6822,283
6823,245
6824,280
6825,246
6826,276
6827,246
6828,272
6829,247
6830,269
6831,248
6832,265
6833,249
6834,261
6835,249
6836,256
6837,249
6838,252
6839,249
6840,247
6841,251
6842,243
6843,252
6844,239
6845,253
6846,233
6847,253
6848,227
6849,255
6850,222
6851,255
6852,216
6853,256
6854,215
6855,256
6856,216
6857,258
6858,216
6859,259
6860,217
6861,261
6862,218
6863,261
6864,217
6865,263
6866,219
6867,264
6868,218
6869,264
6870,219
6871,264
6872,220
6873,259
6874,220
6875,255
6876,220
6877,251
6878,221
6879,247
6880,221
6881,243
6882,222
6883,237
6884,222
6885,234
6886,222
6887,229
6888,222
6889,224
6890,223
6891,219
6892,223
6893,213
6894,223
6895,208
6896,224
6897,203
6898,226
6899,196
6900,226
6901,191
6902,226
6903,192
6904,227
6905,192
6906,228
6907,192
6908,228
6909,192
6910,229
6911,192
6912,230
6913,193
6914,230
6915,193
6916,232
6917,193
6918,232
6919,193
6920,234
6921,194
6922,234
6923,195
6924,235
6925,194
6926,230
6927,195
6928,226
6929,195
6930,222
6931,195
6932,218
6933,195
6934,213
6935,196
6936,207
6937,197
6938,202
6939,197
6940,197
6941,197
6942,192
6943,198
6944,186
6945,199
6946,181
6947,198
6948,175
6949,199
6950,169
6951,200
6952,170
6953,200
6954,170
6955,201
6956,170
6957,201
6958,171
6959,201
6960,170
6961,202
6962,170
6963,203
6964,171
6965,204
6966,171
6967,205
6968,172
6969,206
6970,172
6971,206
6972,172
6973,208
6974,173
6975,208
6976,172
6977,209
6978,173
6979,205
6980,174
6981,201
6982,174
6983,195
6984,174
6985,191
6986,174
6987,186
6988,176
6989,182
6990,176
6991,176
6992,177
6993,171
6994,176
6995,165
6996,178
6997,159
6998,178
6999,152
7000,178

