1,0
2,0
3,0
4,10
5,14
6,27
7,35
8,45
9,57
10,62
11,78
12,79
13,99
14,92
15,117
16,104
17,134
18,113
19,149
20,122
21,162
22,130
23,174
24,140
25,185
26,150
27,195
28,158
29,205
30,166
31,214
32,172
33,220
34,179
35,223
36,184
37,225
38,189
39,226
40,195
41,226
42,198
43,228
44,203
45,228
46,207
47,228
48,211
49,228
50,215
51,228
52,218
53,227
54,222
55,227
56,225
57,225
58,229
59,224
60,233
61,222
62,237
63,221
64,239
65,218
66,242
67,216
68,245
69,212
70,249
71,209
72,252
73,207
74,255
75,211
76,257
77,213
78,261
79,215
80,264
81,218
82,268
83,220
84,269
85,222
86,268
87,224
88,266
89,227
90,264
91,229
92,263
93,232
94,262
95,234
96,260
97,237
98,258
99,239
100,256
101,241
102,254
103,243
104,251
105,245
106,249
107,248
108,246
109,250
110,244
111,252
112,241
113,254
114,238
115,257
116,235
117,259
118,231
119,261
120,228
121,264
122,223
123,266
124,221
125,269
126,224
127,272
128,225
129,274
130,227
131,277
132,228
133,281
134,231
135,281
136,232
137,279
138,234
139,276
140,236
141,274
142,238
143,273
144,240
145,270
146,242
147,269
148,244
149,266
150,246
151,264
152,248
153,261
154,250
155,258
156,251
157,256
158,254
159,253
160,256
161,249
162,258
163,246
164,260
165,242
166,262
167,240
168,264
169,236
170,267
171,232
172,269
173,228
174,272
175,226
176,274
177,228
178,277
179,230
180,280
181,231
182,282
183,233
184,285
185,234
186,286
187,236
188,283
189,238
190,281
191,240
192,279
193,242
194,277
195,244
196,274
197,246
198,272
199,247
200,269
201,249
202,266
203,251
204,264
205,253
206,262
207,255
208,259
209,257
210,256
211,259
212,252
213,261
214,249
215,263
216,245
217,265
218,242
219,268
220,239
221,269
222,235
223,271
224,231
225,274
226,229
227,277
228,230
229,279
230,232
231,281
232,234
233,284
234,235
235,287
236,237
237,288
238,239
239,286
240,240
241,283
242,241
243,282
244,244
245,278
246,246
247,276
248,247
249,274
250,249
251,271
252,251
253,269
254,253
255,266
256,255
257,263
258,257
259,261
260,259
261,258
262,261
263,254
264,263
265,251
266,265
267,248
268,267
269,245
270,269
271,240
272,271
273,237
274,274
275,233
276,276
277,230
278,278
279,232
280,281
281,233
282,283
283,235
284,286
285,237
286,289
287,239
288,290
289,240
290,287
291,242
292,285
293,244
294,283
295,245
296,280
297,247
298,278
299,249
300,275
301,251
302,273
303,253
304,270
305,254
306,268
307,256
308,264
309,258
310,262
311,260
312,258
313,262
314,256
315,264
316,252
317,267
318,249
319,268
320,245
321,271
322,241
323,273
324,238
325,275
326,233
327,277
328,231
329,280
330,233
331,282
332,235
333,285
334,236
335,287
336,238
337,290
338,239
339,290
340,241
341,288
342,242
343,286
344,245
345,283
346,246
347,282
348,248
349,278
350,250
351,276
352,251
353,273
354,253
355,271
356,256
357,268
358,257
359,266
360,259
361,262
362,261
363,259
364,263
365,256
366,265
367,253
368,267
369,250
370,269
371,246
372,271
373,242
374,273
375,239
376,276
377,234
378,278
379,232
380,280
381,234
382,283
383,235
384,285
385,237
386,288
387,238
388,291
389,239
390,292
391,242
392,288
393,244
394,286
395,245
396,284
397,247
398,282
399,249
400,279
401,250
402,277
403,252
404,274
405,254
406,271
407,256
408,269
409,258
410,267
411,259
412,263
413,262
414,260
415,264
416,257
417,266
418,254
419,268
420,250
421,270
422,247
423,272
424,243
425,274
426,239
427,276
428,235
429,278
430,232
431,281
432,234
433,283
434,236
435,286
436,237
437,289
438,239
439,291
440,241
441,292
442,242
443,289
444,243
445,286
446,244
447,283
448,246
449,281
450,248
451,279
452,249
453,276
454,251
455,273
456,253
457,270
458,255
459,268
460,257
461,265
462,259
463,262
464,260
465,259
466,263
467,256
468,264
469,252
470,267
471,249
472,269
473,245
474,271
475,242
476,273
477,238
478,275
479,233
480,277
481,231
482,279
483,232
484,281
485,234
486,284
487,236
488,287
489,238
490,290
491,240
492,291
493,241
494,289
495,243
496,286
497,244
498,284
499,246
500,281
501,248
502,279
503,250
504,276
505,252
506,274
507,253
508,271
509,255
510,268
511,257
512,266
513,259
514,263
515,260
516,259
517,263
518,255
519,265
520,253
521,267
522,249
523,269
524,245
525,271
526,241
527,272
528,237
529,274
530,232
531,276
532,230
533,277
534,232
535,280
536,233
537,283
538,235
539,285
540,237
541,289
542,239
543,290
544,240
545,287
546,242
547,285
548,243
549,282
550,245
551,280
552,246
553,278
554,249
555,275
556,250
557,273
558,252
559,269
560,254
561,267
562,256
563,264
564,258
565,262
566,259
567,257
568,261
569,255
570,263
571,251
572,265
573,248
574,267
575,244
576,269
577,240
578,272
579,236
580,274
581,232
582,276
583,230
584,278
585,232
586,281
587,233
588,283
589,235
590,286
591,237
592,288
593,238
594,289
595,240
596,287
597,241
598,284
599,243
600,282
601,245
602,281
603,246
604,277
605,248
606,275
607,251
608,272
609,252
610,269
611,254
612,267
613,256
614,264
615,257
616,261
617,258
618,257
619,260
620,252
621,262
622,250
623,264
624,247
625,266
626,242
627,268
628,238
629,270
630,234
631,272
632,229
633,274
634,229
635,277
636,231
637,279
638,232
639,281
640,234
641,284
642,236
643,286
644,237
645,289
646,239
647,286
648,240
649,284
650,241
651,281
652,244
653,279
654,246
655,275
656,247
657,274
658,249
659,271
660,251
661,268
662,252
663,265
664,254
665,263
666,257
667,259
668,258
669,256
670,260
671,253
672,262
673,249
674,264
675,247
676,266
677,243
678,268
679,239
680,271
681,234
682,273
683,230
684,274
685,229
686,277
687,231
688,279
689,232
690,282
691,234
692,284
693,236
694,287
695,237
696,289
697,239
698,287
699,241
700,284
701,242
702,282
703,244
704,279
705,245
706,276
707,247
708,273
709,249
710,271
711,250
712,268
713,253
714,266
715,255
716,262
717,257
718,260
719,258
720,256
721,261
722,254
723,263
724,249
725,264
726,246
727,267
728,243
729,268
730,239
731,271
732,235
733,272
734,230
735,274
736,229
737,277
738,231
739,280
740,232
741,282
742,234
743,284
744,235
745,287
746,237
747,289
748,238
749,286
750,240
751,284
752,242
753,282
754,244
755,279
756,244
757,277
758,247
759,274
760,249
761,271
762,251
763,268
764,253
765,265
766,254
767,262
768,256
769,259
770,258
771,256
772,260
773,253
774,263
775,250
776,264
777,246
778,266
779,243
780,268
781,239
782,271
783,234
784,272
785,230
786,275
787,229
788,277
789,230
790,279
791,232
792,282
793,234
794,285
795,236
796,287
797,237
798,289
799,239
800,286
801,240
802,283
803,242
804,282
805,243
806,279
807,246
808,277
809,247
810,275
811,249
812,271
813,251
814,269
815,253
816,265
817,255
818,262
819,257
820,260
821,258
822,256
823,260
824,253
825,262
826,250
827,264
828,246
829,266
830,242
831,268
832,238
833,270
834,234
835,273
836,230
837,275
838,230
839,277
840,231
841,280
842,232
843,282
844,234
845,284
846,236
847,287
848,237
849,289
850,239
851,287
852,240
853,284
854,242
855,282
856,244
857,279
858,246
859,277
860,247
861,274
862,249
863,271
864,251
865,269
866,253
867,266
868,255
869,263
870,256
871,260
872,258
873,257
874,261
875,253
876,262
877,250
878,263
879,246
880,266
881,243
882,268
883,239
884,270
885,236
886,273
887,230
888,275
889,229
890,277
891,231
892,280
893,234
894,282
895,234
896,284
897,235
898,287
899,238
900,289
901,239
902,287
903,241
904,284
905,242
906,282
907,244
908,279
909,247
910,277
911,247
912,275
913,250
914,272
915,251
916,269
917,252
918,268
919,255
920,262
921,257
922,260
923,258
924,257
925,260
926,254
927,262
928,250
929,264
930,247
931,266
932,243
933,269
934,239
935,271
936,235
937,273
938,230
939,275
940,229
941,277
942,231
943,279
944,233
945,282
946,235
947,284
948,236
949,287
950,238
951,289
952,239
953,287
954,241
955,284
956,242
957,282
958,244
959,280
960,246
961,277
962,248
963,275
964,250
965,272
966,252
967,270
968,254
969,267
970,256
971,264
972,258
973,261
974,260
975,258
976,262
977,255
978,264
979,252
980,267
981,248
982,269
983,245
984,270
985,241
986,273
987,237
988,275
989,232
990,277
991,230
992,279
993,232
994,282
995,234
996,284
997,236
998,286
999,238
1000,289
1001,239
1002,291
1003,241
1004,288
1005,242
1006,286
1007,244
1008,284
1009,246
1010,281
1011,248
1012,278
1013,249
1014,276
1015,252
1016,273
1017,253
1018,271
1019,255
1020,267
1021,256
1022,265
1023,258
1024,262
1025,260
1026,259
1027,263
1028,255
1029,264
1030,253
1031,266
1032,248
1033,268
1034,245
1035,271
1036,241
1037,272
1038,237
1039,275
1040,233
1041,277
1042,231
1043,279
1044,232
1045,282
1046,234
1047,284
1048,236
1049,287
1050,237
1051,289
1052,239
1053,291
1054,242
1055,289
1056,243
1057,287
1058,245
1059,284
1060,247
1061,282
1062,249
1063,280
1064,251
1065,278
1066,252
1067,275
1068,254
1069,272
1070,256
1071,269
1072,258
1073,266
1074,261
1075,263
1076,262
1077,261
1078,264
1079,258
1080,266
1081,254
1082,268
1083,250
1084,270
1085,247
1086,273
1087,244
1088,274
1089,239
1090,277
1091,235
1092,279
1093,233
1094,281
1095,234
1096,283
1097,236
1098,286
1099,237
1100,289
1101,239
1102,291
1103,241
1104,292
1105,243
1106,290
1107,244
1108,287
1109,246
1110,285
1111,248
1112,283
1113,250
1114,280
1115,251
1116,278
1117,253
1118,275
1119,255
1120,273
1121,256
1122,270
1123,258
1124,267
1125,260
1126,264
1127,262
1128,261
1129,264
1130,258
1131,266
1132,254
1133,268
1134,251
1135,271
1136,247
1137,272
1138,244
1139,275
1140,240
1141,278
1142,236
1143,280
1144,234
1145,283
1146,235
1147,285
1148,237
1149,288
1150,239
1151,291
1152,240
1153,294
1154,243
1155,294
1156,244
1157,292
1158,246
1159,289
1160,248
1161,287
1162,249
1163,284
1164,251
1165,282
1166,252
1167,279
1168,254
1169,277
1170,257
1171,274
1172,258
1173,271
1174,260
1175,268
1176,262
1177,266
1178,264
1179,262
1180,266
1181,259
1182,268
1183,255
1184,270
1185,253
1186,271
1187,250
1188,274
1189,245
1190,277
1191,241
1192,279
1193,237
1194,281
1195,234
1196,283
1197,236
1198,285
1199,238
1200,288
1201,239
1202,291
1203,241
1204,294
1205,242
1206,294
1207,244
1208,291
1209,246
1210,289
1211,248
1212,287
1213,249
1214,284
1215,251
1216,282
1217,253
1218,279
1219,254
1220,277
1221,256
1222,275
1223,258
1224,271
1225,260
1226,268
1227,262
1228,266
1229,264
1230,262
1231,266
1232,259
1233,268
1234,255
1235,270
1236,252
1237,272
1238,249
1239,274
1240,245
1241,276
1242,241
1243,278
1244,238
1245,281
1246,234
1247,283
1248,236
1249,285
1250,237
1251,288
1252,239
1253,291
1254,241
1255,293
1256,244
1257,294
1258,244
1259,291
1260,246
1261,290
1262,247
1263,286
1264,249
1265,285
1266,251
1267,283
1268,253
1269,280
1270,255
1271,277
1272,256
1273,274
1274,258
1275,271
1276,260
1277,269
1278,262
1279,265
1280,264
1281,264
1282,266
1283,259
1284,268
1285,256
1286,270
1287,252
1288,272
1289,249
1290,274
1291,245
1292,276
1293,241
1294,278
1295,237
1296,281
1297,234
1298,283
1299,235
1300,286
1301,238
1302,288
1303,239
1304,291
1305,240
1306,293
1307,243
1308,295
1309,244
1310,291
1311,247
1312,289
1313,247
1314,287
1315,249
1316,285
1317,251
1318,281
1319,253
1320,280
1321,255
1322,277
1323,257
1324,274
1325,259
1326,272
1327,260
1328,269
1329,263
1330,266
1331,264
1332,263
1333,267
1334,260
1335,268
1336,256
1337,271
1338,253
1339,272
1340,249
1341,275
1342,246
1343,277
1344,242
1345,279
1346,237
1347,281
1348,235
1349,283
1350,236
1351,287
1352,238
1353,289
1354,240
1355,291
1356,241
1357,294
1358,243
1359,294
1360,245
1361,292
1362,246
1363,289
1364,248
1365,287
1366,250
1367,285
1368,251
1369,282
1370,253
1371,280
1372,254
1373,278
1374,257
1375,275
1376,259
1377,272
1378,260
1379,269
1380,262
1381,266
1382,264
1383,262
1384,266
1385,260
1386,269
1387,256
1388,271
1389,252
1390,272
1391,249
1392,275
1393,246
1394,277
1395,241
1396,279
1397,237
1398,281
1399,234
1400,284
1401,236
1402,286
1403,238
1404,288
1405,239
1406,291
1407,241
1408,293
1409,243
1410,294
1411,244
1412,291
1413,246
1414,289
1415,248
1416,286
1417,250
1418,284
1419,251
1420,282
1421,253
1422,279
1423,255
1424,277
1425,257
1426,274
1427,258
1428,272
1429,261
1430,269
1431,261
1432,266
1433,264
1434,262
1435,266
1436,259
1437,268
1438,257
1439,270
1440,253
1441,272
1442,249
1443,274
1444,247
1445,277
1446,242
1447,278
1448,237
1449,281
1450,234
1451,283
1452,236
1453,286
1454,238
1455,288
1456,239
1457,291
1458,241
1459,294
1460,243
1461,294
1462,244
1463,291
1464,246
1465,289
1466,248
1467,287
1468,249
1469,284
1470,251
1471,282
1472,253
1473,280
1474,255
1475,277
1476,256
1477,274
1478,259
1479,272
1480,260
1481,268
1482,262
1483,266
1484,264
1485,263
1486,266
1487,259
1488,268
1489,256
1490,269
1491,251
1492,271
1493,247
1494,272
1495,244
1496,276
1497,240
1498,277
1499,236
1500,279
1501,233
1502,282
1503,234
1504,285
1505,236
1506,286
1507,238
1508,289
1509,239
1510,292
1511,241
1512,293
1513,243
1514,290
1515,245
1516,288
1517,246
1518,286
1519,248
1520,283
1521,250
1522,280
1523,251
1524,279
1525,254
1526,276
1527,255
1528,272
1529,257
1530,270
1531,259
1532,267
1533,260
1534,264
1535,263
1536,262
1537,264
1538,258
1539,267
1540,254
1541,269
1542,251
1543,271
1544,247
1545,273
1546,243
1547,275
1548,240
1549,277
1550,235
1551,279
1552,232
1553,282
1554,235
1555,284
1556,236
1557,286
1558,238
1559,289
1560,239
1561,293
1562,241
1563,293
1564,242
1565,290
1566,245
1567,289
1568,246
1569,286
1570,248
1571,283
1572,250
1573,280
1574,251
1575,278
1576,253
1577,275
1578,254
1579,272
1580,256
1581,269
1582,257
1583,266
1584,259
1585,263
1586,261
1587,260
1588,263
1589,256
1590,265
1591,253
1592,267
1593,249
1594,269
1595,245
1596,271
1597,243
1598,273
1599,238
1600,275
1601,234
1602,278
1603,231
1604,280
1605,233
1606,282
1607,235
1608,285
1609,236
1610,288
1611,238
1612,290
1613,239
1614,291
1615,241
1616,289
1617,243
1618,286
1619,245
1620,284
1621,246
1622,281
1623,248
1624,279
1625,250
1626,276
1627,252
1628,274
1629,253
1630,272
1631,255
1632,268
1633,257
1634,265
1635,259
1636,262
1637,261
1638,259
1639,263
1640,256
1641,264
1642,252
1643,267
1644,249
1645,269
1646,245
1647,271
1648,241
1649,273
1650,237
1651,275
1652,233
1653,277
1654,231
1655,279
1656,233
1657,282
1658,235
1659,285
1660,236
1661,287
1662,238
1663,289
1664,238
1665,290
1666,241
1667,288
1668,242
1669,285
1670,243
1671,283
1672,245
1673,280
1674,247
1675,278
1676,248
1677,275
1678,250
1679,272
1680,251
1681,270
1682,254
1683,266
1684,255
1685,264
1686,257
1687,262
1688,259
1689,258
1690,262
1691,254
1692,263
1693,251
1694,265
1695,247
1696,267
1697,243
1698,269
1699,239
1700,271
1701,235
1702,273
1703,231
1704,275
1705,229
1706,278
1707,232
1708,280
1709,233
1710,283
1711,234
1712,285
1713,236
1714,288
1715,238
1716,290
1717,240
1718,287
1719,241
1720,285
1721,243
1722,283
1723,245
1724,280
1725,247
1726,277
1727,248
1728,275
1729,250
1730,272
1731,251
1732,269
1733,253
1734,267
1735,255
1736,263
1737,257
1738,261
1739,259
1740,257
1741,261
1742,254
1743,262
1744,251
1745,265
1746,248
1747,267
1748,244
1749,268
1750,239
1751,271
1752,235
1753,273
1754,231
1755,276
1756,230
1757,278
1758,232
1759,280
1760,233
1761,282
1762,235
1763,285
1764,237
1765,287
1766,238
1767,290
1768,240
1769,287
1770,241
1771,285
1772,243
1773,282
1774,245
1775,280
1776,246
1777,278
1778,248
1779,275
1780,250
1781,272
1782,252
1783,269
1784,254
1785,267
1786,255
1787,263
1788,257
1789,261
1790,259
1791,258
1792,261
1793,255
1794,263
1795,251
1796,265
1797,247
1798,267
1799,243
1800,269
1801,239
1802,271
1803,236
1804,274
1805,230
1806,275
1807,230
1808,278
1809,232
1810,280
1811,233
1812,283
1813,235
1814,285
1815,237
1816,288
1817,238
1818,290
1819,240
1820,287
1821,242
1822,285
1823,243
1824,283
1825,245
1826,280
1827,247
1828,277
1829,248
1830,275
1831,250
1832,272
1833,252
1834,269
1835,254
1836,267
1837,255
1838,264
1839,257
1840,261
1841,259
1842,258
1843,261
1844,254
1845,263
1846,251
1847,265
1848,246
1849,267
1850,243
1851,269
1852,239
1853,272
1854,235
1855,273
1856,231
1857,276
1858,229
1859,277
1860,232
1861,280
1862,233
1863,283
1864,235
1865,285
1866,237
1867,288
1868,238
1869,290
1870,239
1871,288
1872,241
1873,285
1874,243
1875,282
1876,244
1877,280
1878,246
1879,277
1880,248
1881,274
1882,250
1883,272
1884,252
1885,269
1886,253
1887,266
1888,255
1889,264
1890,257
1891,260
1892,259
1893,257
1894,261
1895,254
1896,263
1897,251
1898,265
1899,247
1900,268
1901,243
1902,269
1903,239
1904,271
1905,235
1906,273
1907,231
1908,276
1909,230
1910,278
1911,232
1912,280
1913,233
1914,283
1915,235
1916,285
1917,236
1918,288
1919,238
1920,290
1921,239
1922,287
1923,241
1924,285
1925,243
1926,282
1927,245
1928,280
1929,246
1930,277
1931,249
1932,275
1933,250
1934,272
1935,252
1936,269
1937,253
1938,267
1939,255
1940,264
1941,257
1942,260
1943,259
1944,257
1945,261
1946,254
1947,263
1948,251
1949,265
1950,247
1951,267
1952,243
1953,269
1954,239
1955,271
1956,236
1957,273
1958,231
1959,276
1960,230
1961,278
1962,232
1963,280
1964,233
1965,283
1966,235
1967,285
1968,237
1969,287
1970,237
1971,290
1972,240
1973,288
1974,241
1975,285
1976,243
1977,283
1978,245
1979,280
1980,247
1981,278
1982,248
1983,275
1984,250
1985,272
1986,252
1987,270
1988,253
1989,267
1990,255
1991,264
1992,257
1993,261
1994,259
1995,258
1996,261
1997,255
1998,263
1999,251
2000,265
2001,247
2002,267
2003,244
2004,270
2005,240
2006,272
2007,235
2008,274
2009,231
2010,275
2011,230
2012,279
2013,232
2014,282
2015,234
2016,285
2017,236
2018,287
2019,237
2020,290
2021,240
2022,291
2023,241
2024,289
2025,243
2026,287
2027,244
2028,284
2029,246
2030,282
2031,247
2032,279
2033,250
2034,277
2035,251
2036,274
2037,253
2038,272
2039,255
2040,268
2041,257
2042,265
2043,259
2044,263
2045,261
2046,259
2047,263
2048,257
2049,265
2050,253
2051,266
2052,250
2053,269
2054,246
2055,270
2056,242
2057,273
2058,237
2059,275
2060,233
2061,277
2062,231
2063,280
2064,233
2065,282
2066,235
2067,285
2068,236
2069,287
2070,238
2071,290
2072,239
2073,291
2074,241
2075,288
2076,243
2077,287
2078,244
2079,284
2080,247
2081,282
2082,248
2083,279
2084,250
2085,276
2086,251
2087,273
2088,253
2089,271
2090,255
2091,268
2092,256
2093,265
2094,259
2095,261
2096,260
2097,259
2098,263
2099,257
2100,266
2101,254
2102,268
2103,250
2104,270
2105,247
2106,272
2107,243
2108,274
2109,239
2110,277
2111,234
2112,278
2113,233
2114,281
2115,234
2116,284
2117,237
2118,286
2119,238
2120,290
2121,240
2122,292
2123,241
2124,293
2125,242
2126,291
2127,244
2128,288
2129,245
2130,286
2131,248
2132,283
2133,250
2134,281
2135,251
2136,278
2137,254
2138,276
2139,255
2140,272
2141,257
2142,270
2143,258
2144,267
2145,260
2146,264
2147,262
2148,261
2149,264
2150,257
2151,266
2152,255
2153,269
2154,251
2155,270
2156,248
2157,272
2158,242
2159,275
2160,239
2161,277
2162,235
2163,279
2164,232
2165,282
2166,234
2167,284
2168,236
2169,286
2170,238
2171,289
2172,239
2173,292
2174,241
2175,292
2176,243
2177,290
2178,244
2179,288
2180,246
2181,285
2182,248
2183,283
2184,250
2185,281
2186,252
2187,279
2188,254
2189,277
2190,256
2191,274
2192,258
2193,271
2194,260
2195,268
2196,262
2197,266
2198,263
2199,262
2200,266
2201,260
2202,268
2203,256
2204,270
2205,253
2206,272
2207,249
2208,274
2209,245
2210,277
2211,241
2212,279
2213,238
2214,281
2215,234
2216,283
2217,236
2218,285
2219,238
2220,288
2221,240
2222,291
2223,240
2224,294
2225,243
2226,294
2227,245
2228,292
2229,246
2230,289
2231,248
2232,287
2233,249
2234,284
2235,251
2236,282
2237,253
2238,280
2239,255
2240,277
2241,257
2242,274
2243,259
2244,272
2245,261
2246,269
2247,262
2248,265
2249,264
2250,263
2251,266
2252,261
2253,268
2254,256
2255,270
2256,253
2257,273
2258,249
2259,275
2260,246
2261,277
2262,241
2263,279
2264,237
2265,281
2266,234
2267,284
2268,236
2269,286
2270,238
2271,288
2272,240
2273,291
2274,241
2275,294
2276,243
2277,294
2278,244
2279,292
2280,246
2281,289
2282,248
2283,287
2284,250
2285,284
2286,251
2287,282
2288,253
2289,280
2290,255
2291,277
2292,257
2293,274
2294,259
2295,272
2296,260
2297,269
2298,262
2299,266
2300,264
2301,263
2302,266
2303,259
2304,268
2305,256
2306,271
2307,253
2308,272
2309,249
2310,275
2311,245
2312,277
2313,242
2314,279
2315,237
2316,281
2317,234
2318,284
2319,236
2320,286
2321,238
2322,288
2323,240
2324,290
2325,240
2326,294
2327,243
2328,294
2329,244
2330,292
2331,246
2332,289
2333,248
2334,287
2335,249
2336,285
2337,251
2338,282
2339,253
2340,280
2341,255
2342,277
2343,257
2344,274
2345,259
2346,272
2347,260
2348,269
2349,262
2350,266
2351,264
2352,262
2353,266
2354,259
2355,269
2356,256
2357,271
2358,253
2359,273
2360,249
2361,275
2362,246
2363,277
2364,241
2365,279
2366,237
2367,281
2368,234
2369,283
2370,236
2371,287
2372,238
2373,289
2374,240
2375,291
2376,241
2377,294
2378,243
2379,295
2380,244
2381,292
2382,246
2383,289
2384,248
2385,287
2386,250
2387,285
2388,252
2389,283
2390,253
2391,280
2392,255
2393,277
2394,257
2395,274
2396,258
2397,272
2398,260
2399,269
2400,263
2401,266
2402,264
2403,263
2404,266
2405,260
2406,268
2407,256
2408,270
2409,253
2410,272
2411,250
2412,274
2413,246
2414,277
2415,242
2416,278
2417,237
2418,282
2419,234
2420,283
2421,236
2422,286
2423,238
2424,289
2425,240
2426,291
2427,241
2428,294
2429,243
2430,294
2431,244
2432,292
2433,246
2434,289
2435,248
2436,287
2437,250
2438,285
2439,251
2440,282
2441,254
2442,280
2443,255
2444,277
2445,257
2446,275
2447,259
2448,271
2449,261
2450,269
2451,262
2452,266
2453,265
2454,262
2455,266
2456,260
2457,268
2458,257
2459,271
2460,253
2461,272
2462,250
2463,275
2464,246
2465,277
2466,242
2467,279
2468,238
2469,281
2470,234
2471,283
2472,236
2473,286
2474,238
2475,289
2476,239
2477,291
2478,241
2479,294
2480,243
2481,294
2482,244
2483,292
2484,246
2485,289
2486,248
2487,287
2488,250
2489,285
2490,251
2491,282
2492,253
2493,280
2494,255
2495,277
2496,257
2497,274
2498,259
2499,272
2500,260
2501,269
2502,262
2503,267
2504,265
2505,263
2506,266
2507,259
2508,268
2509,256
2510,270
2511,253
2512,272
2513,249
2514,274
2515,245
2516,277
2517,241
2518,279
2519,237
2520,281
2521,234
2522,284
2523,236
2524,286
2525,238
2526,288
2527,240
2528,291
2529,241
2530,294
2531,243
2532,294
2533,245
2534,291
2535,246
2536,289
2537,247
2538,285
2539,248
2540,283
2541,250
2542,281
2543,252
2544,278
2545,253
2546,275
2547,255
2548,273
2549,257
2550,270
2551,259
2552,267
2553,261
2554,264
2555,262
2556,261
2557,265
2558,258
2559,267
2560,255
2561,269
2562,251
2563,271
2564,248
2565,273
2566,243
2567,275
2568,239
2569,277
2570,235
2571,279
2572,233
2573,282
2574,235
2575,284
2576,237
2577,287
2578,238
2579,289
2580,240
2581,292
2582,241
2583,293
2584,243
2585,290
2586,245
2587,288
2588,246
2589,286
2590,248
2591,283
2592,250
2593,280
2594,252
2595,279
2596,253
2597,276
2598,255
2599,273
2600,258
2601,271
2602,259
2603,267
2604,261
2605,264
2606,262
2607,261
2608,265
2609,258
2610,267
2611,255
2612,268
2613,251
2614,271
2615,247
2616,273
2617,243
2618,276
2619,239
2620,277
2621,234
2622,279
2623,233
2624,281
2625,234
2626,283
2627,236
2628,285
2629,237
2630,288
2631,238
2632,291
2633,240
2634,292
2635,242
2636,289
2637,243
2638,287
2639,245
2640,285
2641,246
2642,282
2643,249
2644,280
2645,250
2646,277
2647,252
2648,274
2649,254
2650,272
2651,255
2652,269
2653,258
2654,266
2655,260
2656,263
2657,261
2658,259
2659,263
2660,257
2661,265
2662,253
2663,267
2664,250
2665,269
2666,246
2667,271
2668,242
2669,273
2670,237
2671,276
2672,233
2673,278
2674,232
2675,279
2676,233
2677,283
2678,235
2679,285
2680,237
2681,287
2682,239
2683,290
2684,239
2685,291
2686,241
2687,289
2688,242
2689,286
2690,245
2691,284
2692,246
2693,282
2694,248
2695,279
2696,250
2697,277
2698,252
2699,274
2700,253
2701,271
2702,255
2703,269
2704,257
2705,265
2706,259
2707,263
2708,261
2709,259
2710,262
2711,255
2712,264
2713,251
2714,266
2715,248
2716,268
2717,244
2718,269
2719,240
2720,271
2721,235
2722,274
2723,231
2724,276
2725,229
2726,278
2727,232
2728,280
2729,234
2730,283
2731,235
2732,285
2733,237
2734,287
2735,238
2736,290
2737,240
2738,287
2739,241
2740,285
2741,243
2742,282
2743,244
2744,281
2745,246
2746,278
2747,248
2748,275
2749,250
2750,273
2751,252
2752,270
2753,254
2754,267
2755,256
2756,264
2757,258
2758,260
2759,259
2760,258
2761,261
2762,254
2763,264
2764,250
2765,265
2766,247
2767,267
2768,244
2769,269
2770,239
2771,272
2772,235
2773,274
2774,231
2775,276
2776,230
2777,278
2778,232
2779,280
2780,234
2781,283
2782,235
2783,285
2784,236
2785,288
2786,238
2787,290
2788,240
2789,287
2790,241
2791,285
2792,242
2793,283
2794,244
2795,281
2796,246
2797,277
2798,248
2799,276
2800,249
2801,273
2802,252
2803,270
2804,254
2805,267
2806,256
2807,263
2808,257
2809,261
2810,259
2811,258
2812,261
2813,254
2814,263
2815,251
2816,265
2817,247
2818,267
2819,245
2820,269
2821,239
2822,271
2823,235
2824,273
2825,231
2826,275
2827,230
2828,278
2829,232
2830,280
2831,233
2832,283
2833,235
2834,285
2835,237
2836,288
2837,238
2838,290
2839,240
2840,288
2841,241
2842,285
2843,243
2844,283
2845,245
2846,280
2847,246
2848,279
2849,248
2850,275
2851,250
2852,272
2853,252
2854,268
2855,254
2856,266
2857,255
2858,263
2859,257
2860,261
2861,259
2862,258
2863,261
2864,254
2865,263
2866,251
2867,265
2868,247
2869,267
2870,243
2871,270
2872,239
2873,271
2874,237
2875,273
2876,230
2877,276
2878,230
2879,278
2880,232
2881,280
2882,233
2883,283
2884,235
2885,285
2886,237
2887,288
2888,238
2889,290
2890,240
2891,287
2892,241
2893,285
2894,243
2895,282
2896,245
2897,280
2898,246
2899,277
2900,249
2901,274
2902,250
2903,272
2904,252
2905,269
2906,254
2907,267
2908,255
2909,264
2910,257
2911,261
2912,260
2913,258
2914,261
2915,255
2916,263
2917,251
2918,265
2919,247
2920,267
2921,243
2922,269
2923,240
2924,271
2925,235
2926,274
2927,231
2928,276
2929,230
2930,278
2931,232
2932,280
2933,233
2934,283
2935,235
2936,285
2937,236
2938,288
2939,238
2940,290
2941,239
2942,287
2943,241
2944,285
2945,243
2946,282
2947,245
2948,281
2949,246
2950,277
2951,248
2952,275
2953,251
2954,272
2955,252
2956,270
2957,253
2958,267
2959,256
2960,264
2961,257
2962,261
2963,259
2964,257
2965,261
2966,254
2967,263
2968,250
2969,265
2970,247
2971,267
2972,243
2973,270
2974,239
2975,272
2976,235
2977,273
2978,230
2979,276
2980,230
2981,278
2982,232
2983,280
2984,234
2985,283
2986,235
2987,285
2988,237
2989,288
2990,238
2991,290
2992,240
2993,287
2994,242
2995,285
2996,243
2997,283
2998,245
2999,280
3000,247
3001,278
3002,248
3003,275
3004,250
3005,272
3006,252
3007,269
3008,253
3009,267
3010,255
3011,264
3012,257
3013,261
3014,259
3015,257
3016,260
3017,254
3018,263
3019,251
3020,265
3021,247
3022,267
3023,244
3024,269
3025,240
3026,271
3027,235
3028,273
3029,231
3030,276
3031,230
3032,278
3033,232
3034,280
3035,233
3036,283
3037,235
3038,285
3039,237
3040,289
3041,238
3042,290
3043,240
3044,287
3045,241
3046,285
3047,243
3048,283
3049,245
3050,280
3051,247
3052,278
3053,248
3054,275
3055,250
3056,272
3057,252
3058,270
3059,254
3060,267
3061,257
3062,265
3063,258
3064,262
3065,260
3066,259
3067,263
3068,256
3069,264
3070,252
3071,267
3072,249
3073,269
3074,245
3075,271
3076,242
3077,273
3078,237
3079,274
3080,234
3081,277
3082,231
3083,279
3084,233
3085,282
3086,235
3087,285
3088,237
3089,287
3090,238
3091,290
3092,239
3093,291
3094,242
3095,290
3096,243
3097,286
3098,244
3099,284
3100,246
3101,281
3102,248
3103,279
3104,250
3105,277
3106,251
3107,274
3108,253
3109,271
3110,256
3111,268
3112,257
3113,266
3114,258
3115,263
3116,260
3117,259
3118,262
3119,256
3120,265
3121,254
3122,267
3123,249
3124,268
3125,246
3126,271
3127,241
3128,273
3129,238
3130,275
3131,233
3132,278
3133,231
3134,280
3135,233
3136,282
3137,235
3138,284
3139,236
3140,287
3141,238
3142,291
3143,240
3144,291
3145,241
3146,289
3147,244
3148,287
3149,246
3150,285
3151,247
3152,283
3153,250
3154,280
3155,251
3156,277
3157,253
3158,275
3159,255
3160,273
3161,256
3162,270
3163,260
3164,267
3165,260
3166,264
3167,263
3168,261
3169,264
3170,258
3171,267
3172,255
3173,268
3174,251
3175,270
3176,247
3177,273
3178,244
3179,275
3180,239
3181,277
3182,235
3183,279
3184,233
3185,281
3186,235
3187,284
3188,237
3189,287
3190,238
3191,289
3192,239
3193,292
3194,241
3195,293
3196,243
3197,291
3198,245
3199,288
3200,246
3201,285
3202,248
3203,283
3204,249
3205,281
3206,251
3207,277
3208,253
3209,276
3210,255
3211,273
3212,256
3213,269
3214,259
3215,267
3216,260
3217,264
3218,263
3219,261
3220,264
3221,257
3222,266
3223,254
3224,269
3225,251
3226,270
3227,247
3228,273
3229,243
3230,275
3231,238
3232,277
3233,236
3234,280
3235,233
3236,283
3237,235
3238,285
3239,238
3240,288
3241,239
3242,291
3243,241
3244,294
3245,243
3246,293
3247,244
3248,292
3249,246
3250,289
3251,247
3252,287
3253,249
3254,285
3255,251
3256,282
3257,253
3258,279
3259,255
3260,277
3261,257
3262,275
3263,259
3264,271
3265,261
3266,269
3267,262
3268,265
3269,265
3270,263
3271,266
3272,260
3273,269
3274,257
3275,271
3276,253
3277,272
3278,249
3279,275
3280,246
3281,277
3282,241
3283,279
3284,237
3285,281
3286,235
3287,284
3288,236
3289,286
3290,238
3291,289
3292,240
3293,291
3294,241
3295,294
3296,243
3297,294
3298,245
3299,292
3300,247
3301,289
3302,248
3303,288
3304,250
3305,285
3306,252
3307,282
3308,254
3309,280
3310,256
3311,278
3312,257
3313,275
3314,259
3315,272
3316,261
3317,269
3318,263
3319,266
3320,265
3321,263
3322,267
3323,259
3324,269
3325,256
3326,271
3327,253
3328,272
3329,249
3330,275
3331,246
3332,277
3333,241
3334,279
3335,237
3336,281
3337,234
3338,284
3339,236
3340,286
3341,238
3342,288
3343,240
3344,291
3345,240
3346,294
3347,243
3348,294
3349,244
3350,292
3351,246
3352,289
3353,248
3354,287
3355,250
3356,284
3357,251
3358,283
3359,253
3360,279
3361,255
3362,277
3363,257
3364,274
3365,258
3366,272
3367,260
3368,268
3369,262
3370,266
3371,264
3372,263
3373,266
3374,260
3375,268
3376,256
3377,270
3378,253
3379,272
3380,248
3381,274
3382,245
3383,277
3384,240
3385,278
3386,237
3387,282
3388,235
3389,284
3390,236
3391,286
3392,238
3393,288
3394,240
3395,292
3396,241
3397,294
3398,243
3399,294
3400,244
3401,293
3402,246
3403,289
3404,248
3405,287
3406,250
3407,284
3408,251
3409,282
3410,253
3411,280
3412,255
3413,277
3414,256
3415,274
3416,258
3417,272
3418,260
3419,268
3420,262
3421,266
3422,264
3423,263
3424,266
3425,260
3426,268
3427,256
3428,271
3429,252
3430,273
3431,249
3432,274
3433,247
3434,277
3435,242
3436,279
3437,238
3438,282
3439,234
3440,284
3441,236
3442,285
3443,238
3444,288
3445,240
3446,290
3447,241
3448,293
3449,243
3450,294
3451,244
3452,292
3453,246
3454,290
3455,248
3456,287
3457,250
3458,284
3459,251
3460,282
3461,254
3462,280
3463,255
3464,277
3465,256
3466,275
3467,258
3468,272
3469,260
3470,269
3471,263
3472,266
3473,264
3474,263
3475,266
3476,260
3477,268
3478,256
3479,270
3480,253
3481,272
3482,249
3483,275
3484,245
3485,276
3486,241
3487,279
3488,238
3489,282
3490,234
3491,284
3492,236
3493,286
3494,238
3495,288
3496,240
3497,292
3498,241
3499,294
3500,242
3501,294
3502,244
3503,292
3504,247
3505,289
3506,247
3507,287
3508,250
3509,285
3510,251
3511,282
3512,253
3513,280
3514,255
3515,277
3516,256
3517,274
3518,258
3519,271
3520,261
3521,270
3522,262
3523,266
3524,264
3525,263
3526,266
3527,261
3528,268
3529,256
3530,270
3531,252
3532,272
3533,249
3534,274
3535,246
3536,277
3537,241
3538,279
3539,237
3540,281
3541,235
3542,283
3543,236
3544,286
3545,238
3546,289
3547,240
3548,291
3549,241
3550,294
3551,243
3552,295
3553,244
3554,292
3555,246
3556,289
3557,248
3558,287
3559,250
3560,285
3561,252
3562,282
3563,253
3564,280
3565,254
3566,277
3567,257
3568,275
3569,258
3570,272
3571,261
3572,269
3573,262
3574,266
3575,264
3576,263
3577,268
3578,259
3579,268
3580,257
3581,270
3582,252
3583,272
3584,249
3585,274
3586,244
3587,275
3588,240
3589,277
3590,235
3591,280
3592,234
3593,282
3594,234
3595,284
3596,236
3597,287
3598,239
3599,289
3600,240
3601,293
3602,241
3603,293
3604,243
3605,291
3606,244
3607,288
3608,246
3609,285
3610,248
3611,283
3612,250
3613,281
3614,251
3615,278
3616,253
3617,276
3618,255
3619,273
3620,257
3621,270
3622,259
3623,267
3624,261
3625,265
3626,263
3627,262
3628,265
3629,258
3630,267
3631,255
3632,269
3633,251
3634,271
3635,247
3636,273
3637,244
3638,275
3639,240
3640,278
3641,235
3642,279
3643,233
3644,282
3645,234
3646,284
3647,237
3648,287
3649,238
3650,289
3651,240
3652,292
3653,241
3654,293
3655,243
3656,290
3657,244
3658,288
3659,246
3660,285
3661,249
3662,283
3663,250
3664,281
3665,252
3666,278
3667,253
3668,275
3669,255
3670,272
3671,257
3672,269
3673,257
3674,266
3675,258
3676,263
3677,261
3678,259
3679,263
3680,256
3681,265
3682,253
3683,267
3684,250
3685,269
3686,246
3687,271
3688,242
3689,273
3690,238
3691,275
3692,233
3693,278
3694,232
3695,280
3696,233
3697,282
3698,234
3699,285
3700,237
3701,287
3702,238
3703,291
3704,240
3705,291
3706,241
3707,289
3708,243
3709,287
3710,245
3711,283
3712,246
3713,282
3714,248
3715,279
3716,250
3717,277
3718,252
3719,274
3720,254
3721,271
3722,255
3723,269
3724,257
3725,265
3726,259
3727,263
3728,261
3729,259
3730,263
3731,256
3732,265
3733,253
3734,267
3735,249
3736,269
3737,246
3738,271
3739,242
3740,273
3741,238
3742,276
3743,233
3744,278
3745,232
3746,280
3747,232
3748,282
3749,235
3750,285
3751,236
3752,287
3753,238
3754,291
3755,240
3756,292
3757,241
3758,289
3759,243
3760,286
3761,244
3762,283
3763,246
3764,281
3765,247
3766,278
3767,248
3768,276
3769,250
3770,273
3771,252
3772,270
3773,254
3774,267
3775,256
3776,264
3777,257
3778,261
3779,259
3780,258
3781,261
3782,255
3783,263
3784,251
3785,265
3786,247
3787,267
3788,244
3789,269
3790,240
3791,272
3792,235
3793,274
3794,230
3795,275
3796,230
3797,278
3798,232
3799,281
3800,233
3801,283
3802,235
3803,285
3804,237
3805,288
3806,238
3807,289
3808,240
3809,287
3810,241
3811,285
3812,243
3813,283
3814,245
3815,280
3816,247
3817,277
3818,248
3819,275
3820,250
3821,272
3822,251
3823,269
3824,254
3825,267
3826,256
3827,264
3828,257
3829,261
3830,259
3831,256
3832,261
3833,254
3834,263
3835,251
3836,265
3837,247
3838,267
3839,244
3840,269
3841,239
3842,271
3843,235
3844,273
3845,231
3846,276
3847,229
3848,278
3849,232
3850,279
3851,233
3852,283
3853,235
3854,285
3855,237
3856,288
3857,238
3858,289
3859,240
3860,287
3861,241
3862,285
3863,243
3864,282
3865,245
3866,280
3867,246
3868,277
3869,248
3870,275
3871,251
3872,272
3873,252
3874,268
3875,253
3876,266
3877,255
3878,263
3879,257
3880,260
3881,258
3882,257
3883,261
3884,254
3885,263
3886,250
3887,265
3888,247
3889,267
3890,244
3891,269
3892,239
3893,271
3894,236
3895,274
3896,231
3897,276
3898,229
3899,278
3900,232
3901,280
3902,234
3903,283
3904,235
3905,285
3906,237
3907,288
3908,238
3909,290
3910,240
3911,287
3912,241
3913,285
3914,243
3915,282
3916,244
3917,280
3918,246
3919,277
3920,248
3921,275
3922,251
3923,272
3924,251
3925,270
3926,254
3927,267
3928,254
3929,264
3930,257
3931,262
3932,259
3933,257
3934,261
3935,255
3936,263
3937,251
3938,265
3939,248
3940,267
3941,243
3942,270
3943,240
3944,270
3945,236
3946,274
3947,231
3948,275
3949,230
3950,278
3951,232
3952,280
3953,234
3954,283
3955,235
3956,286
3957,237
3958,288
3959,238
3960,289
3961,240
3962,288
3963,241
3964,285
3965,243
3966,283
3967,245
3968,280
3969,247
3970,277
3971,248
3972,275
3973,250
3974,273
3975,252
3976,270
3977,254
3978,267
3979,256
3980,264
3981,257
3982,261
3983,259
3984,257
3985,261
3986,254
3987,263
3988,252
3989,266
3990,247
3991,267
3992,244
3993,269
3994,240
3995,271
3996,235
3997,274
3998,231
3999,275
4000,230
4001,278
4002,232
4003,280
4004,233
4005,283
4006,235
4007,285
4008,237
4009,288
4010,238
4011,290
4012,239
4013,287
4014,241
4015,285
4016,243
4017,282
4018,244
4019,280
4020,246
4021,277
4022,248
4023,275
4024,250
4025,272
4026,252
4027,269
4028,254
4029,267
4030,256
4031,264
4032,257
4033,261
4034,259
4035,257
4036,261
4037,254
4038,264
4039,250
4040,265
4041,247
4042,267
4043,243
4044,269
4045,239
4046,271
4047,235
4048,274
4049,231
4050,275
4051,230
4052,278
4053,232
4054,280
4055,233
4056,282
4057,235
4058,285
4059,236
4060,288
4061,238
4062,290
4063,239
4064,287
4065,241
4066,284
4067,243
4068,282
4069,244
4070,280
4071,247
4072,278
4073,248
4074,274
4075,250
4076,272
4077,251
4078,270
4079,253
4080,267
4081,256
4082,263
4083,257
4084,261
4085,259
4086,257
4087,261
4088,254
4089,262
4090,251
4091,264
4092,247
4093,267
4094,243
4095,270
4096,240
4097,271
4098,235
4099,274
4100,230
4101,276
4102,230
4103,278
4104,232
4105,281
4106,234
4107,284
4108,236
4109,286
4110,237
4111,289
4112,239
4113,291
4114,242
4115,289
4116,242
4117,286
4118,244
4119,284
4120,246
4121,281
4122,248
4123,279
4124,250
4125,276
4126,251
4127,274
4128,253
4129,271
4130,255
4131,268
4132,257
4133,265
4134,259
4135,262
4136,261
4137,258
4138,262
4139,256
4140,265
4141,253
4142,267
4143,250
4144,269
4145,245
4146,271
4147,241
4148,273
4149,237
4150,275
4151,232
4152,277
4153,231
4154,280
4155,233
4156,282
4157,236
4158,286
4159,236
4160,287
4161,238
4162,290
4163,240
4164,291
4165,241
4166,291
4167,243
4168,286
4169,245
4170,284
4171,246
4172,281
4173,248
4174,279
4175,250
4176,276
4177,252
4178,274
4179,254
4180,271
4181,255
4182,268
4183,256
4184,265
4185,259
4186,262
4187,261
4188,258
4189,263
4190,256
4191,265
4192,254
4193,268
4194,250
4195,270
4196,246
4197,272
4198,243
4199,274
4200,239
4201,277
4202,235
4203,279
4204,233
4205,282
4206,234
4207,284
4208,236
4209,287
4210,238
4211,289
4212,239
4213,292
4214,241
4215,293
4216,243
4217,291
4218,244
4219,288
4220,246
4221,286
4222,248
4223,283
4224,249
4225,280
4226,251
4227,278
4228,253
4229,275
4230,255
4231,273
4232,256
4233,270
4234,259
4235,267
4236,261
4237,264
4238,262
4239,261
4240,265
4241,258
4242,266
4243,254
4244,269
4245,251
4246,270
4247,247
4248,273
4249,243
4250,274
4251,239
4252,277
4253,235
4254,279
4255,233
4256,282
4257,235
4258,284
4259,236
4260,286
4261,238
4262,289
4263,240
4264,292
4265,241
4266,293
4267,243
4268,291
4269,244
4270,288
4271,246
4272,285
4273,248
4274,283
4275,250
4276,281
4277,251
4278,278
4279,253
4280,275
4281,256
4282,273
4283,258
4284,271
4285,260
4286,268
4287,262
4288,265
4289,264
4290,263
4291,266
4292,260
4293,268
4294,256
4295,270
4296,253
4297,272
4298,249
4299,275
4300,245
4301,276
4302,241
4303,279
4304,238
4305,282
4306,234
4307,283
4308,236
4309,286
4310,238
4311,288
4312,239
4313,290
4314,241
4315,294
4316,243
4317,294
4318,244
4319,291
4320,245
4321,289
4322,247
4323,287
4324,249
4325,284
4326,251
4327,282
4328,253
4329,280
4330,255
4331,277
4332,257
4333,274
4334,258
4335,272
4336,261
4337,269
4338,262
4339,266
4340,264
4341,263
4342,267
4343,259
4344,268
4345,256
4346,270
4347,253
4348,273
4349,249
4350,274
4351,245
4352,276
4353,242
4354,279
4355,237
4356,281
4357,234
4358,283
4359,236
4360,286
4361,238
4362,288
4363,240
4364,291
4365,241
4366,294
4367,243
4368,294
4369,244
4370,291
4371,246
4372,289
4373,248
4374,287
4375,250
4376,285
4377,251
4378,282
4379,253
4380,280
4381,255
4382,277
4383,257
4384,275
4385,258
4386,272
4387,260
4388,268
4389,263
4390,266
4391,264
4392,263
4393,266
4394,259
4395,268
4396,257
4397,269
4398,253
4399,272
4400,249
4401,275
4402,246
4403,277
4404,242
4405,279
4406,237
4407,281
4408,234
4409,284
4410,237
4411,286
4412,238
4413,288
4414,239
4415,291
4416,241
4417,294
4418,243
4419,294
4420,244
4421,292
4422,246
4423,289
4424,248
4425,287
4426,250
4427,284
4428,251
4429,283
4430,253
4431,280
4432,255
4433,277
4434,257
4435,274
4436,258
4437,272
4438,261
4439,269
4440,262
4441,266
4442,264
4443,263
4444,267
4445,259
4446,268
4447,256
4448,270
4449,253
4450,273
4451,249
4452,275
4453,245
4454,277
4455,241
4456,279
4457,237
4458,281
4459,235
4460,284
4461,236
4462,286
4463,238
4464,288
4465,240
4466,291
4467,241
4468,294
4469,243
4470,295
4471,245
4472,292
4473,246
4474,289
4475,248
4476,287
4477,249
4478,285
4479,250
4480,282
4481,253
4482,279
4483,255
4484,276
4485,257
4486,274
4487,259
4488,271
4489,260
4490,269
4491,262
4492,265
4493,264
4494,263
4495,266
4496,260
4497,268
4498,257
4499,270
4500,253
4501,272
4502,250
4503,274
4504,246
4505,277
4506,241
4507,279
4508,237
4509,281
4510,234
4511,283
4512,236
4513,285
4514,238
4515,288
4516,239
4517,291
4518,241
4519,294
4520,243
4521,294
4522,244
4523,291
4524,246
4525,289
4526,247
4527,287
4528,249
4529,285
4530,251
4531,283
4532,253
4533,280
4534,255
4535,277
4536,257
4537,274
4538,258
4539,271
4540,260
4541,268
4542,262
4543,266
4544,264
4545,263
4546,266
4547,259
4548,268
4549,256
4550,270
4551,253
4552,272
4553,249
4554,275
4555,245
4556,277
4557,241
4558,279
4559,238
4560,281
4561,234
4562,283
4563,236
4564,286
4565,238
4566,289
4567,240
4568,291
4569,241
4570,294
4571,243
4572,294
4573,245
4574,293
4575,246
4576,290
4577,248
4578,288
4579,250
4580,285
4581,252
4582,282
4583,253
4584,280
4585,256
4586,277
4587,256
4588,275
4589,258
4590,272
4591,260
4592,269
4593,263
4594,265
4595,264
4596,263
4597,267
4598,260
4599,268
4600,257
4601,271
4602,253
4603,272
4604,250
4605,275
4606,246
4607,276
4608,242
4609,279
4610,237
4611,281
4612,235
4613,284
4614,236
4615,286
4616,239
4617,289
4618,240
4619,291
4620,241
4621,294
4622,244
4623,295
4624,244
4625,291
4626,247
4627,289
4628,248
4629,287
4630,249
4631,284
4632,250
4633,281
4634,252
4635,279
4636,254
4637,276
4638,255
4639,273
4640,258
4641,270
4642,259
4643,267
4644,261
4645,264
4646,263
4647,262
4648,265
4649,258
4650,267
4651,255
4652,269
4653,251
4654,271
4655,248
4656,273
4657,243
4658,275
4659,239
4660,277
4661,235
4662,279
4663,233
4664,282
4665,234
4666,284
4667,237
4668,287
4669,238
4670,289
4671,240
4672,292
4673,242
4674,293
4675,243
4676,290
4677,245
4678,288
4679,245
4680,286
4681,248
4682,283
4683,249
4684,280
4685,252
4686,278
4687,253
4688,275
4689,256
4690,273
4691,257
4692,270
4693,259
4694,267
4695,261
4696,264
4697,262
4698,261
4699,264
4700,258
4701,266
4702,254
4703,269
4704,251
4705,271
4706,247
4707,273
4708,244
4709,275
4710,240
4711,277
4712,236
4713,279
4714,233
4715,282
4716,234
4717,283
4718,235
4719,286
4720,237
4721,288
4722,238
4723,290
4724,240
4725,292
4726,241
4727,289
4728,243
4729,286
4730,245
4731,284
4732,246
4733,282
4734,247
4735,279
4736,249
4737,277
4738,252
4739,274
4740,254
4741,271
4742,256
4743,268
4744,257
4745,265
4746,260
4747,262
4748,260
4749,259
4750,263
4751,256
4752,264
4753,252
4754,267
4755,249
4756,269
4757,245
4758,270
4759,242
4760,273
4761,237
4762,275
4763,232
4764,278
4765,231
4766,280
4767,233
4768,282
4769,235
4770,284
4771,236
4772,287
4773,237
4774,291
4775,240
4776,291
4777,241
4778,289
4779,243
4780,286
4781,245
4782,284
4783,246
4784,282
4785,248
4786,279
4787,249
4788,277
4789,252
4790,273
4791,253
4792,271
4793,256
4794,268
4795,257
4796,265
4797,259
4798,262
4799,261
4800,259
4801,263
4802,255
4803,264
4804,252
4805,266
4806,248
4807,268
4808,244
4809,270
4810,239
4811,272
4812,236
4813,274
4814,233
4815,276
4816,230
4817,278
4818,232
4819,280
4820,234
4821,283
4822,236
4823,286
4824,236
4825,288
4826,238
4827,290
4828,240
4829,287
4830,241
4831,285
4832,243
4833,282
4834,245
4835,280
4836,246
4837,277
4838,249
4839,275
4840,251
4841,272
4842,252
4843,270
4844,254
4845,267
4846,256
4847,265
4848,257
4849,261
4850,260
4851,257
4852,261
4853,254
4854,263
4855,251
4856,265
4857,247
4858,267
4859,243
4860,269
4861,241
4862,271
4863,236
4864,273
4865,230
4866,276
4867,229
4868,277
4869,232
4870,280
4871,233
4872,283
4873,235
4874,285
4875,236
4876,289
4877,238
4878,290
4879,240
4880,287
4881,241
4882,285
4883,243
4884,282
4885,245
4886,280
4887,246
4888,277
4889,248
4890,275
4891,250
4892,272
4893,252
4894,270
4895,254
4896,266
4897,256
4898,263
4899,257
4900,260
4901,258
4902,257
4903,261
4904,255
4905,263
4906,251
4907,265
4908,247
4909,267
4910,243
4911,269
4912,239
4913,271
4914,236
4915,274
4916,231
4917,276
4918,230
4919,278
4920,232
4921,281
4922,233
4923,283
4924,235
4925,285
4926,237
4927,288
4928,238
4929,290
4930,240
4931,287
4932,241
4933,285
4934,243
4935,281
4936,245
4937,280
4938,246
4939,277
4940,248
4941,275
4942,250
4943,272
4944,252
4945,269
4946,253
4947,266
4948,256
4949,263
4950,257
4951,260
4952,259
4953,257
4954,261
4955,253
4956,262
4957,250
4958,265
4959,247
4960,267
4961,243
4962,269
4963,239
4964,271
4965,235
4966,273
4967,232
4968,276
4969,230
4970,278
4971,231
4972,280
4973,233
4974,283
4975,235
4976,286
4977,236
4978,288
4979,238
4980,290
4981,240
4982,287
4983,241
4984,285
4985,243
4986,283
4987,244
4988,280
4989,246
4990,278
4991,248
4992,275
4993,250
4994,272
4995,252
4996,269
4997,253
4998,267
4999,255
5000,263
5001,257
5002,260
5003,259
5004,258
5005,261
5006,254
5007,263
5008,252
5009,265
5010,246
5011,267
5012,243
5013,270
5014,239
5015,271
5016,236
5017,273
5018,230
5019,275
5020,229
5021,278
5022,232
5023,280
5024,233
5025,283
5026,235
5027,285
5028,237
5029,288
5030,238
5031,290
5032,240
5033,287
5034,241
5035,285
5036,243
5037,283
5038,245
5039,280
5040,247
5041,278
5042,248
5043,275
5044,250
5045,272
5046,252
5047,270
5048,254
5049,267
5050,255
5051,264
5052,257
5053,261
5054,259
5055,258
5056,261
5057,254
5058,263
5059,251
5060,265
5061,247
5062,267
5063,244
5064,269
5065,240
5066,271
5067,236
5068,274
5069,231
5070,276
5071,230
5072,277
5073,232
5074,281
5075,233
5076,283
5077,235
5078,285
5079,236
5080,288
5081,238
5082,290
5083,240
5084,287
5085,241
5086,285
5087,243
5088,283
5089,245
5090,280
5091,247
5092,278
5093,249
5094,275
5095,250
5096,272
5097,251
5098,270
5099,253
5100,266
5101,256
5102,264
5103,257
5104,260
5105,259
5106,257
5107,261
5108,254
5109,263
5110,251
5111,265
5112,247
5113,267
5114,243
5115,269
5116,239
5117,271
5118,235
5119,274
5120,232
5121,276
5122,229
5123,278
5124,232
5125,280
5126,234
5127,283
5128,235
5129,285
5130,237
5131,288
5132,238
5133,290
5134,240
5135,287
5136,241
5137,285
5138,243
5139,282
5140,245
5141,280
5142,246
5143,277
5144,248
5145,275
5146,250
5147,272
5148,252
5149,269
5150,253
5151,266
5152,255
5153,263
5154,257
5155,261
5156,260
5157,258
5158,262
5159,255
5160,265
5161,253
5162,266
5163,248
5164,268
5165,246
5166,270
5167,240
5168,272
5169,237
5170,275
5171,233
5172,277
5173,231
5174,280
5175,232
5176,281
5177,234
5178,284
5179,236
5180,287
5181,237
5182,290
5183,239
5184,291
5185,241
5186,289
5187,243
5188,285
5189,245
5190,284
5191,246
5192,281
5193,248
5194,279
5195,249
5196,276
5197,251
5198,274
5199,253
5200,271
5201,255
5202,268
5203,257
5204,265
5205,259
5206,262
5207,260
5208,259
5209,263
5210,256
5211,265
5212,253
5213,267
5214,249
5215,269
5216,245
5217,271
5218,242
5219,273
5220,237
5221,275
5222,232
5223,278
5224,231
5225,280
5226,233
5227,283
5228,235
5229,284
5230,237
5231,288
5232,238
5233,289
5234,239
5235,291
5236,242
5237,289
5238,243
5239,287
5240,245
5241,285
5242,247
5243,282
5244,249
5245,281
5246,251
5247,278
5248,252
5249,275
5250,255
5251,273
5252,256
5253,270
5254,258
5255,268
5256,261
5257,264
5258,263
5259,261
5260,265
5261,258
5262,267
5263,255
5264,269
5265,251
5266,271
5267,247
5268,273
5269,243
5270,274
5271,239
5272,277
5273,235
5274,280
5275,233
5276,281
5277,235
5278,284
5279,236
5280,287
5281,238
5282,289
5283,239
5284,292
5285,241
5286,293
5287,243
5288,290
5289,245
5290,288
5291,246
5292,286
5293,248
5294,283
5295,249
5296,280
5297,251
5298,278
5299,252
5300,275
5301,255
5302,273
5303,257
5304,270
5305,258
5306,267
5307,261
5308,264
5309,262
5310,261
5311,263
5312,258
5313,266
5314,255
5315,269
5316,251
5317,270
5318,248
5319,273
5320,244
5321,274
5322,240
5323,277
5324,236
5325,279
5326,232
5327,281
5328,235
5329,285
5330,237
5331,287
5332,239
5333,290
5334,240
5335,292
5336,242
5337,294
5338,244
5339,292
5340,246
5341,289
5342,247
5343,287
5344,249
5345,284
5346,251
5347,282
5348,254
5349,279
5350,254
5351,277
5352,257
5353,274
5354,258
5355,271
5356,260
5357,268
5358,262
5359,266
5360,264
5361,263
5362,266
5363,259
5364,268
5365,256
5366,269
5367,252
5368,272
5369,249
5370,274
5371,245
5372,276
5373,241
5374,279
5375,236
5376,281
5377,234
5378,283
5379,236
5380,286
5381,238
5382,288
5383,239
5384,291
5385,240
5386,294
5387,242
5388,294
5389,244
5390,291
5391,246
5392,289
5393,248
5394,287
5395,249
5396,284
5397,251
5398,282
5399,253
5400,279
5401,255
5402,277
5403,256
5404,274
5405,258
5406,271
5407,260
5408,269
5409,262
5410,266
5411,264
5412,262
5413,266
5414,259
5415,268
5416,256
5417,270
5418,253
5419,272
5420,249
5421,274
5422,245
5423,276
5424,241
5425,279
5426,238
5427,281
5428,235
5429,283
5430,236
5431,286
5432,238
5433,288
5434,239
5435,291
5436,241
5437,294
5438,243
5439,294
5440,244
5441,292
5442,246
5443,290
5444,248
5445,287
5446,249
5447,284
5448,251
5449,282
5450,253
5451,279
5452,255
5453,277
5454,257
5455,274
5456,258
5457,272
5458,260
5459,268
5460,262
5461,266
5462,265
5463,262
5464,266
5465,259
5466,269
5467,256
5468,270
5469,252
5470,272
5471,249
5472,275
5473,245
5474,277
5475,241
5476,279
5477,237
5478,281
5479,234
5480,283
5481,236
5482,286
5483,238
5484,288
5485,239
5486,291
5487,241
5488,294
5489,243
5490,294
5491,244
5492,291
5493,246
5494,289
5495,248
5496,287
5497,249
5498,285
5499,251
5500,282
5501,253
5502,280
5503,255
5504,278
5505,257
5506,274
5507,259
5508,271
5509,260
5510,269
5511,263
5512,266
5513,264
5514,263
5515,266
5516,260
5517,269
5518,256
5519,270
5520,253
5521,272
5522,249
5523,275
5524,245
5525,277
5526,242
5527,278
5528,237
5529,281
5530,234
5531,283
5532,236
5533,286
5534,238
5535,288
5536,240
5537,291
5538,241
5539,294
5540,243
5541,294
5542,244
5543,292
5544,246
5545,289
5546,248
5547,287
5548,249
5549,285
5550,251
5551,282
5552,253
5553,280
5554,255
5555,277
5556,257
5557,274
5558,258
5559,272
5560,260
5561,268
5562,262
5563,266
5564,264
5565,263
5566,266
5567,259
5568,268
5569,256
5570,270
5571,253
5572,272
5573,249
5574,274
5575,245
5576,276
5577,241
5578,279
5579,238
5580,281
5581,234
5582,283
5583,236
5584,286
5585,238
5586,288
5587,239
5588,291
5589,241
5590,294
5591,242
5592,294
5593,244
5594,291
5595,246
5596,289
5597,248
5598,287
5599,250
5600,284
5601,251
5602,282
5603,252
5604,279
5605,255
5606,277
5607,257
5608,275
5609,259
5610,272
5611,260
5612,268
5613,261
5614,266
5615,264
5616,262
5617,266
5618,259
5619,268
5620,256
5621,271
5622,253
5623,272
5624,249
5625,274
5626,245
5627,277
5628,241
5629,279
5630,236
5631,280
5632,234
5633,283
5634,236
5635,286
5636,238
5637,288
5638,240
5639,291
5640,241
5641,294
5642,243
5643,294
5644,244
5645,291
5646,246
5647,290
5648,248
5649,287
5650,249
5651,285
5652,251
5653,282
5654,253
5655,280
5656,255
5657,277
5658,257
5659,274
5660,258
5661,271
5662,260
5663,268
5664,262
5665,266
5666,264
5667,263
5668,266
5669,259
5670,268
5671,257
5672,270
5673,253
5674,272
5675,248
5676,274
5677,245
5678,276
5679,240
5680,278
5681,235
5682,280
5683,234
5684,282
5685,234
5686,285
5687,237
5688,287
5689,238
5690,289
5691,240
5692,292
5693,241
5694,293
5695,243
5696,291
5697,244
5698,287
5699,246
5700,286
5701,248
5702,283
5703,250
5704,281
5705,251
5706,278
5707,253
5708,276
5709,255
5710,273
5711,257
5712,270
5713,259
5714,267
5715,261
5716,264
5717,262
5718,261
5719,265
5720,258
5721,266
5722,254
5723,269
5724,252
5725,271
5726,247
5727,273
5728,244
5729,275
5730,240
5731,278
5732,235
5733,279
5734,233
5735,282
5736,234
5737,284
5738,236
5739,287
5740,239
5741,289
5742,239
5743,292
5744,241
5745,293
5746,242
5747,291
5748,245
5749,288
5750,246
5751,286
5752,248
5753,283
5754,250
5755,280
5756,252
5757,278
5758,253
5759,275
5760,255
5761,273
5762,257
5763,269
5764,258
5765,266
5766,259
5767,263
5768,262
5769,259
5770,263
5771,257
5772,265
5773,253
5774,267
5775,249
5776,269
5777,245
5778,271
5779,242
5780,273
5781,238
5782,275
5783,232
5784,277
5785,231
5786,280
5787,233
5788,282
5789,235
5790,285
5791,237
5792,286
5793,238
5794,289
5795,240
5796,291
5797,241
5798,289
5799,243
5800,286
5801,245
5802,284
5803,246
5804,281
5805,248
5806,279
5807,250
5808,277
5809,252
5810,273
5811,253
5812,272
5813,255
5814,268
5815,257
5816,266
5817,259
5818,262
5819,260
5820,259
5821,262
5822,256
5823,264
5824,252
5825,266
5826,249
5827,269
5828,245
5829,271
5830,241
5831,273
5832,238
5833,275
5834,233
5835,277
5836,231
5837,280
5838,233
5839,282
5840,235
5841,285
5842,236
5843,288
5844,238
5845,290
5846,239
5847,291
5848,242
5849,289
5850,243
5851,286
5852,244
5853,283
5854,245
5855,280
5856,247
5857,278
5858,249
5859,275
5860,250
5861,272
5862,252
5863,269
5864,253
5865,267
5866,256
5867,263
5868,257
5869,261
5870,259
5871,258
5872,261
5873,254
5874,263
5875,251
5876,265
5877,247
5878,267
5879,243
5880,269
5881,240
5882,271
5883,236
5884,273
5885,231
5886,276
5887,230
5888,278
5889,232
5890,281
5891,234
5892,283
5893,236
5894,285
5895,237
5896,289
5897,238
5898,291
5899,240
5900,287
5901,242
5902,285
5903,243
5904,283
5905,245
5906,280
5907,247
5908,278
5909,249
5910,275
5911,250
5912,272
5913,252
5914,269
5915,254
5916,267
5917,256
5918,264
5919,258
5920,261
5921,259
5922,258
5923,261
5924,255
5925,263
5926,250
5927,265
5928,248
5929,267
5930,243
5931,269
5932,240
5933,271
5934,235
5935,273
5936,231
5937,276
5938,231
5939,278
5940,232
5941,281
5942,234
5943,283
5944,235
5945,285
5946,237
5947,288
5948,238
5949,290
5950,240
5951,288
5952,241
5953,285
5954,243
5955,283
5956,245
5957,280
5958,247
5959,277
5960,248
5961,275
5962,250
5963,272
5964,252
5965,269
5966,253
5967,266
5968,256
5969,263
5970,257
5971,261
5972,259
5973,257
5974,261
5975,254
5976,263
5977,251
5978,265
5979,247
5980,267
5981,243
5982,269
5983,239
5984,271
5985,235
5986,274
5987,230
5988,276
5989,230
5990,278
5991,232
5992,280
5993,234
5994,282
5995,235
5996,285
5997,237
5998,288
5999,237
6000,290
6001,239
6002,287
6003,241
6004,286
6005,243
6006,282
6007,244
6008,281
6009,246
6010,277
6011,247
6012,274
6013,250
6014,272
6015,252
6016,270
6017,253
6018,267
6019,255
6020,264
6021,257
6022,260
6023,258
6024,257
6025,260
6026,254
6027,263
6028,251
6029,264
6030,247
6031,267
6032,243
6033,270
6034,239
6035,271
6036,235
6037,273
6038,231
6039,276
6040,230
6041,278
6042,232
6043,280
6044,233
6045,282
6046,234
6047,285
6048,236
6049,288
6050,238
6051,290
6052,240
6053,287
6054,241
6055,285
6056,243
6057,282
6058,244
6059,279
6060,246
6061,277
6062,248
6063,274
6064,250
6065,272
6066,251
6067,269
6068,253
6069,266
6070,255
6071,263
6072,257
6073,260
6074,259
6075,257
6076,261
6077,254
6078,263
6079,251
6080,266
6081,247
6082,266
6083,244
6084,269
6085,239
6086,270
6087,235
6088,273
6089,230
6090,276
6091,230
6092,278
6093,232
6094,281
6095,233
6096,282
6097,235
6098,285
6099,236
6100,288
6101,238
6102,290
6103,240
6104,287
6105,241
6106,285
6107,243
6108,282
6109,245
6110,280
6111,246
6112,277
6113,248
6114,275
6115,250
6116,273
6117,252
6118,269
6119,254
6120,266
6121,255
6122,265
6123,257
6124,261
6125,258
6126,257
6127,261
6128,255
6129,263
6130,252
6131,265
6132,247
6133,267
6134,244
6135,269
6136,239
6137,271
6138,235
6139,274
6140,230
6141,276
6142,230
6143,278
6144,232
6145,280
6146,233
6147,282
6148,235
6149,285
6150,236
6151,288
6152,238
6153,290
6154,239
6155,287
6156,241
6157,285
6158,243
6159,282
6160,244
6161,280
6162,246
6163,277
6164,248
6165,274
6166,250
6167,272
6168,252
6169,269
6170,254
6171,267
6172,255
6173,263
6174,257
6175,261
6176,259
6177,257
6178,261
6179,255
6180,263
6181,251
6182,265
6183,247
6184,267
6185,243
6186,269
6187,239
6188,271
6189,235
6190,273
6191,231
6192,275
6193,230
6194,278
6195,232
6196,280
6197,234
6198,283
6199,235
6200,286
6201,236
6202,289
6203,239
6204,291
6205,241
6206,289
6207,242
6208,286
6209,244
6210,283
6211,246
6212,282
6213,247
6214,279
6215,249
6216,276
6217,251
6218,274
6219,253
6220,271
6221,256
6222,268
6223,256
6224,265
6225,259
6226,263
6227,261
6228,259
6229,263
6230,256
6231,265
6232,252
6233,267
6234,249
6235,269
6236,245
6237,271
6238,241
6239,274
6240,237
6241,275
6242,234
6243,277
6244,230
6245,279
6246,233
6247,282
6248,235
6249,285
6250,236
6251,287
6252,238
6253,290
6254,239
6255,291
6256,241
6257,289
6258,243
6259,286
6260,245
6261,283
6262,246
6263,281
6264,248
6265,279
6266,250
6267,276
6268,251
6269,274
6270,253
6271,271
6272,255
6273,267
6274,257
6275,265
6276,259
6277,262
6278,261
6279,259
6280,263
6281,255
6282,264
6283,252
6284,267
6285,249
6286,269
6287,246
6288,272
6289,243
6290,273
6291,239
6292,276
6293,235
6294,278
6295,233
6296,281
6297,235
6298,283
6299,236
6300,286
6301,237
6302,289
6303,239
6304,292
6305,241
6306,292
6307,243
6308,290
6309,244
6310,287
6311,246
6312,286
6313,247
6314,283
6315,249
6316,280
6317,251
6318,278
6319,253
6320,275
6321,255
6322,272
6323,257
6324,270
6325,259
6326,267
6327,260
6328,264
6329,263
6330,261
6331,264
6332,258
6333,267
6334,254
6335,268
6336,251
6337,271
6338,247
6339,272
6340,243
6341,275
6342,239
6343,277
6344,235
6345,279
6346,233
6347,282
6348,235
6349,284
6350,236
6351,287
6352,238
6353,289
6354,240
6355,292
6356,241
6357,293
6358,243
6359,290
6360,245
6361,288
6362,246
6363,285
6364,248
6365,282
6366,250
6367,280
6368,251
6369,278
6370,254
6371,275
6372,255
6373,273
6374,258
6375,270
6376,260
6377,269
6378,262
6379,265
6380,264
6381,262
6382,266
6383,259
6384,269
6385,256
6386,270
6387,253
6388,272
6389,250
6390,274
6391,245
6392,276
6393,242
6394,279
6395,237
6396,281
6397,234
6398,283
6399,236
6400,285
6401,238
6402,288
6403,239
6404,291
6405,241
6406,294
6407,242
6408,294
6409,244
6410,291
6411,246
6412,289
6413,248
6414,287
6415,249
6416,285
6417,251
6418,282
6419,253
6420,280
6421,255
6422,277
6423,256
6424,275
6425,259
6426,271
6427,260
6428,269
6429,262
6430,266
6431,264
6432,262
6433,265
6434,259
6435,268
6436,256
6437,270
6438,253
6439,272
6440,249
6441,274
6442,246
6443,276
6444,241
6445,279
6446,238
6447,281
6448,234
6449,283
6450,235
6451,286
6452,238
6453,287
6454,239
6455,291
6456,241
6457,293
6458,243
6459,294
6460,244
6461,291
6462,246
6463,289
6464,248
6465,286
6466,249
6467,285
6468,251
6469,282
6470,253
6471,279
6472,255
6473,277
6474,256
6475,275
6476,258
6477,271
6478,260
6479,269
6480,262
6481,266
6482,264
6483,262
6484,266
6485,259
6486,268
6487,256
6488,270
6489,253
6490,272
6491,249
6492,274
6493,245
6494,276
6495,241
6496,279
6497,237
6498,281
6499,234
6500,283
6501,236
6502,286
6503,238
6504,288
6505,239
6506,291
6507,241
6508,294
6509,243
6510,294
6511,244
6512,291
6513,246
6514,289
6515,248
6516,287
6517,250
6518,284
6519,251
6520,282
6521,253
6522,280
6523,255
6524,277
6525,257
6526,274
6527,259
6528,272
6529,261
6530,269
6531,263
6532,266
6533,264
6534,263
6535,267
6536,260
6537,269
6538,256
6539,271
6540,254
6541,273
6542,250
6543,275
6544,246
6545,277
6546,242
6547,279
6548,237
6549,281
6550,235
6551,284
6552,236
6553,285
6554,238
6555,288
6556,240
6557,291
6558,241
6559,295
6560,243
6561,294
6562,245
6563,292
6564,246
6565,289
6566,248
6567,287
6568,250
6569,285
6570,252
6571,283
6572,253
6573,279
6574,255
6575,277
6576,257
6577,275
6578,258
6579,271
6580,261
6581,269
6582,263
6583,266
6584,264
6585,264
6586,266
6587,259
6588,269
6589,256
6590,271
6591,253
6592,272
6593,250
6594,274
6595,245
6596,277
6597,241
6598,279
6599,237
6600,281
6601,234
6602,284
6603,236
6604,286
6605,238
6606,289
6607,240
6608,291
6609,241
6610,294
6611,243
6612,294
6613,244
6614,291
6615,246
6616,290
6617,248
6618,286
6619,250
6620,284
6621,251
6622,282
6623,253
6624,279
6625,255
6626,277
6627,256
6628,274
6629,259
6630,271
6631,260
6632,269
6633,262
6634,265
6635,264
6636,262
6637,266
6638,259
6639,269
6640,257
6641,270
6642,252
6643,273
6644,249
6645,274
6646,246
6647,277
6648,241
6649,278
6650,238
6651,282
6652,234
6653,283
6654,236
6655,285
6656,237
6657,288
6658,239
6659,292
6660,241
6661,294
6662,243
6663,294
6664,244
6665,291
6666,246
6667,289
6668,248
6669,287
6670,249
6671,284
6672,251
6673,282
6674,253
6675,279
6676,255
6677,277
6678,256
6679,274
6680,259
6681,271
6682,260
6683,269
6684,263
6685,265
6686,264
6687,262
6688,266
6689,259
6690,268
6691,256
6692,270
6693,252
6694,273
6695,250
6696,274
6697,245
6698,276
6699,241
6700,279
6701,237
6702,281
6703,234
6704,283
6705,236
6706,286
6707,238
6708,288
6709,239
6710,291
6711,241
6712,294
6713,242
6714,294
6715,244
6716,291
6717,246
6718,289
6719,248
6720,287
6721,249
6722,284
6723,251
6724,281
6725,252
6726,278
6727,254
6728,276
6729,255
6730,273
6731,257
6732,271
6733,259
6734,268
6735,261
6736,264
6737,263
6738,261
6739,265
6740,258
6741,266
6742,254
6743,269
6744,251
6745,271
6746,247
6747,273
6748,243
6749,275
6750,239
6751,277
6752,235
6753,279
6754,233
6755,282
6756,235
6757,284
6758,236
6759,287
6760,238
6761,289
6762,240
6763,291
6764,241
6765,292
6766,243
6767,290
6768,244
6769,288
6770,246
6771,286
6772,248
6773,284
6774,249
6775,280
6776,251
6777,278
6778,252
6779,275
6780,255
6781,273
6782,256
6783,270
6784,259
6785,267
6786,261
6787,265
6788,263
6789,261
6790,264
6791,259
6792,266
6793,255
6794,269
6795,251
6796,270
6797,247
6798,272
6799,244
6800,275
6801,240
6802,277
6803,235
6804,279
6805,233
6806,281
6807,234
6808,284
6809,237
6810,287
6811,238
6812,288
6813,239
6814,291
6815,240
6816,292
6817,241
6818,289
6819,243
6820,287
6821,245
6822,284
6823,247
6824,282
6825,248
6826,279
6827,250
6828,277
6829,252
6830,274
6831,253
6832,271
6833,256
6834,269
6835,257
6836,265
6837,259
6838,262
6839,261
6840,259
6841,263
6842,256
6843,265
6844,252
6845,267
6846,249
6847,269
6848,246
6849,271
6850,241
6851,273
6852,238
6853,275
6854,234
6855,277
6856,232
6857,280
6858,232
6859,282
6860,235
6861,284
6862,236
6863,287
6864,238
6865,290
6866,239
6867,290
6868,241
6869,289
6870,243
6871,286
6872,244
6873,284
6874,246
6875,282
6876,248
6877,279
6878,250
6879,276
6880,251
6881,273
6882,253
6883,271
6884,255
6885,268
6886,257
6887,265
6888,259
6889,262
6890,261
6891,259
6892,263
6893,256
6894,265
6895,252
6896,267
6897,249
6898,269
6899,245
6900,270
6901,241
6902,272
6903,236
6904,274
6905,231
6906,276
6907,230
6908,278
6909,232
6910,280
6911,234
6912,282
6913,235
6914,285
6915,237
6916,288
6917,238
6918,290
6919,240
6920,287
6921,241
6922,285
6923,243
6924,283
6925,245
6926,280
6927,246
6928,277
6929,248
6930,275
6931,250
6932,272
6933,251
6934,269
6935,253
6936,266
6937,256
6938,264
6939,257
6940,261
6941,260
6942,257
6943,261
6944,254
6945,263
6946,250
6947,265
6948,247
6949,267
6950,243
6951,269
6952,240
6953,271
6954,235
6955,273
6956,232
6957,275
6958,230
6959,278
6960,232
6961,280
6962,233
6963,282
6964,235
6965,285
6966,236
6967,289
6968,238
6969,290
6970,240
6971,287
6972,241
6973,285
6974,243
6975,282
6976,244
6977,280
6978,246
6979,277
6980,248
6981,275
6982,250
6983,272
6984,252
6985,269
6986,253
6987,266
6988,255
6989,263
6990,257
6991,260
6992,259
6993,257
6994,261
6995,254
6996,263
6997,250
6998,265
6999,247
7000,266
