1,0
2,0
3,0
4,0
5,0
6,0
7,0
8,0
9,0
10,0
11,0
12,0
13,0
14,0
15,67
16,67
17,67
18,67
19,67
20,67
21,67
22,67
23,67
24,67
25,67
26,67
27,67
28,67
29,67
30,202
31,202
32,202
33,202
34,202
35,202
36,202
37,202
38,202
39,202
40,202
41,202
42,202
43,202
44,202
45,263
46,263
47,263
48,263
49,263
50,263
51,263
52,263
53,263
54,263
55,263
56,263
57,263
58,263
59,263
60,278
61,278
62,278
63,278
64,278
65,278
66,278
67,278
68,278
69,278
70,278
71,278
72,278
73,278
74,278
75,282
76,282
77,282
78,282
79,282
80,282
81,282
82,282
83,282
84,282
85,282
86,282
87,282
88,282
89,282
90,299
91,299
92,299
93,299
94,299
95,299
96,299
97,299
98,299
99,299
100,299
101,299
102,299
103,299
104,299
105,301
106,301
107,301
108,301
109,301
110,301
111,301
112,301
113,301
114,301
115,301
116,301
117,301
118,301
119,301
120,300
121,300
122,300
123,300
124,300
125,300
126,300
127,300
128,300
129,300
130,300
131,300
132,300
133,300
134,300
135,305
136,305
137,305
138,305
139,305
140,305
141,305
142,305
143,305
144,305
145,305
146,305
147,305
148,305
149,305
150,309
151,309
152,309
153,309
154,309
155,309
156,309
157,309
158,309
159,309
160,309
161,309
162,309
163,309
164,309
165,308
166,308
167,308
168,308
169,308
170,308
171,308
172,308
173,308
174,308
175,308
176,308
177,308
178,308
179,308
180,305
181,305
182,305
183,305
184,305
185,305
186,305
187,305
188,305
189,305
190,305
191,305
192,305
193,305
194,305
195,312
196,312
197,312
198,312
199,312
200,312
201,312
202,312
203,312
204,312
205,312
206,312
207,312
208,312
209,312
210,312
211,312
212,312
213,312
214,312
215,312
216,312
217,312
218,312
219,312
220,312
221,312
222,312
223,312
224,312
225,308
226,308
227,308
228,308
229,308
230,308
231,308
232,308
233,308
234,308
235,308
236,308
237,308
238,308
239,308
240,310
241,310
242,310
243,310
244,310
245,310
246,310
247,310
248,310
249,310
250,310
251,310
252,310
253,310
254,310
255,316
256,316
257,316
258,316
259,316
260,316
261,316
262,316
263,316
264,316
265,316
266,316
267,316
268,316
269,316
270,311
271,311
272,311
273,311
274,311
275,311
276,311
277,311
278,311
279,311
280,311
281,311
282,311
283,311
284,311
285,306
286,306
287,306
288,306
289,306
290,306
291,306
292,306
293,306
294,306
295,306
296,306
297,306
298,306
299,306
300,318
301,318
302,318
303,318
304,318
305,318
306,318
307,318
308,318
309,318
310,318
311,318
312,318
313,318
314,318
315,313
316,313
317,313
318,313
319,313
320,313
321,313
322,313
323,313
324,313
325,313
326,313
327,313
328,313
329,313
330,307
331,307
332,307
333,307
334,307
335,307
336,307
337,307
338,307
339,307
340,307
341,307
342,307
343,307
344,307
345,318
346,318
347,318
348,318
349,318
350,318
351,318
352,318
353,318
354,318
355,318
356,318
357,318
358,318
359,318
360,315
361,315
362,315
363,315
364,315
365,315
366,315
367,315
368,315
369,315
370,315
371,315
372,315
373,315
374,315
375,310
376,310
377,310
378,310
379,310
380,310
381,310
382,310
383,310
384,310
385,310
386,310
387,310
388,310
389,310
390,313
391,313
392,313
393,313
394,313
395,313
396,313
397,313
398,313
399,313
400,313
401,313
402,313
403,313
404,313
405,316
406,316
407,316
408,316
409,316
410,316
411,316
412,316
413,316
414,316
415,316
416,316
417,316
418,316
419,316
420,313
421,313
422,313
423,313
424,313
425,313
426,313
427,313
428,313
429,313
430,313
431,313
432,313
433,313
434,313
435,310
436,310
437,310
438,310
439,310
440,310
441,310
442,310
443,310
444,310
445,310
446,310
447,310
448,310
449,310
450,315
451,315
452,315
453,315
454,315
455,315
456,315
457,315
458,315
459,315
460,315
461,315
462,315
463,315
464,315
465,315
466,315
467,315
468,315
469,315
470,315
471,315
472,315
473,315
474,315
475,315
476,315
477,315
478,315
479,315
480,309
481,309
482,309
483,309
484,309
485,309
486,309
487,309
488,309
489,309
490,309
491,309
492,309
493,309
494,309
495,311
496,311
497,311
498,311
499,311
500,311
501,311
502,311
503,311
504,311
505,311
506,311
507,311
508,311
509,311
510,317
511,317
512,317
513,317
514,317
515,317
516,317
517,317
518,317
519,317
520,317
521,317
522,317
523,317
524,317
525,311
526,311
527,311
528,311
529,311
530,311
531,311
532,311
533,311
534,311
535,311
536,311
537,311
538,311
539,311
540,305
541,305
542,305
543,305
544,305
545,305
546,305
547,305
548,305
549,305
550,305
551,305
552,305
553,305
554,305
555,317
556,317
557,317
558,317
559,317
560,317
561,317
562,317
563,317
564,317
565,317
566,317
567,317
568,317
569,317
570,312
571,312
572,312
573,312
574,312
575,312
576,312
577,312
578,312
579,312
580,312
581,312
582,312
583,312
584,312
585,304
586,304
587,304
588,304
589,304
590,304
591,304
592,304
593,304
594,304
595,304
596,304
597,304
598,304
599,304
600,315
601,315
602,315
603,315
604,315
605,315
606,315
607,315
608,315
609,315
610,315
611,315
612,315
613,315
614,315
615,313
616,313
617,313
618,313
619,313
620,313
621,313
622,313
623,313
624,313
625,313
626,313
627,313
628,313
629,313
630,306
631,306
632,306
633,306
634,306
635,306
636,306
637,306
638,306
639,306
640,306
641,306
642,306
643,306
644,306
645,309
646,309
647,309
648,309
649,309
650,309
651,309
652,309
653,309
654,309
655,309
656,309
657,309
658,309
659,309
660,312
661,312
662,312
663,312
664,312
665,312
666,312
667,312
668,312
669,312
670,312
671,312
672,312
673,312
674,312
675,309
676,309
677,309
678,309
679,309
680,309
681,309
682,309
683,309
684,309
685,309
686,309
687,309
688,309
689,309
690,305
691,305
692,305
693,305
694,305
695,305
696,305
697,305
698,305
699,305
700,305
701,305
702,305
703,305
704,305
705,312
706,312
707,312
708,312
709,312
710,312
711,312
712,312
713,312
714,312
715,312
716,312
717,312
718,312
719,312
720,312
721,312
722,312
723,312
724,312
725,312
726,312
727,312
728,312
729,312
730,312
731,312
732,312
733,312
734,312
735,306
736,306
737,306
738,306
739,306
740,306
741,306
742,306
743,306
744,306
745,306
746,306
747,306
748,306
749,306
750,308
751,308
752,308
753,308
754,308
755,308
756,308
757,308
758,308
759,308
760,308
761,308
762,308
763,308
764,308
765,314
766,314
767,314
768,314
769,314
770,314
771,314
772,314
773,314
774,314
775,314
776,314
777,314
778,314
779,314
780,308
781,308
782,308
783,308
784,308
785,308
786,308
787,308
788,308
789,308
790,308
791,308
792,308
793,308
794,308
795,303
796,303
797,303
798,303
799,303
800,303
801,303
802,303
803,303
804,303
805,303
806,303
807,303
808,303
809,303
810,316
811,316
812,316
813,316
814,316
815,316
816,316
817,316
818,316
819,316
820,316
821,316
822,316
823,316
824,316
825,310
826,310
827,310
828,310
829,310
830,310
831,310
832,310
833,310
834,310
835,310
836,310
837,310
838,310
839,310
840,302
841,302
842,302
843,302
844,302
845,302
846,302
847,302
848,302
849,302
850,302
851,302
852,302
853,302
854,302
855,314
856,314
857,314
858,314
859,314
860,314
861,314
862,314
863,314
864,314
865,314
866,314
867,314
868,314
869,314
870,311
871,311
872,311
873,311
874,311
875,311
876,311
877,311
878,311
879,311
880,311
881,311
882,311
883,311
884,311
885,306
886,306
887,306
888,306
889,306
890,306
891,306
892,306
893,306
894,306
895,306
896,306
897,306
898,306
899,306
900,309
901,309
902,309
903,309
904,309
905,309
906,309
907,309
908,309
909,309
910,309
911,309
912,309
913,309
914,309
915,312
916,312
917,312
918,312
919,312
920,312
921,312
922,312
923,312
924,312
925,312
926,312
927,312
928,312
929,312
930,309
931,309
932,309
933,309
934,309
935,309
936,309
937,309
938,309
939,309
940,309
941,309
942,309
943,309
944,309
945,305
946,305
947,305
948,305
949,305
950,305
951,305
952,305
953,305
954,305
955,305
956,305
957,305
958,305
959,305
960,312
961,312
962,312
963,312
964,312
965,312
966,312
967,312
968,312
969,312
970,312
971,312
972,312
973,312
974,312
975,313
976,313
977,313
978,313
979,313
980,313
981,313
982,313
983,313
984,313
985,313
986,313
987,313
988,313
989,313
990,308
991,308
992,308
993,308
994,308
995,308
996,308
997,308
998,308
999,308
1000,308
1001,308
1002,308
1003,308
1004,308
1005,311
1006,311
1007,311
1008,311
1009,311
1010,311
1011,311
1012,311
1013,311
1014,311
1015,311
1016,311
1017,311
1018,311
1019,311
1020,316
1021,316
1022,316
1023,316
1024,316
1025,316
1026,316
1027,316
1028,316
1029,316
1030,316
1031,316
1032,316
1033,316
1034,316
1035,310
1036,310
1037,310
1038,310
1039,310
1040,310
1041,310
1042,310
1043,310
1044,310
1045,310
1046,310
1047,310
1048,310
1049,310
1050,305
1051,305
1052,305
1053,305
1054,305
1055,305
1056,305
1057,305
1058,305
1059,305
1060,305
1061,305
1062,305
1063,305
1064,305
1065,319
1066,319
1067,319
1068,319
1069,319
1070,319
1071,319
1072,319
1073,319
1074,319
1075,319
1076,319
1077,319
1078,319
1079,319
1080,314
1081,314
1082,314
1083,314
1084,314
1085,314
1086,314
1087,314
1088,314
1089,314
1090,314
1091,314
1092,314
1093,314
1094,314
1095,307
1096,307
1097,307
1098,307
1099,307
1100,307
1101,307
1102,307
1103,307
1104,307
1105,307
1106,307
1107,307
1108,307
1109,307
1110,318
1111,318
1112,318
1113,318
1114,318
1115,318
1116,318
1117,318
1118,318
1119,318
1120,318
1121,318
1122,318
1123,318
1124,318
1125,315
1126,315
1127,315
1128,315
1129,315
1130,315
1131,315
1132,315
1133,315
1134,315
1135,315
1136,315
1137,315
1138,315
1139,315
1140,310
1141,310
1142,310
1143,310
1144,310
1145,310
1146,310
1147,310
1148,310
1149,310
1150,310
1151,310
1152,310
1153,310
1154,310
1155,315
1156,315
1157,315
1158,315
1159,315
1160,315
1161,315
1162,315
1163,315
1164,315
1165,315
1166,315
1167,315
1168,315
1169,315
1170,318
1171,318
1172,318
1173,318
1174,318
1175,318
1176,318
1177,318
1178,318
1179,318
1180,318
1181,318
1182,318
1183,318
1184,318
1185,315
1186,315
1187,315
1188,315
1189,315
1190,315
1191,315
1192,315
1193,315
1194,315
1195,315
1196,315
1197,315
1198,315
1199,315
1200,312
1201,312
1202,312
1203,312
1204,312
1205,312
1206,312
1207,312
1208,312
1209,312
1210,312
1211,312
1212,312
1213,312
1214,312
1215,317
1216,317
1217,317
1218,317
1219,317
1220,317
1221,317
1222,317
1223,317
1224,317
1225,317
1226,317
1227,317
1228,317
1229,317
1230,318
1231,318
1232,318
1233,318
1234,318
1235,318
1236,318
1237,318
1238,318
1239,318
1240,318
1241,318
1242,318
1243,318
1244,318
1245,312
1246,312
1247,312
1248,312
1249,312
1250,312
1251,312
1252,312
1253,312
1254,312
1255,312
1256,312
1257,312
1258,312
1259,312
1260,314
1261,314
1262,314
1263,314
1264,314
1265,314
1266,314
1267,314
1268,314
1269,314
1270,314
1271,314
1272,314
1273,314
1274,314
1275,320
1276,320
1277,320
1278,320
1279,320
1280,320
1281,320
1282,320
1283,320
1284,320
1285,320
1286,320
1287,320
1288,320
1289,320
1290,314
1291,314
1292,314
1293,314
1294,314
1295,314
1296,314
1297,314
1298,314
1299,314
1300,314
1301,314
1302,314
1303,314
1304,314
1305,310
1306,310
1307,310
1308,310
1309,310
1310,310
1311,310
1312,310
1313,310
1314,310
1315,310
1316,310
1317,310
1318,310
1319,310
1320,321
1321,321
1322,321
1323,321
1324,321
1325,321
1326,321
1327,321
1328,321
1329,321
1330,321
1331,321
1332,321
1333,321
1334,321
1335,316
1336,316
1337,316
1338,316
1339,316
1340,316
1341,316
1342,316
1343,316
1344,316
1345,316
1346,316
1347,316
1348,316
1349,316
1350,309
1351,309
1352,309
1353,309
1354,309
1355,309
1356,309
1357,309
1358,309
1359,309
1360,309
1361,309
1362,309
1363,309
1364,309
1365,320
1366,320
1367,320
1368,320
1369,320
1370,320
1371,320
1372,320
1373,320
1374,320
1375,320
1376,320
1377,320
1378,320
1379,320
1380,317
1381,317
1382,317
1383,317
1384,317
1385,317
1386,317
1387,317
1388,317
1389,317
1390,317
1391,317
1392,317
1393,317
1394,317
1395,312
1396,312
1397,312
1398,312
1399,312
1400,312
1401,312
1402,312
1403,312
1404,312
1405,312
1406,312
1407,312
1408,312
1409,312
1410,315
1411,315
1412,315
1413,315
1414,315
1415,315
1416,315
1417,315
1418,315
1419,315
1420,315
1421,315
1422,315
1423,315
1424,315
1425,318
1426,318
1427,318
1428,318
1429,318
1430,318
1431,318
1432,318
1433,318
1434,318
1435,318
1436,318
1437,318
1438,318
1439,318
1440,316
1441,316
1442,316
1443,316
1444,316
1445,316
1446,316
1447,316
1448,316
1449,316
1450,316
1451,316
1452,316
1453,316
1454,316
1455,312
1456,312
1457,312
1458,312
1459,312
1460,312
1461,312
1462,312
1463,312
1464,312
1465,312
1466,312
1467,312
1468,312
1469,312
1470,318
1471,318
1472,318
1473,318
1474,318
1475,318
1476,318
1477,318
1478,318
1479,318
1480,318
1481,318
1482,318
1483,318
1484,318
1485,318
1486,318
1487,318
1488,318
1489,318
1490,318
1491,318
1492,318
1493,318
1494,318
1495,318
1496,318
1497,318
1498,318
1499,318
1500,311
1501,311
1502,311
1503,311
1504,311
1505,311
1506,311
1507,311
1508,311
1509,311
1510,311
1511,311
1512,311
1513,311
1514,311
1515,312
1516,312
1517,312
1518,312
1519,312
1520,312
1521,312
1522,312
1523,312
1524,312
1525,312
1526,312
1527,312
1528,312
1529,312
1530,318
1531,318
1532,318
1533,318
1534,318
1535,318
1536,318
1537,318
1538,318
1539,318
1540,318
1541,318
1542,318
1543,318
1544,318
1545,313
1546,313
1547,313
1548,313
1549,313
1550,313
1551,313
1552,313
1553,313
1554,313
1555,313
1556,313
1557,313
1558,313
1559,313
1560,308
1561,308
1562,308
1563,308
1564,308
1565,308
1566,308
1567,308
1568,308
1569,308
1570,308
1571,308
1572,308
1573,308
1574,308
1575,320
1576,320
1577,320
1578,320
1579,320
1580,320
1581,320
1582,320
1583,320
1584,320
1585,320
1586,320
1587,320
1588,320
1589,320
1590,313
1591,313
1592,313
1593,313
1594,313
1595,313
1596,313
1597,313
1598,313
1599,313
1600,313
1601,313
1602,313
1603,313
1604,313
1605,305
1606,305
1607,305
1608,305
1609,305
1610,305
1611,305
1612,305
1613,305
1614,305
1615,305
1616,305
1617,305
1618,305
1619,305
1620,316
1621,316
1622,316
1623,316
1624,316
1625,316
1626,316
1627,316
1628,316
1629,316
1630,316
1631,316
1632,316
1633,316
1634,316
1635,313
1636,313
1637,313
1638,313
1639,313
1640,313
1641,313
1642,313
1643,313
1644,313
1645,313
1646,313
1647,313
1648,313
1649,313
1650,308
1651,308
1652,308
1653,308
1654,308
1655,308
1656,308
1657,308
1658,308
1659,308
1660,308
1661,308
1662,308
1663,308
1664,308
1665,311
1666,311
1667,311
1668,311
1669,311
1670,311
1671,311
1672,311
1673,311
1674,311
1675,311
1676,311
1677,311
1678,311
1679,311
1680,313
1681,313
1682,313
1683,313
1684,313
1685,313
1686,313
1687,313
1688,313
1689,313
1690,313
1691,313
1692,313
1693,313
1694,313
1695,310
1696,310
1697,310
1698,310
1699,310
1700,310
1701,310
1702,310
1703,310
1704,310
1705,310
1706,310
1707,310
1708,310
1709,310
1710,306
1711,306
1712,306
1713,306
1714,306
1715,306
1716,306
1717,306
1718,306
1719,306
1720,306
1721,306
1722,306
1723,306
1724,306
1725,312
1726,312
1727,312
1728,312
1729,312
1730,312
1731,312
1732,312
1733,312
1734,312
1735,312
1736,312
1737,312
1738,312
1739,312
1740,312
1741,312
1742,312
1743,312
1744,312
1745,312
1746,312
1747,312
1748,312
1749,312
1750,312
1751,312
1752,312
1753,312
1754,312
1755,306
1756,306
1757,306
1758,306
1759,306
1760,306
1761,306
1762,306
1763,306
1764,306
1765,306
1766,306
1767,306
1768,306
1769,306
1770,309
1771,309
1772,309
1773,309
1774,309
1775,309
1776,309
1777,309
1778,309
1779,309
1780,309
1781,309
1782,309
1783,309
1784,309
1785,315
1786,315
1787,315
1788,315
1789,315
1790,315
1791,315
1792,315
1793,315
1794,315
1795,315
1796,315
1797,315
1798,315
1799,315
1800,309
1801,309
1802,309
1803,309
1804,309
1805,309
1806,309
1807,309
1808,309
1809,309
1810,309
1811,309
1812,309
1813,309
1814,309
1815,304
1816,304
1817,304
1818,304
1819,304
1820,304
1821,304
1822,304
1823,304
1824,304
1825,304
1826,304
1827,304
1828,304
1829,304
1830,316
1831,316
1832,316
1833,316
1834,316
1835,316
1836,316
1837,316
1838,316
1839,316
1840,316
1841,316
1842,316
1843,316
1844,316
1845,310
1846,310
1847,310
1848,310
1849,310
1850,310
1851,310
1852,310
1853,310
1854,310
1855,310
1856,310
1857,310
1858,310
1859,310
1860,303
1861,303
1862,303
1863,303
1864,303
1865,303
1866,303
1867,303
1868,303
1869,303
1870,303
1871,303
1872,303
1873,303
1874,303
1875,314
1876,314
1877,314
1878,314
1879,314
1880,314
1881,314
1882,314
1883,314
1884,314
1885,314
1886,314
1887,314
1888,314
1889,314
1890,312
1891,312
1892,312
1893,312
1894,312
1895,312
1896,312
1897,312
1898,312
1899,312
1900,312
1901,312
1902,312
1903,312
1904,312
1905,306
1906,306
1907,306
1908,306
1909,306
1910,306
1911,306
1912,306
1913,306
1914,306
1915,306
1916,306
1917,306
1918,306
1919,306
1920,310
1921,310
1922,310
1923,310
1924,310
1925,310
1926,310
1927,310
1928,310
1929,310
1930,310
1931,310
1932,310
1933,310
1934,310
1935,313
1936,313
1937,313
1938,313
1939,313
1940,313
1941,313
1942,313
1943,313
1944,313
1945,313
1946,313
1947,313
1948,313
1949,313
1950,309
1951,309
1952,309
1953,309
1954,309
1955,309
1956,309
1957,309
1958,309
1959,309
1960,309
1961,309
1962,309
1963,309
1964,309
1965,306
1966,306
1967,306
1968,306
1969,306
1970,306
1971,306
1972,306
1973,306
1974,306
1975,306
1976,306
1977,306
1978,306
1979,306
1980,312
1981,312
1982,312
1983,312
1984,312
1985,312
1986,312
1987,312
1988,312
1989,312
1990,312
1991,312
1992,312
1993,312
1994,312
1995,313
1996,313
1997,313
1998,313
1999,313
2000,313
2001,313
2002,313
2003,313
2004,313
2005,313
2006,313
2007,313
2008,313
2009,313
2010,307
2011,307
2012,307
2013,307
2014,307
2015,307
2016,307
2017,307
2018,307
2019,307
2020,307
2021,307
2022,307
2023,307
2024,307
2025,310
2026,310
2027,310
2028,310
2029,310
2030,310
2031,310
2032,310
2033,310
2034,310
2035,310
2036,310
2037,310
2038,310
2039,310
2040,316
2041,316
2042,316
2043,316
2044,316
2045,316
2046,316
2047,316
2048,316
2049,316
2050,316
2051,316
2052,316
2053,316
2054,316
2055,311
2056,311
2057,311
2058,311
2059,311
2060,311
2061,311
2062,311
2063,311
2064,311
2065,311
2066,311
2067,311
2068,311
2069,311
2070,306
2071,306
2072,306
2073,306
2074,306
2075,306
2076,306
2077,306
2078,306
2079,306
2080,306
2081,306
2082,306
2083,306
2084,306
2085,318
2086,318
2087,318
2088,318
2089,318
2090,318
2091,318
2092,318
2093,318
2094,318
2095,318
2096,318
2097,318
2098,318
2099,318
2100,312
2101,312
2102,312
2103,312
2104,312
2105,312
2106,312
2107,312
2108,312
2109,312
2110,312
2111,312
2112,312
2113,312
2114,312
2115,307
2116,307
2117,307
2118,307
2119,307
2120,307
2121,307
2122,307
2123,307
2124,307
2125,307
2126,307
2127,307
2128,307
2129,307
2130,318
2131,318
2132,318
2133,318
2134,318
2135,318
2136,318
2137,318
2138,318
2139,318
2140,318
2141,318
2142,318
2143,318
2144,318
2145,315
2146,315
2147,315
2148,315
2149,315
2150,315
2151,315
2152,315
2153,315
2154,315
2155,315
2156,315
2157,315
2158,315
2159,315
2160,311
2161,311
2162,311
2163,311
2164,311
2165,311
2166,311
2167,311
2168,311
2169,311
2170,311
2171,311
2172,311
2173,311
2174,311
2175,313
2176,313
2177,313
2178,313
2179,313
2180,313
2181,313
2182,313
2183,313
2184,313
2185,313
2186,313
2187,313
2188,313
2189,313
2190,316
2191,316
2192,316
2193,316
2194,316
2195,316
2196,316
2197,316
2198,316
2199,316
2200,316
2201,316
2202,316
2203,316
2204,316
2205,315
2206,315
2207,315
2208,315
2209,315
2210,315
2211,315
2212,315
2213,315
2214,315
2215,315
2216,315
2217,315
2218,315
2219,315
2220,312
2221,312
2222,312
2223,312
2224,312
2225,312
2226,312
2227,312
2228,312
2229,312
2230,312
2231,312
2232,312
2233,312
2234,312
2235,318
2236,318
2237,318
2238,318
2239,318
2240,318
2241,318
2242,318
2243,318
2244,318
2245,318
2246,318
2247,318
2248,318
2249,318
2250,318
2251,318
2252,318
2253,318
2254,318
2255,318
2256,318
2257,318
2258,318
2259,318
2260,318
2261,318
2262,318
2263,318
2264,318
2265,312
2266,312
2267,312
2268,312
2269,312
2270,312
2271,312
2272,312
2273,312
2274,312
2275,312
2276,312
2277,312
2278,312
2279,312
2280,314
2281,314
2282,314
2283,314
2284,314
2285,314
2286,314
2287,314
2288,314
2289,314
2290,314
2291,314
2292,314
2293,314
2294,314
2295,320
2296,320
2297,320
2298,320
2299,320
2300,320
2301,320
2302,320
2303,320
2304,320
2305,320
2306,320
2307,320
2308,320
2309,320
2310,314
2311,314
2312,314
2313,314
2314,314
2315,314
2316,314
2317,314
2318,314
2319,314
2320,314
2321,314
2322,314
2323,314
2324,314
2325,309
2326,309
2327,309
2328,309
2329,309
2330,309
2331,309
2332,309
2333,309
2334,309
2335,309
2336,309
2337,309
2338,309
2339,309
2340,322
2341,322
2342,322
2343,322
2344,322
2345,322
2346,322
2347,322
2348,322
2349,322
2350,322
2351,322
2352,322
2353,322
2354,322
2355,316
2356,316
2357,316
2358,316
2359,316
2360,316
2361,316
2362,316
2363,316
2364,316
2365,316
2366,316
2367,316
2368,316
2369,316
2370,310
2371,310
2372,310
2373,310
2374,310
2375,310
2376,310
2377,310
2378,310
2379,310
2380,310
2381,310
2382,310
2383,310
2384,310
2385,320
2386,320
2387,320
2388,320
2389,320
2390,320
2391,320
2392,320
2393,320
2394,320
2395,320
2396,320
2397,320
2398,320
2399,320
2400,317
2401,317
2402,317
2403,317
2404,317
2405,317
2406,317
2407,317
2408,317
2409,317
2410,317
2411,317
2412,317
2413,317
2414,317
2415,312
2416,312
2417,312
2418,312
2419,312
2420,312
2421,312
2422,312
2423,312
2424,312
2425,312
2426,312
2427,312
2428,312
2429,312
2430,315
2431,315
2432,315
2433,315
2434,315
2435,315
2436,315
2437,315
2438,315
2439,315
2440,315
2441,315
2442,315
2443,315
2444,315
2445,318
2446,318
2447,318
2448,318
2449,318
2450,318
2451,318
2452,318
2453,318
2454,318
2455,318
2456,318
2457,318
2458,318
2459,318
2460,315
2461,315
2462,315
2463,315
2464,315
2465,315
2466,315
2467,315
2468,315
2469,315
2470,315
2471,315
2472,315
2473,315
2474,315
2475,312
2476,312
2477,312
2478,312
2479,312
2480,312
2481,312
2482,312
2483,312
2484,312
2485,312
2486,312
2487,312
2488,312
2489,312
2490,318
2491,318
2492,318
2493,318
2494,318
2495,318
2496,318
2497,318
2498,318
2499,318
2500,318
2501,318
2502,318
2503,318
2504,318
2505,318
2506,318
2507,318
2508,318
2509,318
2510,318
2511,318
2512,318
2513,318
2514,318
2515,318
2516,318
2517,318
2518,318
2519,318
2520,313
2521,313
2522,313
2523,313
2524,313
2525,313
2526,313
2527,313
2528,313
2529,313
2530,313
2531,313
2532,313
2533,313
2534,313
2535,314
2536,314
2537,314
2538,314
2539,314
2540,314
2541,314
2542,314
2543,314
2544,314
2545,314
2546,314
2547,314
2548,314
2549,314
2550,318
2551,318
2552,318
2553,318
2554,318
2555,318
2556,318
2557,318
2558,318
2559,318
2560,318
2561,318
2562,318
2563,318
2564,318
2565,313
2566,313
2567,313
2568,313
2569,313
2570,313
2571,313
2572,313
2573,313
2574,313
2575,313
2576,313
2577,313
2578,313
2579,313
2580,308
2581,308
2582,308
2583,308
2584,308
2585,308
2586,308
2587,308
2588,308
2589,308
2590,308
2591,308
2592,308
2593,308
2594,308
2595,320
2596,320
2597,320
2598,320
2599,320
2600,320
2601,320
2602,320
2603,320
2604,320
2605,320
2606,320
2607,320
2608,320
2609,320
2610,314
2611,314
2612,314
2613,314
2614,314
2615,314
2616,314
2617,314
2618,314
2619,314
2620,314
2621,314
2622,314
2623,314
2624,314
2625,307
2626,307
2627,307
2628,307
2629,307
2630,307
2631,307
2632,307
2633,307
2634,307
2635,307
2636,307
2637,307
2638,307
2639,307
2640,317
2641,317
2642,317
2643,317
2644,317
2645,317
2646,317
2647,317
2648,317
2649,317
2650,317
2651,317
2652,317
2653,317
2654,317
2655,314
2656,314
2657,314
2658,314
2659,314
2660,314
2661,314
2662,314
2663,314
2664,314
2665,314
2666,314
2667,314
2668,314
2669,314
2670,308
2671,308
2672,308
2673,308
2674,308
2675,308
2676,308
2677,308
2678,308
2679,308
2680,308
2681,308
2682,308
2683,308
2684,308
2685,312
2686,312
2687,312
2688,312
2689,312
2690,312
2691,312
2692,312
2693,312
2694,312
2695,312
2696,312
2697,312
2698,312
2699,312
2700,315
2701,315
2702,315
2703,315
2704,315
2705,315
2706,315
2707,315
2708,315
2709,315
2710,315
2711,315
2712,315
2713,315
2714,315
2715,311
2716,311
2717,311
2718,311
2719,311
2720,311
2721,311
2722,311
2723,311
2724,311
2725,311
2726,311
2727,311
2728,311
2729,311
2730,306
2731,306
2732,306
2733,306
2734,306
2735,306
2736,306
2737,306
2738,306
2739,306
2740,306
2741,306
2742,306
2743,306
2744,306
2745,313
2746,313
2747,313
2748,313
2749,313
2750,313
2751,313
2752,313
2753,313
2754,313
2755,313
2756,313
2757,313
2758,313
2759,313
2760,312
2761,312
2762,312
2763,312
2764,312
2765,312
2766,312
2767,312
2768,312
2769,312
2770,312
2771,312
2772,312
2773,312
2774,312
2775,306
2776,306
2777,306
2778,306
2779,306
2780,306
2781,306
2782,306
2783,306
2784,306
2785,306
2786,306
2787,306
2788,306
2789,306
2790,309
2791,309
2792,309
2793,309
2794,309
2795,309
2796,309
2797,309
2798,309
2799,309
2800,309
2801,309
2802,309
2803,309
2804,309
2805,315
2806,315
2807,315
2808,315
2809,315
2810,315
2811,315
2812,315
2813,315
2814,315
2815,315
2816,315
2817,315
2818,315
2819,315
2820,309
2821,309
2822,309
2823,309
2824,309
2825,309
2826,309
2827,309
2828,309
2829,309
2830,309
2831,309
2832,309
2833,309
2834,309
2835,304
2836,304
2837,304
2838,304
2839,304
2840,304
2841,304
2842,304
2843,304
2844,304
2845,304
2846,304
2847,304
2848,304
2849,304
2850,316
2851,316
2852,316
2853,316
2854,316
2855,316
2856,316
2857,316
2858,316
2859,316
2860,316
2861,316
2862,316
2863,316
2864,316
2865,310
2866,310
2867,310
2868,310
2869,310
2870,310
2871,310
2872,310
2873,310
2874,310
2875,310
2876,310
2877,310
2878,310
2879,310
2880,303
2881,303
2882,303
2883,303
2884,303
2885,303
2886,303
2887,303
2888,303
2889,303
2890,303
2891,303
2892,303
2893,303
2894,303
2895,314
2896,314
2897,314
2898,314
2899,314
2900,314
2901,314
2902,314
2903,314
2904,314
2905,314
2906,314
2907,314
2908,314
2909,314
2910,312
2911,312
2912,312
2913,312
2914,312
2915,312
2916,312
2917,312
2918,312
2919,312
2920,312
2921,312
2922,312
2923,312
2924,312
2925,306
2926,306
2927,306
2928,306
2929,306
2930,306
2931,306
2932,306
2933,306
2934,306
2935,306
2936,306
2937,306
2938,306
2939,306
2940,310
2941,310
2942,310
2943,310
2944,310
2945,310
2946,310
2947,310
2948,310
2949,310
2950,310
2951,310
2952,310
2953,310
2954,310
2955,313
2956,313
2957,313
2958,313
2959,313
2960,313
2961,313
2962,313
2963,313
2964,313
2965,313
2966,313
2967,313
2968,313
2969,313
2970,309
2971,309
2972,309
2973,309
2974,309
2975,309
2976,309
2977,309
2978,309
2979,309
2980,309
2981,309
2982,309
2983,309
2984,309
2985,305
2986,305
2987,305
2988,305
2989,305
2990,305
2991,305
2992,305
2993,305
2994,305
2995,305
2996,305
2997,305
2998,305
2999,305
3000,312
3001,312
3002,312
3003,312
3004,312
3005,312
3006,312
3007,312
3008,312
3009,312
3010,312
3011,312
3012,312
3013,312
3014,312
3015,312
3016,312
3017,312
3018,312
3019,312
3020,312
3021,312
3022,312
3023,312
3024,312
3025,312
3026,312
3027,312
3028,312
3029,312
3030,307
3031,307
3032,307
3033,307
3034,307
3035,307
3036,307
3037,307
3038,307
3039,307
3040,307
3041,307
3042,307
3043,307
3044,307
3045,309
3046,309
3047,309
3048,309
3049,309
3050,309
3051,309
3052,309
3053,309
3054,309
3055,309
3056,309
3057,309
3058,309
3059,309
3060,314
3061,314
3062,314
3063,314
3064,314
3065,314
3066,314
3067,314
3068,314
3069,314
3070,314
3071,314
3072,314
3073,314
3074,314
3075,310
3076,310
3077,310
3078,310
3079,310
3080,310
3081,310
3082,310
3083,310
3084,310
3085,310
3086,310
3087,310
3088,310
3089,310
3090,306
3091,306
3092,306
3093,306
3094,306
3095,306
3096,306
3097,306
3098,306
3099,306
3100,306
3101,306
3102,306
3103,306
3104,306
3105,318
3106,318
3107,318
3108,318
3109,318
3110,318
3111,318
3112,318
3113,318
3114,318
3115,318
3116,318
3117,318
3118,318
3119,318
3120,312
3121,312
3122,312
3123,312
3124,312
3125,312
3126,312
3127,312
3128,312
3129,312
3130,312
3131,312
3132,312
3133,312
3134,312
3135,305
3136,305
3137,305
3138,305
3139,305
3140,305
3141,305
3142,305
3143,305
3144,305
3145,305
3146,305
3147,305
3148,305
3149,305
3150,316
3151,316
3152,316
3153,316
3154,316
3155,316
3156,316
3157,316
3158,316
3159,316
3160,316
3161,316
3162,316
3163,316
3164,316
3165,315
3166,315
3167,315
3168,315
3169,315
3170,315
3171,315
3172,315
3173,315
3174,315
3175,315
3176,315
3177,315
3178,315
3179,315
3180,310
3181,310
3182,310
3183,310
3184,310
3185,310
3186,310
3187,310
3188,310
3189,310
3190,310
3191,310
3192,310
3193,310
3194,310
3195,313
3196,313
3197,313
3198,313
3199,313
3200,313
3201,313
3202,313
3203,313
3204,313
3205,313
3206,313
3207,313
3208,313
3209,313
3210,316
3211,316
3212,316
3213,316
3214,316
3215,316
3216,316
3217,316
3218,316
3219,316
3220,316
3221,316
3222,316
3223,316
3224,316
3225,313
3226,313
3227,313
3228,313
3229,313
3230,313
3231,313
3232,313
3233,313
3234,313
3235,313
3236,313
3237,313
3238,313
3239,313
3240,310
3241,310
3242,310
3243,310
3244,310
3245,310
3246,310
3247,310
3248,310
3249,310
3250,310
3251,310
3252,310
3253,310
3254,310
3255,318
3256,318
3257,318
3258,318
3259,318
3260,318
3261,318
3262,318
3263,318
3264,318
3265,318
3266,318
3267,318
3268,318
3269,318
3270,318
3271,318
3272,318
3273,318
3274,318
3275,318
3276,318
3277,318
3278,318
3279,318
3280,318
3281,318
3282,318
3283,318
3284,318
3285,313
3286,313
3287,313
3288,313
3289,313
3290,313
3291,313
3292,313
3293,313
3294,313
3295,313
3296,313
3297,313
3298,313
3299,313
3300,314
3301,314
3302,314
3303,314
3304,314
3305,314
3306,314
3307,314
3308,314
3309,314
3310,314
3311,314
3312,314
3313,314
3314,314
3315,320
3316,320
3317,320
3318,320
3319,320
3320,320
3321,320
3322,320
3323,320
3324,320
3325,320
3326,320
3327,320
3328,320
3329,320
3330,314
3331,314
3332,314
3333,314
3334,314
3335,314
3336,314
3337,314
3338,314
3339,314
3340,314
3341,314
3342,314
3343,314
3344,314
3345,310
3346,310
3347,310
3348,310
3349,310
3350,310
3351,310
3352,310
3353,310
3354,310
3355,310
3356,310
3357,310
3358,310
3359,310
3360,322
3361,322
3362,322
3363,322
3364,322
3365,322
3366,322
3367,322
3368,322
3369,322
3370,322
3371,322
3372,322
3373,322
3374,322
3375,316
3376,316
3377,316
3378,316
3379,316
3380,316
3381,316
3382,316
3383,316
3384,316
3385,316
3386,316
3387,316
3388,316
3389,316
3390,309
3391,309
3392,309
3393,309
3394,309
3395,309
3396,309
3397,309
3398,309
3399,309
3400,309
3401,309
3402,309
3403,309
3404,309
3405,320
3406,320
3407,320
3408,320
3409,320
3410,320
3411,320
3412,320
3413,320
3414,320
3415,320
3416,320
3417,320
3418,320
3419,320
3420,317
3421,317
3422,317
3423,317
3424,317
3425,317
3426,317
3427,317
3428,317
3429,317
3430,317
3431,317
3432,317
3433,317
3434,317
3435,312
3436,312
3437,312
3438,312
3439,312
3440,312
3441,312
3442,312
3443,312
3444,312
3445,312
3446,312
3447,312
3448,312
3449,312
3450,315
3451,315
3452,315
3453,315
3454,315
3455,315
3456,315
3457,315
3458,315
3459,315
3460,315
3461,315
3462,315
3463,315
3464,315
3465,318
3466,318
3467,318
3468,318
3469,318
3470,318
3471,318
3472,318
3473,318
3474,318
3475,318
3476,318
3477,318
3478,318
3479,318
3480,315
3481,315
3482,315
3483,315
3484,315
3485,315
3486,315
3487,315
3488,315
3489,315
3490,315
3491,315
3492,315
3493,315
3494,315
3495,312
3496,312
3497,312
3498,312
3499,312
3500,312
3501,312
3502,312
3503,312
3504,312
3505,312
3506,312
3507,312
3508,312
3509,312
3510,318
3511,318
3512,318
3513,318
3514,318
3515,318
3516,318
3517,318
3518,318
3519,318
3520,318
3521,318
3522,318
3523,318
3524,318
3525,318
3526,318
3527,318
3528,318
3529,318
3530,318
3531,318
3532,318
3533,318
3534,318
3535,318
3536,318
3537,318
3538,318
3539,318
3540,312
3541,312
3542,312
3543,312
3544,312
3545,312
3546,312
3547,312
3548,312
3549,312
3550,312
3551,312
3552,312
3553,312
3554,312
3555,314
3556,314
3557,314
3558,314
3559,314
3560,314
3561,314
3562,314
3563,314
3564,314
3565,314
3566,314
3567,314
3568,314
3569,314
3570,320
3571,320
3572,320
3573,320
3574,320
3575,320
3576,320
3577,320
3578,320
3579,320
3580,320
3581,320
3582,320
3583,320
3584,320
3585,314
3586,314
3587,314
3588,314
3589,314
3590,314
3591,314
3592,314
3593,314
3594,314
3595,314
3596,314
3597,314
3598,314
3599,314
3600,308
3601,308
3602,308
3603,308
3604,308
3605,308
3606,308
3607,308
3608,308
3609,308
3610,308
3611,308
3612,308
3613,308
3614,308
3615,320
3616,320
3617,320
3618,320
3619,320
3620,320
3621,320
3622,320
3623,320
3624,320
3625,320
3626,320
3627,320
3628,320
3629,320
3630,314
3631,314
3632,314
3633,314
3634,314
3635,314
3636,314
3637,314
3638,314
3639,314
3640,314
3641,314
3642,314
3643,314
3644,314
3645,307
3646,307
3647,307
3648,307
3649,307
3650,307
3651,307
3652,307
3653,307
3654,307
3655,307
3656,307
3657,307
3658,307
3659,307
3660,318
3661,318
3662,318
3663,318
3664,318
3665,318
3666,318
3667,318
3668,318
3669,318
3670,318
3671,318
3672,318
3673,318
3674,318
3675,315
3676,315
3677,315
3678,315
3679,315
3680,315
3681,315
3682,315
3683,315
3684,315
3685,315
3686,315
3687,315
3688,315
3689,315
3690,309
3691,309
3692,309
3693,309
3694,309
3695,309
3696,309
3697,309
3698,309
3699,309
3700,309
3701,309
3702,309
3703,309
3704,309
3705,312
3706,312
3707,312
3708,312
3709,312
3710,312
3711,312
3712,312
3713,312
3714,312
3715,312
3716,312
3717,312
3718,312
3719,312
3720,315
3721,315
3722,315
3723,315
3724,315
3725,315
3726,315
3727,315
3728,315
3729,315
3730,315
3731,315
3732,315
3733,315
3734,315
3735,312
3736,312
3737,312
3738,312
3739,312
3740,312
3741,312
3742,312
3743,312
3744,312
3745,312
3746,312
3747,312
3748,312
3749,312
3750,308
3751,308
3752,308
3753,308
3754,308
3755,308
3756,308
3757,308
3758,308
3759,308
3760,308
3761,308
3762,308
3763,308
3764,308
3765,313
3766,313
3767,313
3768,313
3769,313
3770,313
3771,313
3772,313
3773,313
3774,313
3775,313
3776,313
3777,313
3778,313
3779,313
3780,313
3781,313
3782,313
3783,313
3784,313
3785,313
3786,313
3787,313
3788,313
3789,313
3790,313
3791,313
3792,313
3793,313
3794,313
3795,306
3796,306
3797,306
3798,306
3799,306
3800,306
3801,306
3802,306
3803,306
3804,306
3805,306
3806,306
3807,306
3808,306
3809,306
3810,309
3811,309
3812,309
3813,309
3814,309
3815,309
3816,309
3817,309
3818,309
3819,309
3820,309
3821,309
3822,309
3823,309
3824,309
3825,315
3826,315
3827,315
3828,315
3829,315
3830,315
3831,315
3832,315
3833,315
3834,315
3835,315
3836,315
3837,315
3838,315
3839,315
3840,309
3841,309
3842,309
3843,309
3844,309
3845,309
3846,309
3847,309
3848,309
3849,309
3850,309
3851,309
3852,309
3853,309
3854,309
3855,304
3856,304
3857,304
3858,304
3859,304
3860,304
3861,304
3862,304
3863,304
3864,304
3865,304
3866,304
3867,304
3868,304
3869,304
3870,316
3871,316
3872,316
3873,316
3874,316
3875,316
3876,316
3877,316
3878,316
3879,316
3880,316
3881,316
3882,316
3883,316
3884,316
3885,311
3886,311
3887,311
3888,311
3889,311
3890,311
3891,311
3892,311
3893,311
3894,311
3895,311
3896,311
3897,311
3898,311
3899,311
3900,303
3901,303
3902,303
3903,303
3904,303
3905,303
3906,303
3907,303
3908,303
3909,303
3910,303
3911,303
3912,303
3913,303
3914,303
3915,314
3916,314
3917,314
3918,314
3919,314
3920,314
3921,314
3922,314
3923,314
3924,314
3925,314
3926,314
3927,314
3928,314
3929,314
3930,312
3931,312
3932,312
3933,312
3934,312
3935,312
3936,312
3937,312
3938,312
3939,312
3940,312
3941,312
3942,312
3943,312
3944,312
3945,306
3946,306
3947,306
3948,306
3949,306
3950,306
3951,306
3952,306
3953,306
3954,306
3955,306
3956,306
3957,306
3958,306
3959,306
3960,310
3961,310
3962,310
3963,310
3964,310
3965,310
3966,310
3967,310
3968,310
3969,310
3970,310
3971,310
3972,310
3973,310
3974,310
3975,313
3976,313
3977,313
3978,313
3979,313
3980,313
3981,313
3982,313
3983,313
3984,313
3985,313
3986,313
3987,313
3988,313
3989,313
3990,310
3991,310
3992,310
3993,310
3994,310
3995,310
3996,310
3997,310
3998,310
3999,310
4000,310
4001,310
4002,310
4003,310
4004,310
4005,305
4006,305
4007,305
4008,305
4009,305
4010,305
4011,305
4012,305
4013,305
4014,305
4015,305
4016,305
4017,305
4018,305
4019,305
4020,312
4021,312
4022,312
4023,312
4024,312
4025,312
4026,312
4027,312
4028,312
4029,312
4030,312
4031,312
4032,312
4033,312
4034,312
4035,313
4036,313
4037,313
4038,313
4039,313
4040,313
4041,313
4042,313
4043,313
4044,313
4045,313
4046,313
4047,313
4048,313
4049,313
4050,307
4051,307
4052,307
4053,307
4054,307
4055,307
4056,307
4057,307
4058,307
4059,307
4060,307
4061,307
4062,307
4063,307
4064,307
4065,309
4066,309
4067,309
4068,309
4069,309
4070,309
4071,309
4072,309
4073,309
4074,309
4075,309
4076,309
4077,309
4078,309
4079,309
4080,314
4081,314
4082,314
4083,314
4084,314
4085,314
4086,314
4087,314
4088,314
4089,314
4090,314
4091,314
4092,314
4093,314
4094,314
4095,308
4096,308
4097,308
4098,308
4099,308
4100,308
4101,308
4102,308
4103,308
4104,308
4105,308
4106,308
4107,308
4108,308
4109,308
4110,304
4111,304
4112,304
4113,304
4114,304
4115,304
4116,304
4117,304
4118,304
4119,304
4120,304
4121,304
4122,304
4123,304
4124,304
4125,318
4126,318
4127,318
4128,318
4129,318
4130,318
4131,318
4132,318
4133,318
4134,318
4135,318
4136,318
4137,318
4138,318
4139,318
4140,312
4141,312
4142,312
4143,312
4144,312
4145,312
4146,312
4147,312
4148,312
4149,312
4150,312
4151,312
4152,312
4153,312
4154,312
4155,305
4156,305
4157,305
4158,305
4159,305
4160,305
4161,305
4162,305
4163,305
4164,305
4165,305
4166,305
4167,305
4168,305
4169,305
4170,316
4171,316
4172,316
4173,316
4174,316
4175,316
4176,316
4177,316
4178,316
4179,316
4180,316
4181,316
4182,316
4183,316
4184,316
4185,314
4186,314
4187,314
4188,314
4189,314
4190,314
4191,314
4192,314
4193,314
4194,314
4195,314
4196,314
4197,314
4198,314
4199,314
4200,309
4201,309
4202,309
4203,309
4204,309
4205,309
4206,309
4207,309
4208,309
4209,309
4210,309
4211,309
4212,309
4213,309
4214,309
4215,313
4216,313
4217,313
4218,313
4219,313
4220,313
4221,313
4222,313
4223,313
4224,313
4225,313
4226,313
4227,313
4228,313
4229,313
4230,316
4231,316
4232,316
4233,316
4234,316
4235,316
4236,316
4237,316
4238,316
4239,316
4240,316
4241,316
4242,316
4243,316
4244,316
4245,313
4246,313
4247,313
4248,313
4249,313
4250,313
4251,313
4252,313
4253,313
4254,313
4255,313
4256,313
4257,313
4258,313
4259,313
4260,310
4261,310
4262,310
4263,310
4264,310
4265,310
4266,310
4267,310
4268,310
4269,310
4270,310
4271,310
4272,310
4273,310
4274,310
4275,316
4276,316
4277,316
4278,316
4279,316
4280,316
4281,316
4282,316
4283,316
4284,316
4285,316
4286,316
4287,316
4288,316
4289,316
4290,317
4291,317
4292,317
4293,317
4294,317
4295,317
4296,317
4297,317
4298,317
4299,317
4300,317
4301,317
4302,317
4303,317
4304,317
4305,312
4306,312
4307,312
4308,312
4309,312
4310,312
4311,312
4312,312
4313,312
4314,312
4315,312
4316,312
4317,312
4318,312
4319,312
4320,314
4321,314
4322,314
4323,314
4324,314
4325,314
4326,314
4327,314
4328,314
4329,314
4330,314
4331,314
4332,314
4333,314
4334,314
4335,320
4336,320
4337,320
4338,320
4339,320
4340,320
4341,320
4342,320
4343,320
4344,320
4345,320
4346,320
4347,320
4348,320
4349,320
4350,314
4351,314
4352,314
4353,314
4354,314
4355,314
4356,314
4357,314
4358,314
4359,314
4360,314
4361,314
4362,314
4363,314
4364,314
4365,310
4366,310
4367,310
4368,310
4369,310
4370,310
4371,310
4372,310
4373,310
4374,310
4375,310
4376,310
4377,310
4378,310
4379,310
4380,322
4381,322
4382,322
4383,322
4384,322
4385,322
4386,322
4387,322
4388,322
4389,322
4390,322
4391,322
4392,322
4393,322
4394,322
4395,316
4396,316
4397,316
4398,316
4399,316
4400,316
4401,316
4402,316
4403,316
4404,316
4405,316
4406,316
4407,316
4408,316
4409,316
4410,309
4411,309
4412,309
4413,309
4414,309
4415,309
4416,309
4417,309
4418,309
4419,309
4420,309
4421,309
4422,309
4423,309
4424,309
4425,320
4426,320
4427,320
4428,320
4429,320
4430,320
4431,320
4432,320
4433,320
4434,320
4435,320
4436,320
4437,320
4438,320
4439,320
4440,317
4441,317
4442,317
4443,317
4444,317
4445,317
4446,317
4447,317
4448,317
4449,317
4450,317
4451,317
4452,317
4453,317
4454,317
4455,312
4456,312
4457,312
4458,312
4459,312
4460,312
4461,312
4462,312
4463,312
4464,312
4465,312
4466,312
4467,312
4468,312
4469,312
4470,315
4471,315
4472,315
4473,315
4474,315
4475,315
4476,315
4477,315
4478,315
4479,315
4480,315
4481,315
4482,315
4483,315
4484,315
4485,318
4486,318
4487,318
4488,318
4489,318
4490,318
4491,318
4492,318
4493,318
4494,318
4495,318
4496,318
4497,318
4498,318
4499,318
4500,316
4501,316
4502,316
4503,316
4504,316
4505,316
4506,316
4507,316
4508,316
4509,316
4510,316
4511,316
4512,316
4513,316
4514,316
4515,312
4516,312
4517,312
4518,312
4519,312
4520,312
4521,312
4522,312
4523,312
4524,312
4525,312
4526,312
4527,312
4528,312
4529,312
4530,318
4531,318
4532,318
4533,318
4534,318
4535,318
4536,318
4537,318
4538,318
4539,318
4540,318
4541,318
4542,318
4543,318
4544,318
4545,318
4546,318
4547,318
4548,318
4549,318
4550,318
4551,318
4552,318
4553,318
4554,318
4555,318
4556,318
4557,318
4558,318
4559,318
4560,312
4561,312
4562,312
4563,312
4564,312
4565,312
4566,312
4567,312
4568,312
4569,312
4570,312
4571,312
4572,312
4573,312
4574,312
4575,314
4576,314
4577,314
4578,314
4579,314
4580,314
4581,314
4582,314
4583,314
4584,314
4585,314
4586,314
4587,314
4588,314
4589,314
4590,320
4591,320
4592,320
4593,320
4594,320
4595,320
4596,320
4597,320
4598,320
4599,320
4600,320
4601,320
4602,320
4603,320
4604,320
4605,315
4606,315
4607,315
4608,315
4609,315
4610,315
4611,315
4612,315
4613,315
4614,315
4615,315
4616,315
4617,315
4618,315
4619,315
4620,310
4621,310
4622,310
4623,310
4624,310
4625,310
4626,310
4627,310
4628,310
4629,310
4630,310
4631,310
4632,310
4633,310
4634,310
4635,321
4636,321
4637,321
4638,321
4639,321
4640,321
4641,321
4642,321
4643,321
4644,321
4645,321
4646,321
4647,321
4648,321
4649,321
4650,314
4651,314
4652,314
4653,314
4654,314
4655,314
4656,314
4657,314
4658,314
4659,314
4660,314
4661,314
4662,314
4663,314
4664,314
4665,307
4666,307
4667,307
4668,307
4669,307
4670,307
4671,307
4672,307
4673,307
4674,307
4675,307
4676,307
4677,307
4678,307
4679,307
4680,318
4681,318
4682,318
4683,318
4684,318
4685,318
4686,318
4687,318
4688,318
4689,318
4690,318
4691,318
4692,318
4693,318
4694,318
4695,315
4696,315
4697,315
4698,315
4699,315
4700,315
4701,315
4702,315
4703,315
4704,315
4705,315
4706,315
4707,315
4708,315
4709,315
4710,310
4711,310
4712,310
4713,310
4714,310
4715,310
4716,310
4717,310
4718,310
4719,310
4720,310
4721,310
4722,310
4723,310
4724,310
4725,313
4726,313
4727,313
4728,313
4729,313
4730,313
4731,313
4732,313
4733,313
4734,313
4735,313
4736,313
4737,313
4738,313
4739,313
4740,315
4741,315
4742,315
4743,315
4744,315
4745,315
4746,315
4747,315
4748,315
4749,315
4750,315
4751,315
4752,315
4753,315
4754,315
4755,311
4756,311
4757,311
4758,311
4759,311
4760,311
4761,311
4762,311
4763,311
4764,311
4765,311
4766,311
4767,311
4768,311
4769,311
4770,308
4771,308
4772,308
4773,308
4774,308
4775,308
4776,308
4777,308
4778,308
4779,308
4780,308
4781,308
4782,308
4783,308
4784,308
4785,314
4786,314
4787,314
4788,314
4789,314
4790,314
4791,314
4792,314
4793,314
4794,314
4795,314
4796,314
4797,314
4798,314
4799,314
4800,314
4801,314
4802,314
4803,314
4804,314
4805,314
4806,314
4807,314
4808,314
4809,314
4810,314
4811,314
4812,314
4813,314
4814,314
4815,307
4816,307
4817,307
4818,307
4819,307
4820,307
4821,307
4822,307
4823,307
4824,307
4825,307
4826,307
4827,307
4828,307
4829,307
4830,309
4831,309
4832,309
4833,309
4834,309
4835,309
4836,309
4837,309
4838,309
4839,309
4840,309
4841,309
4842,309
4843,309
4844,309
4845,315
4846,315
4847,315
4848,315
4849,315
4850,315
4851,315
4852,315
4853,315
4854,315
4855,315
4856,315
4857,315
4858,315
4859,315
4860,309
4861,309
4862,309
4863,309
4864,309
4865,309
4866,309
4867,309
4868,309
4869,309
4870,309
4871,309
4872,309
4873,309
4874,309
4875,303
4876,303
4877,303
4878,303
4879,303
4880,303
4881,303
4882,303
4883,303
4884,303
4885,303
4886,303
4887,303
4888,303
4889,303
4890,316
4891,316
4892,316
4893,316
4894,316
4895,316
4896,316
4897,316
4898,316
4899,316
4900,316
4901,316
4902,316
4903,316
4904,316
4905,310
4906,310
4907,310
4908,310
4909,310
4910,310
4911,310
4912,310
4913,310
4914,310
4915,310
4916,310
4917,310
4918,310
4919,310
4920,303
4921,303
4922,303
4923,303
4924,303
4925,303
4926,303
4927,303
4928,303
4929,303
4930,303
4931,303
4932,303
4933,303
4934,303
4935,314
4936,314
4937,314
4938,314
4939,314
4940,314
4941,314
4942,314
4943,314
4944,314
4945,314
4946,314
4947,314
4948,314
4949,314
4950,312
4951,312
4952,312
4953,312
4954,312
4955,312
4956,312
4957,312
4958,312
4959,312
4960,312
4961,312
4962,312
4963,312
4964,312
4965,306
4966,306
4967,306
4968,306
4969,306
4970,306
4971,306
4972,306
4973,306
4974,306
4975,306
4976,306
4977,306
4978,306
4979,306
4980,309
4981,309
4982,309
4983,309
4984,309
4985,309
4986,309
4987,309
4988,309
4989,309
4990,309
4991,309
4992,309
4993,309
4994,309
4995,313
4996,313
4997,313
4998,313
4999,313
5000,313
5001,313
5002,313
5003,313
5004,313
5005,313
5006,313
5007,313
5008,313
5009,313
5010,309
5011,309
5012,309
5013,309
5014,309
5015,309
5016,309
5017,309
5018,309
5019,309
5020,309
5021,309
5022,309
5023,309
5024,309
5025,306
5026,306
5027,306
5028,306
5029,306
5030,306
5031,306
5032,306
5033,306
5034,306
5035,306
5036,306
5037,306
5038,306
5039,306
5040,312
5041,312
5042,312
5043,312
5044,312
5045,312
5046,312
5047,312
5048,312
5049,312
5050,312
5051,312
5052,312
5053,312
5054,312
5055,312
5056,312
5057,312
5058,312
5059,312
5060,312
5061,312
5062,312
5063,312
5064,312
5065,312
5066,312
5067,312
5068,312
5069,312
5070,307
5071,307
5072,307
5073,307
5074,307
5075,307
5076,307
5077,307
5078,307
5079,307
5080,307
5081,307
5082,307
5083,307
5084,307
5085,309
5086,309
5087,309
5088,309
5089,309
5090,309
5091,309
5092,309
5093,309
5094,309
5095,309
5096,309
5097,309
5098,309
5099,309
5100,314
5101,314
5102,314
5103,314
5104,314
5105,314
5106,314
5107,314
5108,314
5109,314
5110,314
5111,314
5112,314
5113,314
5114,314
5115,308
5116,308
5117,308
5118,308
5119,308
5120,308
5121,308
5122,308
5123,308
5124,308
5125,308
5126,308
5127,308
5128,308
5129,308
5130,304
5131,304
5132,304
5133,304
5134,304
5135,304
5136,304
5137,304
5138,304
5139,304
5140,304
5141,304
5142,304
5143,304
5144,304
5145,316
5146,316
5147,316
5148,316
5149,316
5150,316
5151,316
5152,316
5153,316
5154,316
5155,316
5156,316
5157,316
5158,316
5159,316
5160,311
5161,311
5162,311
5163,311
5164,311
5165,311
5166,311
5167,311
5168,311
5169,311
5170,311
5171,311
5172,311
5173,311
5174,311
5175,305
5176,305
5177,305
5178,305
5179,305
5180,305
5181,305
5182,305
5183,305
5184,305
5185,305
5186,305
5187,305
5188,305
5189,305
5190,316
5191,316
5192,316
5193,316
5194,316
5195,316
5196,316
5197,316
5198,316
5199,316
5200,316
5201,316
5202,316
5203,316
5204,316
5205,313
5206,313
5207,313
5208,313
5209,313
5210,313
5211,313
5212,313
5213,313
5214,313
5215,313
5216,313
5217,313
5218,313
5219,313
5220,308
5221,308
5222,308
5223,308
5224,308
5225,308
5226,308
5227,308
5228,308
5229,308
5230,308
5231,308
5232,308
5233,308
5234,308
5235,311
5236,311
5237,311
5238,311
5239,311
5240,311
5241,311
5242,311
5243,311
5244,311
5245,311
5246,311
5247,311
5248,311
5249,311
5250,315
5251,315
5252,315
5253,315
5254,315
5255,315
5256,315
5257,315
5258,315
5259,315
5260,315
5261,315
5262,315
5263,315
5264,315
5265,313
5266,313
5267,313
5268,313
5269,313
5270,313
5271,313
5272,313
5273,313
5274,313
5275,313
5276,313
5277,313
5278,313
5279,313
5280,310
5281,310
5282,310
5283,310
5284,310
5285,310
5286,310
5287,310
5288,310
5289,310
5290,310
5291,310
5292,310
5293,310
5294,310
5295,316
5296,316
5297,316
5298,316
5299,316
5300,316
5301,316
5302,316
5303,316
5304,316
5305,316
5306,316
5307,316
5308,316
5309,316
5310,316
5311,316
5312,316
5313,316
5314,316
5315,316
5316,316
5317,316
5318,316
5319,316
5320,316
5321,316
5322,316
5323,316
5324,316
5325,310
5326,310
5327,310
5328,310
5329,310
5330,310
5331,310
5332,310
5333,310
5334,310
5335,310
5336,310
5337,310
5338,310
5339,310
5340,313
5341,313
5342,313
5343,313
5344,313
5345,313
5346,313
5347,313
5348,313
5349,313
5350,313
5351,313
5352,313
5353,313
5354,313
5355,320
5356,320
5357,320
5358,320
5359,320
5360,320
5361,320
5362,320
5363,320
5364,320
5365,320
5366,320
5367,320
5368,320
5369,320
5370,314
5371,314
5372,314
5373,314
5374,314
5375,314
5376,314
5377,314
5378,314
5379,314
5380,314
5381,314
5382,314
5383,314
5384,314
5385,310
5386,310
5387,310
5388,310
5389,310
5390,310
5391,310
5392,310
5393,310
5394,310
5395,310
5396,310
5397,310
5398,310
5399,310
5400,322
5401,322
5402,322
5403,322
5404,322
5405,322
5406,322
5407,322
5408,322
5409,322
5410,322
5411,322
5412,322
5413,322
5414,322
5415,316
5416,316
5417,316
5418,316
5419,316
5420,316
5421,316
5422,316
5423,316
5424,316
5425,316
5426,316
5427,316
5428,316
5429,316
5430,309
5431,309
5432,309
5433,309
5434,309
5435,309
5436,309
5437,309
5438,309
5439,309
5440,309
5441,309
5442,309
5443,309
5444,309
5445,320
5446,320
5447,320
5448,320
5449,320
5450,320
5451,320
5452,320
5453,320
5454,320
5455,320
5456,320
5457,320
5458,320
5459,320
5460,317
5461,317
5462,317
5463,317
5464,317
5465,317
5466,317
5467,317
5468,317
5469,317
5470,317
5471,317
5472,317
5473,317
5474,317
5475,312
5476,312
5477,312
5478,312
5479,312
5480,312
5481,312
5482,312
5483,312
5484,312
5485,312
5486,312
5487,312
5488,312
5489,312
5490,315
5491,315
5492,315
5493,315
5494,315
5495,315
5496,315
5497,315
5498,315
5499,315
5500,315
5501,315
5502,315
5503,315
5504,315
5505,318
5506,318
5507,318
5508,318
5509,318
5510,318
5511,318
5512,318
5513,318
5514,318
5515,318
5516,318
5517,318
5518,318
5519,318
5520,315
5521,315
5522,315
5523,315
5524,315
5525,315
5526,315
5527,315
5528,315
5529,315
5530,315
5531,315
5532,315
5533,315
5534,315
5535,312
5536,312
5537,312
5538,312
5539,312
5540,312
5541,312
5542,312
5543,312
5544,312
5545,312
5546,312
5547,312
5548,312
5549,312
5550,318
5551,318
5552,318
5553,318
5554,318
5555,318
5556,318
5557,318
5558,318
5559,318
5560,318
5561,318
5562,318
5563,318
5564,318
5565,318
5566,318
5567,318
5568,318
5569,318
5570,318
5571,318
5572,318
5573,318
5574,318
5575,318
5576,318
5577,318
5578,318
5579,318
5580,312
5581,312
5582,312
5583,312
5584,312
5585,312
5586,312
5587,312
5588,312
5589,312
5590,312
5591,312
5592,312
5593,312
5594,312
5595,314
5596,314
5597,314
5598,314
5599,314
5600,314
5601,314
5602,314
5603,314
5604,314
5605,314
5606,314
5607,314
5608,314
5609,314
5610,320
5611,320
5612,320
5613,320
5614,320
5615,320
5616,320
5617,320
5618,320
5619,320
5620,320
5621,320
5622,320
5623,320
5624,320
5625,315
5626,315
5627,315
5628,315
5629,315
5630,315
5631,315
5632,315
5633,315
5634,315
5635,315
5636,315
5637,315
5638,315
5639,315
5640,310
5641,310
5642,310
5643,310
5644,310
5645,310
5646,310
5647,310
5648,310
5649,310
5650,310
5651,310
5652,310
5653,310
5654,310
5655,321
5656,321
5657,321
5658,321
5659,321
5660,321
5661,321
5662,321
5663,321
5664,321
5665,321
5666,321
5667,321
5668,321
5669,321
5670,316
5671,316
5672,316
5673,316
5674,316
5675,316
5676,316
5677,316
5678,316
5679,316
5680,316
5681,316
5682,316
5683,316
5684,316
5685,308
5686,308
5687,308
5688,308
5689,308
5690,308
5691,308
5692,308
5693,308
5694,308
5695,308
5696,308
5697,308
5698,308
5699,308
5700,318
5701,318
5702,318
5703,318
5704,318
5705,318
5706,318
5707,318
5708,318
5709,318
5710,318
5711,318
5712,318
5713,318
5714,318
5715,315
5716,315
5717,315
5718,315
5719,315
5720,315
5721,315
5722,315
5723,315
5724,315
5725,315
5726,315
5727,315
5728,315
5729,315
5730,310
5731,310
5732,310
5733,310
5734,310
5735,310
5736,310
5737,310
5738,310
5739,310
5740,310
5741,310
5742,310
5743,310
5744,310
5745,313
5746,313
5747,313
5748,313
5749,313
5750,313
5751,313
5752,313
5753,313
5754,313
5755,313
5756,313
5757,313
5758,313
5759,313
5760,316
5761,316
5762,316
5763,316
5764,316
5765,316
5766,316
5767,316
5768,316
5769,316
5770,316
5771,316
5772,316
5773,316
5774,316
5775,312
5776,312
5777,312
5778,312
5779,312
5780,312
5781,312
5782,312
5783,312
5784,312
5785,312
5786,312
5787,312
5788,312
5789,312
5790,308
5791,308
5792,308
5793,308
5794,308
5795,308
5796,308
5797,308
5798,308
5799,308
5800,308
5801,308
5802,308
5803,308
5804,308
5805,314
5806,314
5807,314
5808,314
5809,314
5810,314
5811,314
5812,314
5813,314
5814,314
5815,314
5816,314
5817,314
5818,314
5819,314
5820,314
5821,314
5822,314
5823,314
5824,314
5825,314
5826,314
5827,314
5828,314
5829,314
5830,314
5831,314
5832,314
5833,314
5834,314
5835,308
5836,308
5837,308
5838,308
5839,308
5840,308
5841,308
5842,308
5843,308
5844,308
5845,308
5846,308
5847,308
5848,308
5849,308
5850,310
5851,310
5852,310
5853,310
5854,310
5855,310
5856,310
5857,310
5858,310
5859,310
5860,310
5861,310
5862,310
5863,310
5864,310
5865,315
5866,315
5867,315
5868,315
5869,315
5870,315
5871,315
5872,315
5873,315
5874,315
5875,315
5876,315
5877,315
5878,315
5879,315
5880,309
5881,309
5882,309
5883,309
5884,309
5885,309
5886,309
5887,309
5888,309
5889,309
5890,309
5891,309
5892,309
5893,309
5894,309
5895,303
5896,303
5897,303
5898,303
5899,303
5900,303
5901,303
5902,303
5903,303
5904,303
5905,303
5906,303
5907,303
5908,303
5909,303
5910,316
5911,316
5912,316
5913,316
5914,316
5915,316
5916,316
5917,316
5918,316
5919,316
5920,316
5921,316
5922,316
5923,316
5924,316
5925,310
5926,310
5927,310
5928,310
5929,310
5930,310
5931,310
5932,310
5933,310
5934,310
5935,310
5936,310
5937,310
5938,310
5939,310
5940,303
5941,303
5942,303
5943,303
5944,303
5945,303
5946,303
5947,303
5948,303
5949,303
5950,303
5951,303
5952,303
5953,303
5954,303
5955,314
5956,314
5957,314
5958,314
5959,314
5960,314
5961,314
5962,314
5963,314
5964,314
5965,314
5966,314
5967,314
5968,314
5969,314
5970,312
5971,312
5972,312
5973,312
5974,312
5975,312
5976,312
5977,312
5978,312
5979,312
5980,312
5981,312
5982,312
5983,312
5984,312
5985,306
5986,306
5987,306
5988,306
5989,306
5990,306
5991,306
5992,306
5993,306
5994,306
5995,306
5996,306
5997,306
5998,306
5999,306
6000,309
6001,309
6002,309
6003,309
6004,309
6005,309
6006,309
6007,309
6008,309
6009,309
6010,309
6011,309
6012,309
6013,309
6014,309
6015,313
6016,313
6017,313
6018,313
6019,313
6020,313
6021,313
6022,313
6023,313
6024,313
6025,313
6026,313
6027,313
6028,313
6029,313
6030,309
6031,309
6032,309
6033,309
6034,309
6035,309
6036,309
6037,309
6038,309
6039,309
6040,309
6041,309
6042,309
6043,309
6044,309
6045,306
6046,306
6047,306
6048,306
6049,306
6050,306
6051,306
6052,306
6053,306
6054,306
6055,306
6056,306
6057,306
6058,306
6059,306
6060,312
6061,312
6062,312
6063,312
6064,312
6065,312
6066,312
6067,312
6068,312
6069,312
6070,312
6071,312
6072,312
6073,312
6074,312
6075,312
6076,312
6077,312
6078,312
6079,312
6080,312
6081,312
6082,312
6083,312
6084,312
6085,312
6086,312
6087,312
6088,312
6089,312
6090,306
6091,306
6092,306
6093,306
6094,306
6095,306
6096,306
6097,306
6098,306
6099,306
6100,306
6101,306
6102,306
6103,306
6104,306
6105,308
6106,308
6107,308
6108,308
6109,308
6110,308
6111,308
6112,308
6113,308
6114,308
6115,308
6116,308
6117,308
6118,308
6119,308
6120,314
6121,314
6122,314
6123,314
6124,314
6125,314
6126,314
6127,314
6128,314
6129,314
6130,314
6131,314
6132,314
6133,314
6134,314
6135,309
6136,309
6137,309
6138,309
6139,309
6140,309
6141,309
6142,309
6143,309
6144,309
6145,309
6146,309
6147,309
6148,309
6149,309
6150,303
6151,303
6152,303
6153,303
6154,303
6155,303
6156,303
6157,303
6158,303
6159,303
6160,303
6161,303
6162,303
6163,303
6164,303
6165,316
6166,316
6167,316
6168,316
6169,316
6170,316
6171,316
6172,316
6173,316
6174,316
6175,316
6176,316
6177,316
6178,316
6179,316
6180,310
6181,310
6182,310
6183,310
6184,310
6185,310
6186,310
6187,310
6188,310
6189,310
6190,310
6191,310
6192,310
6193,310
6194,310
6195,303
6196,303
6197,303
6198,303
6199,303
6200,303
6201,303
6202,303
6203,303
6204,303
6205,303
6206,303
6207,303
6208,303
6209,303
6210,315
6211,315
6212,315
6213,315
6214,315
6215,315
6216,315
6217,315
6218,315
6219,315
6220,315
6221,315
6222,315
6223,315
6224,315
6225,313
6226,313
6227,313
6228,313
6229,313
6230,313
6231,313
6232,313
6233,313
6234,313
6235,313
6236,313
6237,313
6238,313
6239,313
6240,308
6241,308
6242,308
6243,308
6244,308
6245,308
6246,308
6247,308
6248,308
6249,308
6250,308
6251,308
6252,308
6253,308
6254,308
6255,312
6256,312
6257,312
6258,312
6259,312
6260,312
6261,312
6262,312
6263,312
6264,312
6265,312
6266,312
6267,312
6268,312
6269,312
6270,314
6271,314
6272,314
6273,314
6274,314
6275,314
6276,314
6277,314
6278,314
6279,314
6280,314
6281,314
6282,314
6283,314
6284,314
6285,311
6286,311
6287,311
6288,311
6289,311
6290,311
6291,311
6292,311
6293,311
6294,311
6295,311
6296,311
6297,311
6298,311
6299,311
6300,309
6301,309
6302,309
6303,309
6304,309
6305,309
6306,309
6307,309
6308,309
6309,309
6310,309
6311,309
6312,309
6313,309
6314,309
6315,315
6316,315
6317,315
6318,315
6319,315
6320,315
6321,315
6322,315
6323,315
6324,315
6325,315
6326,315
6327,315
6328,315
6329,315
6330,316
6331,316
6332,316
6333,316
6334,316
6335,316
6336,316
6337,316
6338,316
6339,316
6340,316
6341,316
6342,316
6343,316
6344,316
6345,310
6346,310
6347,310
6348,310
6349,310
6350,310
6351,310
6352,310
6353,310
6354,310
6355,310
6356,310
6357,310
6358,310
6359,310
6360,312
6361,312
6362,312
6363,312
6364,312
6365,312
6366,312
6367,312
6368,312
6369,312
6370,312
6371,312
6372,312
6373,312
6374,312
6375,318
6376,318
6377,318
6378,318
6379,318
6380,318
6381,318
6382,318
6383,318
6384,318
6385,318
6386,318
6387,318
6388,318
6389,318
6390,314
6391,314
6392,314
6393,314
6394,314
6395,314
6396,314
6397,314
6398,314
6399,314
6400,314
6401,314
6402,314
6403,314
6404,314
6405,310
6406,310
6407,310
6408,310
6409,310
6410,310
6411,310
6412,310
6413,310
6414,310
6415,310
6416,310
6417,310
6418,310
6419,310
6420,321
6421,321
6422,321
6423,321
6424,321
6425,321
6426,321
6427,321
6428,321
6429,321
6430,321
6431,321
6432,321
6433,321
6434,321
6435,316
6436,316
6437,316
6438,316
6439,316
6440,316
6441,316
6442,316
6443,316
6444,316
6445,316
6446,316
6447,316
6448,316
6449,316
6450,309
6451,309
6452,309
6453,309
6454,309
6455,309
6456,309
6457,309
6458,309
6459,309
6460,309
6461,309
6462,309
6463,309
6464,309
6465,320
6466,320
6467,320
6468,320
6469,320
6470,320
6471,320
6472,320
6473,320
6474,320
6475,320
6476,320
6477,320
6478,320
6479,320
6480,317
6481,317
6482,317
6483,317
6484,317
6485,317
6486,317
6487,317
6488,317
6489,317
6490,317
6491,317
6492,317
6493,317
6494,317
6495,312
6496,312
6497,312
6498,312
6499,312
6500,312
6501,312
6502,312
6503,312
6504,312
6505,312
6506,312
6507,312
6508,312
6509,312
6510,315
6511,315
6512,315
6513,315
6514,315
6515,315
6516,315
6517,315
6518,315
6519,315
6520,315
6521,315
6522,315
6523,315
6524,315
6525,318
6526,318
6527,318
6528,318
6529,318
6530,318
6531,318
6532,318
6533,318
6534,318
6535,318
6536,318
6537,318
6538,318
6539,318
6540,315
6541,315
6542,315
6543,315
6544,315
6545,315
6546,315
6547,315
6548,315
6549,315
6550,315
6551,315
6552,315
6553,315
6554,315
6555,312
6556,312
6557,312
6558,312
6559,312
6560,312
6561,312
6562,312
6563,312
6564,312
6565,312
6566,312
6567,312
6568,312
6569,312
6570,317
6571,317
6572,317
6573,317
6574,317
6575,317
6576,317
6577,317
6578,317
6579,317
6580,317
6581,317
6582,317
6583,317
6584,317
6585,318
6586,318
6587,318
6588,318
6589,318
6590,318
6591,318
6592,318
6593,318
6594,318
6595,318
6596,318
6597,318
6598,318
6599,318
6600,312
6601,312
6602,312
6603,312
6604,312
6605,312
6606,312
6607,312
6608,312
6609,312
6610,312
6611,312
6612,312
6613,312
6614,312
6615,314
6616,314
6617,314
6618,314
6619,314
6620,314
6621,314
6622,314
6623,314
6624,314
6625,314
6626,314
6627,314
6628,314
6629,314
6630,320
6631,320
6632,320
6633,320
6634,320
6635,320
6636,320
6637,320
6638,320
6639,320
6640,320
6641,320
6642,320
6643,320
6644,320
6645,314
6646,314
6647,314
6648,314
6649,314
6650,314
6651,314
6652,314
6653,314
6654,314
6655,314
6656,314
6657,314
6658,314
6659,314
6660,310
6661,310
6662,310
6663,310
6664,310
6665,310
6666,310
6667,310
6668,310
6669,310
6670,310
6671,310
6672,310
6673,310
6674,310
6675,321
6676,321
6677,321
6678,321
6679,321
6680,321
6681,321
6682,321
6683,321
6684,321
6685,321
6686,321
6687,321
6688,321
6689,321
6690,316
6691,316
6692,316
6693,316
6694,316
6695,316
6696,316
6697,316
6698,316
6699,316
6700,316
6701,316
6702,316
6703,316
6704,316
6705,309
6706,309
6707,309
6708,309
6709,309
6710,309
6711,309
6712,309
6713,309
6714,309
6715,309
6716,309
6717,309
6718,309
6719,309
6720,320
6721,320
6722,320
6723,320
6724,320
6725,320
6726,320
6727,320
6728,320
6729,320
6730,320
6731,320
6732,320
6733,320
6734,320
6735,316
6736,316
6737,316
6738,316
6739,316
6740,316
6741,316
6742,316
6743,316
6744,316
6745,316
6746,316
6747,316
6748,316
6749,316
6750,310
6751,310
6752,310
6753,310
6754,310
6755,310
6756,310
6757,310
6758,310
6759,310
6760,310
6761,310
6762,310
6763,310
6764,310
6765,313
6766,313
6767,313
6768,313
6769,313
6770,313
6771,313
6772,313
6773,313
6774,313
6775,313
6776,313
6777,313
6778,313
6779,313
6780,316
6781,316
6782,316
6783,316
6784,316
6785,316
6786,316
6787,316
6788,316
6789,316
6790,316
6791,316
6792,316
6793,316
6794,316
6795,313
6796,313
6797,313
6798,313
6799,313
6800,313
6801,313
6802,313
6803,313
6804,313
6805,313
6806,313
6807,313
6808,313
6809,313
6810,310
6811,310
6812,310
6813,310
6814,310
6815,310
6816,310
6817,310
6818,310
6819,310
6820,310
6821,310
6822,310
6823,310
6824,310
6825,315
6826,315
6827,315
6828,315
6829,315
6830,315
6831,315
6832,315
6833,315
6834,315
6835,315
6836,315
6837,315
6838,315
6839,315
6840,314
6841,314
6842,314
6843,314
6844,314
6845,314
6846,314
6847,314
6848,314
6849,314
6850,314
6851,314
6852,314
6853,314
6854,314
6855,309
6856,309
6857,309
6858,309
6859,309
6860,309
6861,309
6862,309
6863,309
6864,309
6865,309
6866,309
6867,309
6868,309
6869,309
6870,310
6871,310
6872,310
6873,310
6874,310
6875,310
6876,310
6877,310
6878,310
6879,310
6880,310
6881,310
6882,310
6883,310
6884,310
6885,316
6886,316
6887,316
6888,316
6889,316
6890,316
6891,316
6892,316
6893,316
6894,316
6895,316
6896,316
6897,316
6898,316
6899,316
6900,311
6901,311
6902,311
6903,311
6904,311
6905,311
6906,311
6907,311
6908,311
6909,311
6910,311
6911,311
6912,311
6913,311
6914,311
6915,304
6916,304
6917,304
6918,304
6919,304
6920,304
6921,304
6922,304
6923,304
6924,304
6925,304
6926,304
6927,304
6928,304
6929,304
6930,316
6931,316
6932,316
6933,316
6934,316
6935,316
6936,316
6937,316
6938,316
6939,316
6940,316
6941,316
6942,316
6943,316
6944,316
6945,310
6946,310
6947,310
6948,310
6949,310
6950,310
6951,310
6952,310
6953,310
6954,310
6955,310
6956,310
6957,310
6958,310
6959,310
6960,303
6961,303
6962,303
6963,303
6964,303
6965,303
6966,303
6967,303
6968,303
6969,303
6970,303
6971,303
6972,303
6973,303
6974,303
6975,314
6976,314
6977,314
6978,314
6979,314
6980,314
6981,314
6982,314
6983,314
6984,314
6985,314
6986,314
6987,314
6988,314
6989,314
6990,312
6991,312
6992,312
6993,312
6994,312
6995,312
6996,312
6997,312
6998,312
6999,312
7000,312

